/seq2/frame00001.png /seq2/frame00002.png 0 0.05378 0.22801 0.12519 1.0 -0.00151 0.00232 -0.00097
/seq2/frame00001.png /seq2/frame00003.png 0 0.09421 0.26732 0.24405 0.99997 -0.0024 0.00777 -0.00196
/seq2/frame00001.png /seq2/frame00004.png 0 -0.26407 0.03227 0.15191 0.99964 -0.00859 0.02522 0.00191
/seq2/frame00001.png /seq2/frame00005.png 0 -1.36747 -0.01962 0.03712 0.9997 0.00228 0.02311 0.00809
/seq2/frame00001.png /seq2/frame00006.png 0 -2.77825 0.30546 0.03171 0.99982 0.01178 -0.00932 0.01192
/seq2/frame00001.png /seq2/frame00007.png 0 -4.48348 0.89493 0.04605 0.99906 0.01165 -0.00912 0.04085
/seq2/frame00001.png /seq2/frame00008.png 0 -5.94026 1.36344 0.07191 0.99859 0.02115 -0.02011 0.04437
/seq2/frame00001.png /seq2/frame00009.png 0 -7.36001 2.09591 0.461 0.99904 0.0328 -0.01818 0.02247
/seq2/frame00001.png /seq2/frame00010.png 0 -9.04421 2.1098 0.1456 0.99947 -0.00148 -0.00515 0.032
/seq2/frame00001.png /seq2/frame00011.png 0 -10.71299 2.87936 0.19254 0.99961 0.01027 -0.0161 0.0203
/seq2/frame00001.png /seq2/frame00012.png 0 -12.46917 3.15332 0.17508 0.99925 -0.00973 -0.03735 0.00231
/seq2/frame00001.png /seq2/frame00013.png 0 -14.18402 3.85029 0.34156 0.99984 -0.00474 -0.00678 0.0161
/seq2/frame00001.png /seq2/frame00014.png 0 -15.73489 4.12281 0.16713 0.9994 0.00327 -0.03044 0.01643
/seq2/frame00001.png /seq2/frame00015.png 0 -17.60218 4.56911 0.39065 0.99971 -0.00163 -0.01546 0.01824
/seq2/frame00001.png /seq2/frame00016.png 0 -19.34299 4.67671 0.16144 0.99922 0.01773 -0.02492 0.02493
/seq2/frame00001.png /seq2/frame00017.png 0 -21.15918 5.54083 0.35447 0.99748 0.01681 -0.06204 0.03016
/seq2/frame00001.png /seq2/frame00018.png 0 -22.82734 5.3396 0.17825 0.99759 0.00681 -0.05537 0.0413
/seq2/frame00001.png /seq2/frame00019.png 0 -24.58521 5.70058 0.20125 0.99449 0.01252 -0.09879 0.03262
/seq2/frame00001.png /seq2/frame00020.png 0 -26.36801 6.59417 0.31212 0.99135 0.00396 -0.12471 0.04083
/seq2/frame00021.png /seq2/frame00022.png 0 -1.56772 0.22043 -0.03881 0.9992 0.00112 0.00207 -0.03983
/seq2/frame00021.png /seq2/frame00023.png 0 -3.1404 0.57265 -0.08452 0.99791 -0.01301 -0.02191 -0.05946
/seq2/frame00021.png /seq2/frame00024.png 0 -4.59267 1.04814 -0.07084 0.99723 -0.01632 -0.0493 -0.05332
/seq2/frame00021.png /seq2/frame00025.png 0 -5.95603 0.96354 0.10805 0.99963 -0.00679 0.00019 -0.02624
/seq2/frame00021.png /seq2/frame00026.png 0 -6.91413 1.03455 0.19266 0.99853 0.0293 0.03693 -0.02667
/seq2/frame00021.png /seq2/frame00027.png 0 -7.64118 0.77574 -0.03807 0.9967 0.04167 0.04736 -0.051
/seq2/frame00021.png /seq2/frame00028.png 0 -8.28509 0.72417 -0.20145 0.99945 -0.00742 -0.03226 0.00253
/seq2/frame00021.png /seq2/frame00029.png 0 -9.1073 0.45071 0.08716 0.99902 0.01586 -0.01137 -0.03982
/seq2/frame00021.png /seq2/frame00030.png 0 -9.96274 0.68104 -0.10439 0.99641 0.03243 -0.04812 -0.06157
/seq2/frame00021.png /seq2/frame00031.png 0 -10.67431 0.81262 0.08941 0.99364 0.0387 -0.08483 -0.0632
/seq2/frame00021.png /seq2/frame00032.png 0 -10.85494 0.96284 0.0817 0.99167 0.02265 -0.11083 -0.06157
/seq2/frame00021.png /seq2/frame00033.png 0 -11.5685 0.93403 0.03788 0.99655 0.02715 -0.07165 -0.03189
/seq2/frame00021.png /seq2/frame00034.png 0 -12.12035 1.26674 0.05979 0.9934 0.02962 -0.09383 -0.05902
/seq2/frame00021.png /seq2/frame00035.png 0 -12.50556 1.71093 0.01511 0.98853 0.01902 -0.12329 -0.08508
/seq2/frame00021.png /seq2/frame00036.png 0 -13.09578 1.9348 -0.08358 0.98593 0.025 -0.1405 -0.08699
/seq2/frame00021.png /seq2/frame00037.png 0 -13.40513 2.37887 0.20134 0.987 -0.00298 -0.14246 -0.07432
/seq2/frame00021.png /seq2/frame00038.png 0 -14.21265 2.67535 0.15471 0.99114 -0.01866 -0.12847 -0.02806
/seq2/frame00021.png /seq2/frame00039.png 0 -15.20862 3.04089 0.01676 0.99021 -0.01884 -0.1359 -0.02563
/seq2/frame00021.png /seq2/frame00040.png 0 -16.40078 3.46123 0.01285 0.98624 -0.00672 -0.16443 -0.01597
/seq2/frame00041.png /seq2/frame00042.png 0 -1.22931 0.49732 -0.04885 0.99954 -0.01653 -0.02532 0.00321
/seq2/frame00041.png /seq2/frame00043.png 0 -2.77382 0.61511 -0.01371 0.99948 -0.0175 -0.01438 -0.02286
/seq2/frame00041.png /seq2/frame00044.png 0 -4.00253 1.20273 0.11824 0.99778 -0.01654 -0.06327 -0.01272
/seq2/frame00041.png /seq2/frame00045.png 0 -5.64969 1.08129 0.02941 0.9995 0.00383 -0.01503 -0.02768
/seq2/frame00041.png /seq2/frame00046.png 0 -7.10047 1.64935 -0.08125 0.99109 0.0053 -0.12859 -0.03425
/seq2/frame00041.png /seq2/frame00047.png 0 -8.97324 1.89892 0.1114 0.98623 -0.00042 -0.16259 -0.03022
/seq2/frame00041.png /seq2/frame00048.png 0 -10.52559 2.19015 0.09115 0.97951 -0.0361 -0.19813 -0.00332
/seq2/frame00041.png /seq2/frame00049.png 0 -12.13742 2.79015 0.10957 0.97063 -0.02684 -0.23795 -0.02333
/seq2/frame00041.png /seq2/frame00050.png 0 -13.97778 3.10415 -0.00377 0.97489 -0.0142 -0.2222 -0.00483
/seq2/frame00041.png /seq2/frame00051.png 0 -15.6414 3.562 0.19283 0.9543 -0.01919 -0.29806 -0.0105
/seq2/frame00041.png /seq2/frame00052.png 0 -17.38512 4.06736 -0.04257 0.92277 -0.04561 -0.38244 -0.01233
/seq2/frame00041.png /seq2/frame00053.png 0 -19.21374 4.61742 0.06222 0.91367 -0.05288 -0.40278 -0.01372
/seq2/frame00041.png /seq2/frame00054.png 0 -21.06132 4.98328 -0.04713 0.89946 -0.05861 -0.43119 -0.0402
/seq2/frame00041.png /seq2/frame00055.png 0 -23.04942 5.40273 0.03842 0.89888 -0.06147 -0.43342 -0.01968
/seq2/frame00041.png /seq2/frame00056.png 0 -24.81805 5.99494 -0.00491 0.88197 -0.05463 -0.46595 -0.04509
/seq2/frame00041.png /seq2/frame00057.png 0 -26.80391 6.40091 0.08822 0.87034 -0.05091 -0.48901 -0.02819
/seq2/frame00041.png /seq2/frame00058.png 0 -28.73422 6.75437 -0.06499 0.88298 -0.05301 -0.46542 -0.03046
/seq2/frame00041.png /seq2/frame00059.png 0 -30.68074 7.09039 0.02142 0.87365 -0.04628 -0.48153 -0.05223
/seq2/frame00041.png /seq2/frame00060.png 0 -32.67659 7.34843 -0.02171 0.85739 -0.04404 -0.51117 -0.04067
/seq2/frame00061.png /seq3/frame00001.png 0 -20.24366 1.80379 -0.25851 0.98584 -0.03623 -0.15504 0.0526
/seq2/frame00061.png /seq3/frame00002.png 0 -20.03504 1.80967 -0.43132 0.98681 -0.0269 -0.15206 0.04854
/seq2/frame00061.png /seq3/frame00003.png 0 -19.94674 1.97726 -0.27143 0.98722 -0.02616 -0.15195 0.0402
/seq2/frame00061.png /seq3/frame00004.png 0 -19.64424 2.19058 -0.17506 0.98806 -0.01397 -0.15029 0.0309
/seq2/frame00061.png /seq3/frame00005.png 0 -18.70688 2.25696 -0.04247 0.98724 -0.00732 -0.15835 0.01489
/seq2/frame00061.png /seq3/frame00006.png 0 -17.96892 2.08394 -0.05421 0.98289 0.01462 -0.18247 0.02061
/seq2/frame00061.png /seq3/frame00007.png 0 -17.43289 1.86106 -0.28468 0.98635 -0.00463 -0.16285 0.02376
/seq2/frame00061.png /seq3/frame00008.png 0 -16.42783 1.89492 -0.07606 0.98911 -9e-05 -0.14576 0.02038
/seq2/frame00061.png /seq3/frame00009.png 0 -15.84581 1.62884 -0.24267 0.99482 0.0034 -0.10108 0.01049
/seq2/frame00061.png /seq3/frame00010.png 0 -15.02099 1.66526 -0.07938 0.99492 0.00402 -0.09996 0.0116
/seq2/frame00061.png /seq3/frame00011.png 0 -14.3724 1.33738 -0.18093 0.99689 0.00571 -0.07684 0.01683
/seq2/frame00061.png /seq3/frame00012.png 0 -13.49705 1.23669 0.07159 0.99595 0.00751 -0.08948 0.00527
/seq2/frame00061.png /seq3/frame00013.png 0 -12.80511 0.99374 -0.18384 0.99577 0.00798 -0.09072 0.01237
/seq2/frame00061.png /seq3/frame00014.png 0 -11.98914 0.94923 -0.01591 0.99583 0.01257 -0.09007 0.00715
/seq2/frame00061.png /seq3/frame00015.png 0 -11.32745 0.55965 -0.32999 0.99674 0.0238 -0.07543 0.01568
/seq2/frame00061.png /seq3/frame00016.png 0 -10.63846 0.34958 -0.12448 0.99686 0.01978 -0.07411 0.01946
/seq2/frame00061.png /seq3/frame00017.png 0 -9.78904 0.17961 -0.20206 0.99871 0.01043 -0.04749 0.01462
/seq2/frame00061.png /seq3/frame00018.png 0 -8.95401 0.19828 -0.10276 0.99919 0.01721 -0.0363 0.00378
/seq2/frame00061.png /seq3/frame00019.png 0 -8.25139 -0.15236 -0.13731 0.99871 0.03435 -0.03346 0.0165
/seq3/frame00020.png /seq3/frame00021.png 0 0.68849 -0.36366 -0.25434 0.99996 -0.00689 -0.0057 -9e-05
/seq3/frame00020.png /seq3/frame00022.png 0 1.56795 -0.27752 -0.08803 0.99996 -0.00226 -0.00515 -0.0066
/seq3/frame00020.png /seq3/frame00023.png 0 2.2005 -0.58191 -0.35292 0.99978 -0.01794 -0.00262 0.01031
/seq3/frame00020.png /seq3/frame00024.png 0 3.10629 -0.51687 -0.0541 0.99977 -0.0187 -0.00464 -0.00939
/seq3/frame00020.png /seq3/frame00025.png 0 3.84944 -0.75313 -0.32796 0.99993 -0.01125 -0.0026 0.00319
/seq3/frame00020.png /seq3/frame00026.png 0 4.55824 -0.93605 -0.18983 0.99974 -0.00954 0.01552 -0.01355
/seq3/frame00020.png /seq3/frame00027.png 0 5.2915 -1.19577 -0.44905 0.99966 0.01099 0.02132 -0.0107
/seq3/frame00020.png /seq3/frame00028.png 0 6.1605 -1.17763 -0.03671 0.99926 0.00574 0.02908 -0.02453
/seq3/frame00020.png /seq3/frame00029.png 0 6.8851 -1.40804 -0.10043 0.99946 -0.01402 0.02808 0.00997
/seq3/frame00020.png /seq3/frame00030.png 0 7.65764 -1.53994 -0.05288 0.99842 -0.02085 0.05166 0.00752
/seq3/frame00020.png /seq3/frame00031.png 0 8.37825 -1.89608 -0.33771 0.99816 -0.00437 0.05931 0.01213
/seq3/frame00020.png /seq3/frame00032.png 0 9.27476 -1.71979 -0.02518 0.99719 -0.01052 0.07358 -0.00985
/seq3/frame00020.png /seq3/frame00033.png 0 9.90047 -2.09144 -0.40358 0.99495 -0.02212 0.09463 0.02506
/seq3/frame00020.png /seq3/frame00034.png 0 10.7078 -2.0271 -0.02088 0.99494 -0.0292 0.09551 0.01058
/seq3/frame00020.png /seq3/frame00035.png 0 11.45139 -2.20423 -0.2428 0.99538 -0.01553 0.09363 0.01457
/seq3/frame00020.png /seq3/frame00036.png 0 12.31874 -2.15472 -0.04829 0.99683 -0.02282 0.07613 0.00285
/seq3/frame00020.png /seq3/frame00037.png 0 13.02486 -2.46857 -0.14129 0.99811 -0.02316 0.0568 -0.00436
/seq3/frame00020.png /seq3/frame00038.png 0 13.81206 -2.46349 -0.10179 0.99849 -0.01186 0.05312 -0.0073
/seq3/frame00020.png /seq3/frame00039.png 0 14.62491 -2.74849 -0.06464 0.99864 -0.00529 0.0504 -0.01215
/seq3/frame00040.png /seq3/frame00041.png 0 0.88819 -0.33604 -0.0059 0.99994 0.00771 0.00084 -0.00782
/seq3/frame00040.png /seq3/frame00042.png 0 1.69208 -0.26255 -0.03025 0.99971 0.00975 0.02188 -0.00023
/seq3/frame00040.png /seq3/frame00043.png 0 2.53809 -0.48508 -0.09127 0.99954 0.0148 0.02629 0.00163
/seq3/frame00040.png /seq3/frame00044.png 0 3.39877 -0.4378 0.05684 0.99874 -0.00264 0.04773 -0.01554
/seq3/frame00040.png /seq3/frame00045.png 0 4.14858 -0.98913 -0.00863 0.99867 0.02638 0.04384 0.0063
/seq3/frame00040.png /seq3/frame00046.png 0 4.96698 -0.8073 0.13886 0.99821 0.00399 0.05927 -0.00716
/seq3/frame00040.png /seq3/frame00047.png 0 5.77522 -1.25184 -0.05539 0.99733 0.01403 0.07162 0.00166
/seq3/frame00040.png /seq3/frame00048.png 0 6.584 -1.17208 0.1055 0.99702 0.00587 0.07688 -0.00066
/seq3/frame00040.png /seq3/frame00049.png 0 7.33348 -1.58655 -0.09773 0.99755 0.01203 0.06759 0.01365
/seq3/frame00040.png /seq3/frame00050.png 0 8.03798 -1.64346 0.02388 0.99676 3e-05 0.07838 0.01827
/seq3/frame00040.png /seq3/frame00051.png 0 8.90189 -1.91184 -0.18288 0.99489 0.00689 0.10068 0.00138
/seq3/frame00040.png /seq3/frame00052.png 0 9.61596 -1.84668 0.09994 0.9907 -0.0061 0.13327 -0.02692
/seq3/frame00040.png /seq3/frame00053.png 0 10.36588 -2.16887 -0.05353 0.9848 0.0167 0.17229 -0.01447
/seq3/frame00040.png /seq3/frame00054.png 0 11.11559 -2.32094 0.31855 0.98183 0.02162 0.18849 -0.00471
/seq3/frame00040.png /seq3/frame00055.png 0 11.92625 -2.40478 0.01283 0.98254 0.0256 0.18206 0.02842
/seq3/frame00040.png /seq3/frame00056.png 0 12.55009 -2.57464 0.18693 0.97249 0.02677 0.22909 0.03268
/seq3/frame00040.png /seq3/frame00057.png 0 13.4783 -2.9138 0.12681 0.97094 0.03412 0.23296 0.04291
/seq3/frame00040.png /seq3/frame00058.png 0 14.12114 -2.97069 0.34313 0.97506 0.02942 0.21754 0.03256
/seq3/frame00040.png /seq3/frame00059.png 0 14.89882 -3.2366 -0.20989 0.97288 0.03182 0.22265 0.05411
/seq3/frame00060.png /seq3/frame00061.png 0 0.70693 -0.16249 0.04319 0.99987 -0.00934 -0.01305 0.00102
/seq3/frame00060.png /seq3/frame00062.png 0 1.47396 -0.35535 0.08901 0.99988 0.01084 -0.01065 0.00384
/seq3/frame00060.png /seq3/frame00063.png 0 2.28129 -0.6556 -0.22585 0.99984 0.00515 0.00339 0.01703
/seq3/frame00060.png /seq3/frame00064.png 0 2.98918 -0.93052 0.11449 0.99951 -0.00365 0.03088 0.00444
/seq3/frame00060.png /seq3/frame00065.png 0 3.76159 -1.17978 -0.06312 0.99757 -0.00925 0.06887 0.00564
/seq3/frame00060.png /seq3/frame00066.png 0 4.39475 -1.30036 -0.05605 0.99588 -0.00365 0.08993 -0.01121
/seq3/frame00060.png /seq3/frame00067.png 0 5.51462 -1.66241 -0.08912 0.99583 -0.01361 0.09013 -0.00249
/seq3/frame00060.png /seq3/frame00068.png 0 6.25018 -1.81382 -0.02944 0.98734 0.011 0.15809 -0.00662
/seq3/frame00060.png /seq3/frame00069.png 0 7.11992 -2.03807 -0.03333 0.97176 0.01833 0.23508 0.00917
/seq3/frame00060.png /seq3/frame00070.png 0 7.65873 -2.13247 -0.22182 0.97837 0.04929 0.20068 0.00919
/seq3/frame00060.png /seq3/frame00071.png 0 8.53699 -2.3447 -0.34507 0.9842 0.04218 0.16894 0.03209
/seq3/frame00060.png /seq3/frame00072.png 0 9.52955 -2.43492 -0.01369 0.98229 0.03807 0.18345 0.00327
/seq3/frame00060.png /seq3/frame00073.png 0 10.34648 -2.62209 -0.10346 0.98382 0.0179 0.17822 0.00458
/seq3/frame00060.png /seq3/frame00074.png 0 10.85862 -2.77758 -0.07752 0.98195 0.02121 0.18755 0.01198
/seq3/frame00060.png /seq3/frame00075.png 0 11.7069 -2.94436 -0.14368 0.98097 0.02036 0.19306 -0.00129
/seq3/frame00060.png /seq3/frame00076.png 0 12.32395 -3.09028 -0.14588 0.9803 0.03493 0.19442 -0.00036
/seq3/frame00060.png /seq3/frame00077.png 0 13.14866 -3.21983 -0.03995 0.97851 0.00066 0.2052 0.02017
/seq3/frame00060.png /seq3/frame00078.png 0 13.88908 -3.27644 -0.03532 0.9765 0.01565 0.21421 0.01769
/seq3/frame00060.png /seq3/frame00079.png 0 14.92032 -3.57923 -0.16359 0.9672 0.02312 0.25275 0.01022
/seq3/frame00080.png /seq3/frame00081.png 0 0.92859 -0.25136 -0.27396 0.99882 0.02063 -0.03099 0.03124
/seq3/frame00080.png /seq3/frame00082.png 0 1.7825 -0.22206 0.01844 0.99958 0.01763 -0.01898 0.01266
/seq3/frame00080.png /seq3/frame00083.png 0 2.75102 -0.57636 0.28649 0.99952 0.01899 -0.00713 0.02361
/seq3/frame00080.png /seq3/frame00084.png 0 3.50908 -0.59614 0.17901 0.99949 0.02219 0.01212 0.01971
/seq3/frame00080.png /seq3/frame00085.png 0 4.34325 -0.92189 -0.01781 0.99929 0.01169 -0.02539 0.02537
/seq3/frame00080.png /seq3/frame00086.png 0 5.25323 -1.06011 0.074 0.99804 0.04248 0.03901 0.02423
/seq3/frame00080.png /seq3/frame00087.png 0 6.23217 -1.43531 0.17991 0.99738 0.04914 0.05196 0.01059
/seq3/frame00080.png /seq3/frame00088.png 0 6.81474 -1.38108 0.14099 0.99433 0.04716 0.09434 -0.0135
/seq3/frame00080.png /seq3/frame00089.png 0 7.80364 -1.23653 0.09407 0.99125 0.05572 0.11799 -0.01978
/seq3/frame00080.png /seq3/frame00090.png 0 8.15695 -1.4826 0.0142 0.99053 0.04889 0.12102 -0.04263
/seq3/frame00080.png /seq3/frame00091.png 0 9.40215 -1.80623 0.07032 0.99062 0.04157 0.12961 -0.01234
/seq3/frame00080.png /seq3/frame00092.png 0 10.21579 -1.89947 0.22068 0.98858 0.05526 0.13717 -0.02906
/seq3/frame00080.png /seq3/frame00093.png 0 11.10023 -2.19712 -0.02155 0.98677 0.05437 0.1489 -0.03414
/seq3/frame00080.png /seq3/frame00094.png 0 11.54673 -2.06161 -0.09422 0.98886 0.06302 0.11981 -0.06195
/seq3/frame00080.png /seq3/frame00095.png 0 12.41194 -2.28437 0.28095 0.98762 0.05459 0.1202 -0.08473
/seq3/frame00080.png /seq3/frame00096.png 0 13.00911 -2.61062 -0.07099 0.98955 0.05378 0.11996 -0.05932
/seq3/frame00080.png /seq3/frame00097.png 0 13.85458 -2.66226 0.34997 0.98737 0.03429 0.13712 -0.07151
/seq3/frame00080.png /seq3/frame00098.png 0 14.48149 -2.88104 -0.06693 0.98878 0.04976 0.11932 -0.07477
/seq3/frame00080.png /seq3/frame00099.png 0 15.09371 -3.26926 -0.04266 0.9959 0.03321 0.05527 -0.06348
/seq3/frame00100.png /seq3/frame00101.png 0 0.75071 -0.42031 -0.08838 0.99972 -0.00979 0.01878 0.0107
/seq3/frame00100.png /seq3/frame00102.png 0 1.21241 -0.51052 -0.38231 0.99973 -0.00177 -0.02323 0.00049
/seq3/frame00100.png /seq3/frame00103.png 0 2.28895 -0.88663 0.07518 0.99944 0.00065 -0.03316 -0.0039
/seq3/frame00100.png /seq3/frame00104.png 0 3.3181 -0.8696 0.13325 0.99983 -0.00116 0.01249 -0.01337
/seq3/frame00100.png /seq3/frame00105.png 0 3.82977 -1.49746 0.09988 0.99622 0.03151 0.07709 0.02473
/seq3/frame00100.png /seq3/frame00106.png 0 4.55155 -1.87847 0.12281 0.99355 0.02797 0.10932 -0.01159
/seq3/frame00100.png /seq3/frame00107.png 0 5.39114 -1.41262 0.52684 0.99456 0.0359 0.09778 -0.0016
/seq3/frame00100.png /seq3/frame00108.png 0 5.86356 -1.77832 -0.34855 0.99722 0.0433 0.05978 -0.01048
/seq3/frame00100.png /seq3/frame00109.png 0 6.71784 -1.86182 0.10878 0.99618 0.02786 0.08266 0.00333
/seq3/frame00100.png /seq3/frame00110.png 0 7.1637 -2.25594 -0.0597 0.99788 -0.00396 0.064 -0.01154
/seq3/frame00100.png /seq3/frame00111.png 0 8.31999 -2.2354 -0.29289 0.99971 0.00319 0.02366 0.00232
/seq3/frame00100.png /seq3/frame00112.png 0 8.783 -2.33093 -0.00059 0.99941 -0.00233 0.03412 0.00048
/seq3/frame00100.png /seq3/frame00113.png 0 9.85386 -2.79824 -0.14906 0.99721 0.0228 0.07111 0.00094
/seq3/frame00100.png /seq3/frame00114.png 0 10.21473 -3.03715 -0.187 0.99607 0.01736 0.08572 -0.01395
/seq3/frame00100.png /seq3/frame00115.png 0 11.11563 -3.77323 -0.32041 0.98965 0.02781 0.13973 0.01707
/seq3/frame00100.png /seq3/frame00116.png 0 11.98938 -3.49701 -0.2974 0.98996 0.01836 0.14011 0.0023
/seq3/frame00100.png /seq3/frame00117.png 0 12.35666 -3.66497 -0.18591 0.99644 -0.00452 0.0841 0.00192
/seq3/frame00100.png /seq3/frame00118.png 0 13.04289 -4.26608 -0.45538 0.99694 0.01727 0.07607 -0.00405
/seq3/frame00100.png /seq3/frame00119.png 0 14.05091 -3.97431 -0.3072 0.99848 0.00119 0.05439 -0.00892
/seq3/frame00120.png /seq3/frame00121.png 0 0.74752 -0.25287 -0.08536 0.99996 -0.00825 0.00171 0.00385
/seq3/frame00120.png /seq3/frame00122.png 0 1.52997 -0.45591 0.07437 0.99878 0.00812 0.04751 -0.01079
/seq3/frame00120.png /seq3/frame00123.png 0 2.28218 -0.43813 -0.14575 0.99963 0.00721 0.02594 0.0048
/seq3/frame00120.png /seq3/frame00124.png 0 3.00908 -0.82512 -0.2074 0.99989 0.0106 -0.00184 -0.01018
/seq3/frame00120.png /seq3/frame00125.png 0 3.92316 -0.49389 0.18394 0.99953 0.02629 -0.00384 -0.01513
/seq3/frame00120.png /seq3/frame00126.png 0 4.25938 -1.12593 -0.22951 0.99935 0.02252 -0.01983 -0.02015
/seq3/frame00120.png /seq3/frame00127.png 0 4.84009 -1.70277 -0.03951 0.99793 0.00233 -0.06388 0.00682
/seq3/frame00120.png /seq3/frame00128.png 0 5.8171 -1.60153 -0.10953 1.0 -0.00046 -0.0026 0.00089
/seq3/frame00120.png /seq3/frame00129.png 0 6.71976 -1.37703 -0.10108 0.99961 -0.01271 0.02154 0.0124
/seq3/frame00120.png /seq3/frame00130.png 0 7.47511 -1.96373 -0.10692 0.99756 -0.00038 0.06912 0.00997
/seq3/frame00120.png /seq3/frame00131.png 0 8.02448 -1.8214 -0.25521 0.99689 0.01653 0.0766 -0.00867
/seq3/frame00120.png /seq3/frame00132.png 0 9.10512 -2.10889 0.09838 0.99321 0.03188 0.1113 -0.01131
/seq3/frame00120.png /seq3/frame00133.png 0 9.56974 -2.19488 0.04494 0.99725 0.02917 0.06797 -0.00503
/seq3/frame00120.png /seq3/frame00134.png 0 10.4331 -2.9711 -0.12648 0.99125 0.04678 0.11298 -0.04972
/seq3/frame00120.png /seq3/frame00135.png 0 11.07216 -2.42257 -0.14736 0.99741 0.03394 0.05413 -0.03315
/seq3/frame00120.png /seq3/frame00136.png 0 11.95294 -3.00991 0.11317 0.99412 0.02672 0.09484 -0.04494
/seq3/frame00120.png /seq3/frame00137.png 0 12.59283 -3.26625 -0.2732 0.99749 0.02908 0.06325 -0.01259
/seq3/frame00120.png /seq3/frame00138.png 0 13.39891 -3.23647 -0.23633 0.99724 0.04325 0.05747 -0.01866
/seq3/frame00120.png /seq3/frame00139.png 0 14.14039 -3.70861 -0.20175 0.99824 0.03979 0.04175 -0.01399
/seq3/frame00140.png /seq3/frame00141.png 0 0.77584 -0.21477 -0.01512 0.9989 -0.02588 0.0378 0.01049
/seq3/frame00140.png /seq3/frame00142.png 0 1.46421 -0.3288 -0.09174 0.99787 -0.04296 0.04149 0.02613
/seq3/frame00140.png /seq3/frame00143.png 0 2.1682 -0.41957 -0.39555 0.99908 -0.03099 -0.00238 0.02965
/seq3/frame00140.png /seq3/frame00144.png 0 3.00906 -0.71347 -0.02916 0.99926 -0.03343 0.00215 0.01866
/seq3/frame00140.png /seq3/frame00145.png 0 3.53121 -0.52983 -0.41943 0.9968 -0.05413 -0.05093 0.02957
/seq3/frame00140.png /seq3/frame00146.png 0 4.30287 -1.01462 -0.01753 0.99876 -0.02481 -0.04235 0.00844
/seq3/frame00140.png /seq3/frame00147.png 0 5.08417 -0.84767 -0.57477 0.99299 -0.01592 -0.11514 0.02166
/seq3/frame00140.png /seq3/frame00148.png 0 5.46157 -1.63948 -0.78867 0.99388 -0.01532 -0.10064 0.04285
/seq3/frame00140.png /seq3/frame00149.png 0 6.25707 -2.10878 -0.26279 0.99556 -0.02332 -0.08383 0.03588
/seq3/frame00140.png /seq3/frame00150.png 0 7.30623 -2.7408 0.29503 0.99671 -0.02527 -0.06885 0.03445
/seq3/frame00140.png /seq3/frame00151.png 0 7.34952 -2.20873 -1.05001 0.98652 -0.0326 -0.15056 0.05529
/seq3/frame00140.png /seq3/frame00152.png 0 8.17732 -3.49913 0.08383 0.9738 -0.04849 -0.21451 0.05791
/seq3/frame00140.png /seq3/frame00153.png 0 8.61947 -3.38452 0.06086 0.97968 -0.01307 -0.19622 0.03943
/seq3/frame00140.png /seq3/frame00154.png 0 9.41544 -3.9212 -0.15141 0.98074 -0.04156 -0.18989 0.01897
/seq3/frame00140.png /seq3/frame00155.png 0 10.2296 -3.01099 -0.38698 0.98374 -0.00665 -0.17728 0.02806
/seq3/frame00140.png /seq3/frame00156.png 0 10.80178 -4.7231 0.00234 0.98736 -0.04261 -0.15264 0.00094
/seq3/frame00140.png /seq3/frame00157.png 0 11.41825 -5.25692 0.35951 0.99064 -0.03366 -0.13221 -0.00537
/seq3/frame00140.png /seq3/frame00158.png 0 11.81109 -5.4674 -0.14714 0.98444 -0.04783 -0.16566 0.03374
/seq3/frame00140.png /seq3/frame00159.png 0 12.55939 -5.30913 -0.00543 0.99344 -0.04888 -0.09796 0.03295
/seq3/frame00160.png /seq3/frame00161.png 0 0.7839 0.34491 -0.67621 0.9977 -0.01172 0.06683 -0.00086
/seq3/frame00160.png /seq3/frame00162.png 0 0.82732 -0.21573 -0.27391 0.99814 -0.01315 0.05877 0.00931
/seq3/frame00160.png /seq3/frame00163.png 0 1.6449 -0.35449 -1.16124 0.99939 -0.01273 0.0322 0.00451
/seq3/frame00160.png /seq3/frame00164.png 0 2.43615 0.33137 -0.38985 0.99783 0.01779 -0.06209 0.01275
/seq3/frame00160.png /seq3/frame00165.png 0 3.59235 -0.66325 0.43845 0.99924 0.02824 0.02496 0.00971
/seq3/frame00160.png /seq3/frame00166.png 0 4.10112 0.15088 0.38352 0.99909 0.02166 0.03425 0.01353
/seq3/frame00160.png /seq3/frame00167.png 0 4.93302 -0.47087 -0.50607 0.99516 0.01997 0.09533 0.01275
/seq3/frame00160.png /seq3/frame00168.png 0 5.38375 0.05865 0.79209 0.99227 0.06043 0.10588 0.02319
/seq3/frame00160.png /seq3/frame00169.png 0 6.11088 -0.18953 -0.06313 0.98286 0.06045 0.17407 0.00592
/seq3/frame00160.png /seq3/frame00170.png 0 6.57156 -0.24996 -0.77657 0.99138 0.05685 0.11808 -0.00079
/seq3/frame00160.png /seq3/frame00171.png 0 7.66904 -0.22474 0.12154 0.99459 0.099 0.03128 -0.00388
/seq3/frame00160.png /seq3/frame00172.png 0 7.75408 -0.13803 -0.00833 0.99466 0.08151 0.05884 -0.0232
/seq3/frame00160.png /seq3/frame00173.png 0 8.90065 0.17333 -0.22358 0.98116 0.08289 0.1745 -0.00179
/seq3/frame00160.png /seq3/frame00174.png 0 9.07832 0.24324 -0.26726 0.98079 0.05169 0.18797 0.00659
/seq3/frame00160.png /seq3/frame00175.png 0 10.04565 0.4751 -0.10651 0.98015 0.06449 0.18723 0.00959
/seq3/frame00160.png /seq3/frame00176.png 0 10.24052 0.66537 -0.29675 0.98353 0.02805 0.17839 -0.00742
/seq3/frame00160.png /seq3/frame00177.png 0 10.84632 0.69883 -0.24799 0.98342 0.04773 0.17482 0.00717
/seq3/frame00160.png /seq3/frame00178.png 0 11.44614 0.71312 -1.03815 0.9874 0.04852 0.15038 0.00871
/seq3/frame00160.png /seq3/frame00179.png 0 10.1756 1.56302 -4.20534 0.99746 0.04405 -0.02314 0.05088
/seq7/frame00001.png /seq7/frame00002.png 0 0.12692 0.10052 -0.17243 0.99999 0.00275 0.00352 0.0017
/seq7/frame00001.png /seq7/frame00003.png 0 0.11103 0.13993 -0.03329 0.99997 -0.00141 0.0076 0.00082
/seq7/frame00001.png /seq7/frame00004.png 0 0.35989 0.24916 0.04361 0.9998 0.00138 0.01688 0.01084
/seq7/frame00001.png /seq7/frame00005.png 0 0.78585 0.39709 0.10415 0.99917 0.00772 0.02121 0.03388
/seq7/frame00001.png /seq7/frame00006.png 0 1.53484 0.60723 0.07783 0.99922 9e-05 0.0251 0.03059
/seq7/frame00001.png /seq7/frame00007.png 0 2.2045 0.75424 0.03198 0.9993 0.0046 0.01881 0.03211
/seq7/frame00001.png /seq7/frame00008.png 0 2.92702 1.15098 0.2385 0.9973 0.00706 0.07029 0.02002
/seq7/frame00001.png /seq7/frame00009.png 0 3.46363 1.12792 0.12225 0.99783 0.00819 0.05476 0.03572
/seq7/frame00001.png /seq7/frame00010.png 0 4.08767 1.15533 -0.04063 0.99704 0.00986 0.06375 0.04181
/seq7/frame00001.png /seq7/frame00011.png 0 4.92743 1.66098 0.22653 0.99694 0.01046 0.06985 0.03341
/seq7/frame00001.png /seq7/frame00012.png 0 5.59599 1.78835 0.06769 0.99698 0.00726 0.05353 0.05579
/seq7/frame00001.png /seq7/frame00013.png 0 6.21142 1.88516 -0.11557 0.99698 0.00493 0.06162 0.04697
/seq7/frame00001.png /seq7/frame00014.png 0 6.9633 2.1474 -0.20527 0.997 0.00651 0.0592 0.04938
/seq7/frame00001.png /seq7/frame00015.png 0 7.69915 2.42448 -0.03398 0.99337 0.01371 0.10084 0.05351
/seq7/frame00001.png /seq7/frame00016.png 0 8.5006 2.43106 0.01582 0.99535 0.00776 0.07387 0.06128
/seq7/frame00001.png /seq7/frame00017.png 0 9.26896 2.56096 -0.08193 0.99444 -0.00869 0.09532 0.04399
/seq7/frame00001.png /seq7/frame00018.png 0 9.84503 2.70565 0.01359 0.99467 -0.00165 0.08455 0.05899
/seq7/frame00001.png /seq7/frame00019.png 0 10.65153 2.76808 0.01432 0.99482 -0.00259 0.08304 0.05861
/seq7/frame00001.png /seq7/frame00020.png 0 11.54211 2.74384 -0.08616 0.99698 -0.00138 0.05134 0.05827
/seq7/frame00021.png /seq7/frame00022.png 0 0.74974 -0.136 0.18783 0.9996 -0.00546 -0.00834 0.02632
/seq7/frame00021.png /seq7/frame00023.png 0 1.51337 -0.33359 0.32192 0.99989 -0.00161 -0.0036 0.01404
/seq7/frame00021.png /seq7/frame00024.png 0 2.10859 -0.92004 0.18383 0.99681 -0.01213 -0.07781 0.0129
/seq7/frame00021.png /seq7/frame00025.png 0 3.15856 -1.1052 0.28272 0.99787 -0.00798 -0.05659 -0.03131
/seq7/frame00021.png /seq7/frame00026.png 0 3.83947 -1.48181 0.19934 0.99497 -0.00276 -0.09074 -0.04245
/seq7/frame00021.png /seq7/frame00027.png 0 4.56068 -1.83508 0.23748 0.99828 -0.00171 -0.04514 -0.03735
/seq7/frame00021.png /seq7/frame00028.png 0 5.29965 -2.22323 0.27157 0.99882 -0.00539 -0.04333 -0.02143
/seq7/frame00021.png /seq7/frame00029.png 0 5.88662 -2.65154 0.12537 0.99952 0.00068 0.00204 -0.0308
/seq7/frame00021.png /seq7/frame00030.png 0 6.68468 -2.89453 0.27319 0.99938 0.01318 0.02955 -0.01403
/seq7/frame00021.png /seq7/frame00031.png 0 7.30971 -3.26962 0.36612 0.9974 0.005 0.07066 -0.01322
/seq7/frame00021.png /seq7/frame00032.png 0 8.19392 -3.64642 0.37382 0.99955 0.01164 0.00886 -0.02616
/seq7/frame00021.png /seq7/frame00033.png 0 8.96202 -3.82154 0.32871 0.99879 0.02232 0.01709 -0.04037
/seq7/frame00021.png /seq7/frame00034.png 0 9.77909 -3.96747 0.38376 0.99868 0.03145 0.00733 -0.03984
/seq7/frame00021.png /seq7/frame00035.png 0 10.40455 -4.25514 0.27077 0.99776 0.03462 0.03701 -0.04374
/seq7/frame00021.png /seq7/frame00036.png 0 11.3274 -4.2916 0.55023 0.99785 0.04086 0.04127 -0.03039
/seq7/frame00021.png /seq7/frame00037.png 0 11.9956 -4.5567 0.28111 0.99819 0.03149 0.04966 -0.01277
/seq7/frame00021.png /seq7/frame00038.png 0 12.91685 -4.47598 0.40743 0.99889 0.03163 0.02942 -0.01861
/seq7/frame00021.png /seq7/frame00039.png 0 13.63708 -4.69573 0.26251 0.99899 0.03163 0.02819 -0.01497
/seq7/frame00021.png /seq7/frame00040.png 0 14.4803 -4.73161 0.31236 0.99904 0.03766 0.01713 -0.01422
/seq7/frame00041.png /seq7/frame00042.png 0 0.82799 0.1091 0.06903 0.99993 -0.00579 -0.00705 -0.00744
/seq7/frame00041.png /seq7/frame00043.png 0 1.60012 -0.13187 -0.12005 0.99942 0.01094 0.02945 -0.01319
/seq7/frame00041.png /seq7/frame00044.png 0 2.44604 -0.06154 0.01584 0.99965 0.0014 0.02642 -0.00189
/seq7/frame00041.png /seq7/frame00045.png 0 3.11795 -0.26876 -0.00866 0.99746 0.01172 0.07023 -0.00023
/seq7/frame00041.png /seq7/frame00046.png 0 3.92753 -0.26966 0.14701 0.99717 0.01322 0.0727 0.01393
/seq7/frame00041.png /seq7/frame00047.png 0 4.68745 -0.64659 -0.0554 0.99641 0.0066 0.08319 0.01397
/seq7/frame00041.png /seq7/frame00048.png 0 5.43881 -0.8407 0.17302 0.99487 0.01534 0.0983 0.0181
/seq7/frame00041.png /seq7/frame00049.png 0 6.14512 -1.20338 0.04411 0.99355 0.00995 0.11267 0.00806
/seq7/frame00041.png /seq7/frame00050.png 0 6.93282 -1.46292 0.08244 0.99542 0.01894 0.09249 0.01506
/seq7/frame00041.png /seq7/frame00051.png 0 7.56753 -1.76401 0.0862 0.99313 0.02186 0.11496 0.00127
/seq7/frame00041.png /seq7/frame00052.png 0 8.27796 -1.93186 0.08222 0.99277 0.02757 0.11678 -0.00048
/seq7/frame00041.png /seq7/frame00053.png 0 9.06102 -2.22583 -0.04782 0.98932 0.03024 0.14233 0.00823
/seq7/frame00041.png /seq7/frame00054.png 0 9.62117 -2.31462 0.01514 0.98361 0.03539 0.17585 0.01827
/seq7/frame00041.png /seq7/frame00055.png 0 10.40023 -2.53595 0.06713 0.98483 0.02648 0.17073 0.01607
/seq7/frame00041.png /seq7/frame00056.png 0 11.21301 -2.49659 0.17189 0.98298 0.01954 0.1822 0.01314
/seq7/frame00041.png /seq7/frame00057.png 0 11.97403 -2.72925 -0.02136 0.98595 0.03425 0.16336 0.00672
/seq7/frame00041.png /seq7/frame00058.png 0 12.86041 -2.73709 0.04165 0.9842 0.04744 0.17054 0.00289
/seq7/frame00041.png /seq7/frame00059.png 0 13.54247 -2.94867 -0.05839 0.97972 0.04108 0.19608 -0.00465
/seq7/frame00041.png /seq7/frame00060.png 0 14.29474 -3.02198 0.01555 0.97885 0.04359 0.19924 -0.01616
/seq7/frame00061.png /seq7/frame00062.png 0 0.81114 -0.20024 0.12327 0.99977 0.00887 0.00752 -0.0182
/seq7/frame00061.png /seq7/frame00063.png 0 1.54919 -0.33916 0.13857 0.99977 0.00824 -0.00294 -0.01945
/seq7/frame00061.png /seq7/frame00064.png 0 2.35836 -0.34883 0.23756 0.99979 -0.00296 0.01789 -0.00958
/seq7/frame00061.png /seq7/frame00065.png 0 3.11064 -0.48862 0.23838 0.99981 0.01158 0.01542 -0.00099
/seq7/frame00061.png /seq7/frame00066.png 0 3.96763 -0.57668 0.06212 0.99825 0.03729 0.0441 0.01241
/seq7/frame00061.png /seq7/frame00067.png 0 4.68582 -0.66428 0.07955 0.99724 0.03278 0.06635 0.00618
/seq7/frame00061.png /seq7/frame00068.png 0 5.40745 -0.94204 0.16587 0.99404 0.03834 0.10191 0.00568
/seq7/frame00061.png /seq7/frame00069.png 0 6.19871 -1.00312 -0.06063 0.98867 0.04255 0.14279 0.01824
/seq7/frame00061.png /seq7/frame00070.png 0 6.72046 -1.22801 0.19351 0.97796 0.05671 0.20095 0.00161
/seq7/frame00061.png /seq7/frame00071.png 0 7.62493 -1.46706 0.31191 0.97764 0.04765 0.20474 0.00517
/seq7/frame00061.png /seq7/frame00072.png 0 8.40275 -1.77938 0.04597 0.97156 0.05119 0.2312 0.00083
/seq7/frame00061.png /seq7/frame00073.png 0 9.09548 -1.95129 0.1763 0.96508 0.05653 0.25577 0.00203
/seq7/frame00061.png /seq7/frame00074.png 0 9.72398 -2.3356 0.16018 0.96876 0.05031 0.2426 -0.01053
/seq7/frame00061.png /seq7/frame00075.png 0 10.21487 -2.60821 0.35638 0.96321 0.07835 0.25705 -0.0049
/seq7/frame00061.png /seq7/frame00076.png 0 11.11597 -2.98058 0.21326 0.96577 0.05926 0.25146 -0.02345
/seq7/frame00061.png /seq7/frame00077.png 0 11.64905 -3.26823 0.42571 0.96593 0.05245 0.25324 -0.01029
/seq7/frame00061.png /seq7/frame00078.png 0 12.37222 -3.73125 0.20897 0.9544 0.0553 0.29336 0.00129
/seq7/frame00061.png /seq7/frame00079.png 0 13.03002 -3.93569 0.37411 0.96227 0.0463 0.26709 0.02347
/seq7/frame00061.png /seq7/frame00080.png 0 13.6897 -4.16756 0.24899 0.94775 0.03555 0.31691 0.00852
/seq7/frame00081.png /seq7/frame00082.png 0 0.92719 -0.17288 0.00198 0.99969 -0.00712 0.02314 -0.00626
/seq7/frame00081.png /seq7/frame00083.png 0 1.70667 -0.26777 0.05027 0.99654 0.01468 0.08174 -0.00126
/seq7/frame00081.png /seq7/frame00084.png 0 2.40698 -0.49717 -0.23836 0.99467 0.01102 0.10233 -0.00551
/seq7/frame00081.png /seq7/frame00085.png 0 3.14185 -0.38217 -0.03792 0.99645 0.02398 0.08007 0.0097
/seq7/frame00081.png /seq7/frame00086.png 0 3.96528 -0.26112 0.02798 0.99918 0.02417 0.03231 0.00238
/seq7/frame00081.png /seq7/frame00087.png 0 4.8422 -0.05387 0.07471 0.99957 0.00513 0.02758 0.00829
/seq7/frame00081.png /seq7/frame00088.png 0 5.37365 -0.42294 -0.43292 0.99974 0.00318 -0.01314 0.01846
/seq7/frame00081.png /seq7/frame00089.png 0 6.13251 -0.38407 0.1111 0.99882 0.03244 0.03463 0.01073
/seq7/frame00081.png /seq7/frame00090.png 0 7.05583 -0.45794 -0.38465 0.99926 0.02044 -0.01012 0.03112
/seq7/frame00081.png /seq7/frame00091.png 0 7.65389 -0.30097 -0.18651 0.99914 -0.00157 0.01977 0.03642
/seq7/frame00081.png /seq7/frame00092.png 0 8.66509 -0.55521 0.0469 0.99806 -0.00076 0.05267 0.03331
/seq7/frame00081.png /seq7/frame00093.png 0 9.23658 -0.19365 -0.02894 0.99503 0.03185 0.0929 0.01647
/seq7/frame00081.png /seq7/frame00094.png 0 9.93828 0.34374 -0.0684 0.99692 0.0486 0.06141 0.00359
/seq7/frame00081.png /seq7/frame00095.png 0 10.29403 0.55039 -0.12076 0.99632 0.04281 0.07397 -0.00684
/seq7/frame00081.png /seq7/frame00096.png 0 10.99576 1.0219 -0.12949 0.99747 0.04453 0.05529 0.00372
/seq7/frame00081.png /seq7/frame00097.png 0 11.64123 1.26133 -0.18919 0.98813 0.05238 0.14366 -0.01489
/seq7/frame00081.png /seq7/frame00098.png 0 12.15389 1.92147 -0.20388 0.98334 0.07648 0.16483 -0.00382
/seq7/frame00081.png /seq7/frame00099.png 0 12.69606 2.55268 -0.19689 0.96957 0.08956 0.22629 -0.02661
/seq7/frame00081.png /seq7/frame00100.png 0 12.79594 2.9126 -0.35288 0.97223 0.08646 0.21422 -0.03754
