/seq_03/frame_00001.png /seq_03/frame_00002.png 0.03332 -0.02792 0.00895 0.99988 0.01373 0.00488 0.00577
/seq_03/frame_00001.png /seq_03/frame_00003.png 0.03332 -0.02792 0.00895 0.99988 0.01373 0.00488 0.00577
/seq_03/frame_00001.png /seq_03/frame_00004.png 0.05358 -0.06511 0.01793 0.99986 0.00764 0.008 0.01286
/seq_03/frame_00001.png /seq_03/frame_00005.png 0.0471 -0.07494 0.0221 0.99982 0.00715 0.00606 0.01663
/seq_03/frame_00001.png /seq_03/frame_00006.png 0.0471 -0.07494 0.0221 0.99982 0.00715 0.00606 0.01663
/seq_03/frame_00001.png /seq_03/frame_00007.png 0.03605 -0.08142 0.02852 0.99974 0.01178 -0.0006 0.01936
/seq_03/frame_00001.png /seq_03/frame_00008.png 0.03605 -0.08142 0.02852 0.99974 0.01178 -0.0006 0.01936
/seq_03/frame_00001.png /seq_03/frame_00009.png 0.02437 -0.08614 0.03512 0.99962 0.00688 -0.00431 0.02646
/seq_03/frame_00001.png /seq_03/frame_00010.png 0.01051 -0.09759 0.03869 0.99952 -0.00762 -0.01384 0.0268
/seq_03/frame_00001.png /seq_03/frame_00011.png 0.00023 -0.10768 0.04065 0.99939 -0.00555 -0.01195 0.03238
/seq_03/frame_00001.png /seq_03/frame_00012.png -0.01161 -0.11972 0.0422 0.99934 -0.00581 -0.01546 0.03244
/seq_03/frame_00001.png /seq_03/frame_00013.png -0.01886 -0.13419 0.04074 0.99948 0.00163 -0.00971 0.03069
/seq_03/frame_00001.png /seq_03/frame_00014.png -0.01404 -0.14995 0.0417 0.99966 0.00783 -0.00506 0.02434
/seq_03/frame_00001.png /seq_03/frame_00015.png -0.01404 -0.14995 0.0417 0.99966 0.00783 -0.00506 0.02434
/seq_03/frame_00001.png /seq_03/frame_00016.png -0.01404 -0.14995 0.0417 0.99966 0.00783 -0.00506 0.02434
/seq_03/frame_00001.png /seq_03/frame_00017.png 0.07332 -0.25361 0.04347 0.99833 0.0571 0.00813 0.00267
/seq_03/frame_00001.png /seq_03/frame_00018.png 0.09018 -0.2722 0.0423 0.99764 0.0678 0.00996 -0.00302
/seq_03/frame_00001.png /seq_03/frame_00019.png 0.12228 -0.30241 0.042 0.99679 0.07906 0.01193 -0.00479
/seq_03/frame_00001.png /seq_03/frame_00020.png 0.13871 -0.318 0.03904 0.99628 0.08488 0.01336 -0.00708
/seq_03/frame_00001.png /seq_03/frame_00021.png 0.15499 -0.33159 0.03392 0.99593 0.08825 0.0156 -0.00936
/seq_03/frame_00001.png /seq_03/frame_00022.png 0.16828 -0.34574 0.02667 0.99571 0.08982 0.0161 -0.01553
/seq_03/frame_00001.png /seq_03/frame_00023.png 0.17616 -0.35609 0.0222 0.99542 0.09024 0.02158 -0.02301
/seq_03/frame_00001.png /seq_03/frame_00024.png 0.18156 -0.39406 0.01293 0.99456 0.08957 0.02794 -0.04527
/seq_03/frame_00001.png /seq_03/frame_00025.png 0.18156 -0.39406 0.01293 0.99456 0.08957 0.02794 -0.04527
/seq_03/frame_00001.png /seq_03/frame_00026.png 0.18934 -0.4674 0.00463 0.99456 0.08116 0.0268 -0.05954
/seq_03/frame_00001.png /seq_03/frame_00027.png 0.19243 -0.503 0.00478 0.99453 0.07946 0.02483 -0.06305
/seq_03/frame_00001.png /seq_03/frame_00028.png 0.19808 -0.53397 0.00718 0.99471 0.07628 0.02564 -0.06389
/seq_03/frame_00001.png /seq_03/frame_00029.png 0.20195 -0.59976 0.01603 0.99448 0.07667 0.02325 -0.06768
/seq_03/frame_00001.png /seq_03/frame_00030.png 0.20195 -0.59976 0.01603 0.99448 0.07667 0.02325 -0.06768
/seq_03/frame_00001.png /seq_03/frame_00031.png 0.19902 -0.65248 0.02922 0.99453 0.08747 0.01882 -0.05382
/seq_03/frame_00001.png /seq_03/frame_00032.png 0.21327 -0.67348 0.03042 0.99413 0.09158 0.01525 -0.05551
/seq_03/frame_00001.png /seq_03/frame_00033.png 0.24378 -0.70054 0.0333 0.9923 0.10971 0.02119 -0.05341
/seq_03/frame_00001.png /seq_03/frame_00034.png 0.32628 -0.76222 0.0282 0.98461 0.16569 0.01334 -0.05392
/seq_03/frame_00001.png /seq_03/frame_00035.png 0.32628 -0.76222 0.0282 0.98461 0.16569 0.01334 -0.05392
/seq_03/frame_00001.png /seq_03/frame_00036.png 0.38734 -0.80695 0.02416 0.97905 0.19515 0.01519 -0.05608
/seq_03/frame_00001.png /seq_03/frame_00037.png 0.41051 -0.82251 0.02518 0.97651 0.20881 0.01653 -0.05054
/seq_03/frame_00001.png /seq_03/frame_00038.png 0.42897 -0.83268 0.02451 0.97475 0.21809 0.01244 -0.04637
/seq_03/frame_00001.png /seq_03/frame_00039.png 0.4468 -0.8424 0.01848 0.97121 0.23343 0.01066 -0.04643
/seq_03/frame_00001.png /seq_03/frame_00040.png 0.44424 -0.85394 0.01865 0.96904 0.24204 0.01287 -0.04704
/seq_03/frame_00001.png /seq_03/frame_00041.png 0.44004 -0.87261 0.01755 0.96808 0.24566 0.01241 -0.04816
/seq_03/frame_00001.png /seq_03/frame_00042.png 0.43449 -0.89837 0.01498 0.9669 0.24948 0.01252 -0.05195
/seq_03/frame_00001.png /seq_03/frame_00043.png 0.42234 -0.92775 0.0136 0.96358 0.26143 0.00975 -0.05549
/seq_03/frame_00001.png /seq_03/frame_00044.png 0.38884 -0.99536 0.01488 0.95441 0.29187 0.00741 -0.06216
/seq_03/frame_00001.png /seq_03/frame_00045.png 0.37386 -1.02737 0.01557 0.95175 0.30011 0.00506 -0.06385
/seq_03/frame_00001.png /seq_03/frame_00046.png 0.35897 -1.05693 0.01702 0.94937 0.3072 0.00073 -0.06575
/seq_03/frame_00001.png /seq_03/frame_00047.png 0.34871 -1.07752 0.02193 0.94798 0.3132 0.00419 -0.05674
/seq_03/frame_00001.png /seq_03/frame_00048.png 0.34871 -1.07752 0.02193 0.94798 0.3132 0.00419 -0.05674
/seq_03/frame_00001.png /seq_03/frame_00049.png 0.34871 -1.07752 0.02193 0.94798 0.3132 0.00419 -0.05674
/seq_03/frame_00001.png /seq_03/frame_00050.png 0.36812 -1.14623 0.03805 0.9349 0.35207 0.00187 -0.04471
/seq_03/frame_00051.png /seq_03/frame_00052.png 0.02343 -0.03404 0.01151 0.99946 0.0305 0.00612 0.01094
/seq_03/frame_00051.png /seq_03/frame_00053.png 0.05126 -0.06505 0.01556 0.99813 0.05667 0.0134 0.01882
/seq_03/frame_00051.png /seq_03/frame_00054.png 0.0675 -0.08066 0.01563 0.99741 0.06733 0.01535 0.02026
/seq_03/frame_00051.png /seq_03/frame_00055.png 0.08383 -0.09159 0.0136 0.99685 0.0748 0.01456 0.02188
/seq_03/frame_00051.png /seq_03/frame_00056.png 0.09565 -0.10038 0.01224 0.99648 0.07934 0.01454 0.02303
/seq_03/frame_00051.png /seq_03/frame_00057.png 0.10287 -0.12022 0.01217 0.99654 0.07849 0.01707 0.02135
/seq_03/frame_00051.png /seq_03/frame_00058.png 0.08717 -0.17876 0.00745 0.9958 0.087 0.0219 0.01849
/seq_03/frame_00051.png /seq_03/frame_00059.png 0.07246 -0.22614 0.00713 0.99681 0.07569 0.01614 0.01962
/seq_03/frame_00051.png /seq_03/frame_00060.png 0.0541 -0.275 0.00782 0.99619 0.08382 0.01503 0.01854
/seq_03/frame_00051.png /seq_03/frame_00061.png 0.03362 -0.31724 0.0077 0.99559 0.09127 0.01175 0.01802
/seq_03/frame_00051.png /seq_03/frame_00062.png 0.01425 -0.34954 0.00784 0.99446 0.10213 0.00955 0.02278
/seq_03/frame_00051.png /seq_03/frame_00063.png 0.00107 -0.35415 0.0171 0.99197 0.12029 0.0242 0.03062
/seq_03/frame_00051.png /seq_03/frame_00064.png 0.00528 -0.36149 0.02223 0.99166 0.12119 0.02568 0.03541
/seq_03/frame_00051.png /seq_03/frame_00065.png 0.01801 -0.38353 0.02875 0.99053 0.1279 0.02894 0.04057
/seq_03/frame_00051.png /seq_03/frame_00066.png 0.04192 -0.41016 0.03642 0.98829 0.14159 0.0305 0.0481
/seq_03/frame_00051.png /seq_03/frame_00067.png 0.06719 -0.44009 0.04257 0.98662 0.15249 0.02763 0.05061
/seq_03/frame_00051.png /seq_03/frame_00068.png 0.12521 -0.48748 0.05701 0.98329 0.1681 0.0347 0.06059
/seq_03/frame_00051.png /seq_03/frame_00069.png 0.15333 -0.50501 0.06613 0.98215 0.16995 0.0448 0.06703
/seq_03/frame_00051.png /seq_03/frame_00070.png 0.17823 -0.51397 0.07532 0.97992 0.17694 0.0509 0.07659
/seq_03/frame_00051.png /seq_03/frame_00071.png 0.20193 -0.53065 0.08451 0.97793 0.18026 0.05627 0.08938
/seq_03/frame_00051.png /seq_03/frame_00072.png 0.22373 -0.54243 0.09383 0.97515 0.18422 0.06521 0.10436
/seq_03/frame_00051.png /seq_03/frame_00073.png 0.24696 -0.5509 0.11798 0.9729 0.17676 0.08386 0.12321
/seq_03/frame_00051.png /seq_03/frame_00074.png 0.25 -0.55819 0.13396 0.97077 0.17596 0.09519 0.13257
/seq_03/frame_00051.png /seq_03/frame_00075.png 0.2492 -0.56441 0.15231 0.96687 0.18314 0.10396 0.14425
/seq_03/frame_00051.png /seq_03/frame_00076.png 0.24878 -0.56347 0.17378 0.96301 0.1859 0.11123 0.16023
/seq_03/frame_00051.png /seq_03/frame_00077.png 0.24839 -0.55643 0.19409 0.95636 0.20094 0.12279 0.17297
/seq_03/frame_00051.png /seq_03/frame_00078.png 0.25393 -0.54479 0.23136 0.94792 0.20772 0.13299 0.20151
/seq_03/frame_00051.png /seq_03/frame_00079.png 0.25624 -0.53875 0.25189 0.94281 0.2132 0.14665 0.21011
/seq_03/frame_00051.png /seq_03/frame_00080.png 0.25361 -0.53483 0.27064 0.93393 0.23195 0.16343 0.21741
/seq_03/frame_00051.png /seq_03/frame_00081.png 0.25061 -0.53388 0.28279 0.92953 0.24393 0.17139 0.217
/seq_03/frame_00051.png /seq_03/frame_00082.png 0.25061 -0.53388 0.28279 0.92953 0.24393 0.17139 0.217
/seq_03/frame_00051.png /seq_03/frame_00083.png 0.22077 -0.53582 0.31393 0.91369 0.29224 0.19079 0.20823
/seq_03/frame_00051.png /seq_03/frame_00084.png 0.19759 -0.53119 0.31587 0.91013 0.30731 0.19257 0.20037
/seq_03/frame_00051.png /seq_03/frame_00085.png 0.16474 -0.52818 0.3217 0.90506 0.3243 0.19253 0.19652
/seq_03/frame_00051.png /seq_03/frame_00086.png 0.12162 -0.52472 0.32758 0.89791 0.3425 0.19539 0.19562
/seq_03/frame_00051.png /seq_03/frame_00087.png 0.07353 -0.5212 0.33025 0.8918 0.36289 0.19337 0.18873
/seq_03/frame_00051.png /seq_03/frame_00088.png 0.00105 -0.51142 0.32369 0.88178 0.40468 0.18116 0.16085
/seq_03/frame_00051.png /seq_03/frame_00089.png -0.01497 -0.51528 0.32351 0.87101 0.42956 0.17981 0.1565
/seq_03/frame_00051.png /seq_03/frame_00090.png -0.02504 -0.5274 0.31685 0.85838 0.45951 0.17623 0.14485
/seq_03/frame_00051.png /seq_03/frame_00091.png -0.02515 -0.5413 0.31037 0.84781 0.48441 0.1695 0.13357
/seq_03/frame_00051.png /seq_03/frame_00092.png -0.0207 -0.55207 0.30523 0.83254 0.51204 0.17253 0.12216
/seq_03/frame_00051.png /seq_03/frame_00093.png -0.0124 -0.55992 0.29164 0.81186 0.54926 0.17144 0.09903
/seq_03/frame_00051.png /seq_03/frame_00094.png -0.01503 -0.5455 0.27924 0.80667 0.56071 0.16203 0.09286
/seq_03/frame_00051.png /seq_03/frame_00095.png -0.01832 -0.52875 0.26883 0.80086 0.57299 0.15176 0.08528
/seq_03/frame_00051.png /seq_03/frame_00096.png -0.02211 -0.51881 0.2575 0.79543 0.58414 0.14123 0.07826
/seq_03/frame_00051.png /seq_03/frame_00097.png -0.02661 -0.50772 0.23931 0.79566 0.58814 0.12832 0.06741
/seq_03/frame_00051.png /seq_03/frame_00098.png -0.02738 -0.5003 0.21121 0.79508 0.59441 0.10969 0.04992
/seq_03/frame_00051.png /seq_03/frame_00099.png -0.02416 -0.49722 0.20237 0.7979 0.59242 0.10149 0.04587
/seq_03/frame_00051.png /seq_03/frame_00100.png -0.02179 -0.49576 0.18816 0.80173 0.58944 0.08966 0.04184
/seq_03/frame_00101.png /seq_03/frame_00102.png -0.00612 -0.00247 -0.01605 0.99983 0.00467 -0.01772 -0.00236
/seq_03/frame_00101.png /seq_03/frame_00103.png -0.00586 0.00977 -0.04721 0.99854 0.01664 -0.05113 -0.00497
/seq_03/frame_00101.png /seq_03/frame_00104.png -0.00538 0.01471 -0.06358 0.99754 0.02101 -0.0667 -0.00541
/seq_03/frame_00101.png /seq_03/frame_00105.png -0.00625 0.0197 -0.08067 0.99616 0.0288 -0.08255 -0.00502
/seq_03/frame_00101.png /seq_03/frame_00106.png -0.00895 0.02519 -0.09571 0.99464 0.03146 -0.09849 -0.00195
/seq_03/frame_00101.png /seq_03/frame_00107.png -0.01366 0.02982 -0.10996 0.99265 0.03922 -0.11437 -0.00534
/seq_03/frame_00101.png /seq_03/frame_00108.png -0.02377 0.04032 -0.13909 0.98829 0.04458 -0.14579 -0.007
/seq_03/frame_00101.png /seq_03/frame_00109.png -0.02755 0.03612 -0.15283 0.98588 0.04609 -0.16081 -0.00715
/seq_03/frame_00101.png /seq_03/frame_00110.png -0.03344 0.0327 -0.16822 0.98256 0.04517 -0.18021 -0.00743
/seq_03/frame_00101.png /seq_03/frame_00111.png -0.03584 0.02944 -0.18227 0.97969 0.04062 -0.19619 -0.00861
/seq_03/frame_00101.png /seq_03/frame_00112.png -0.03628 0.02925 -0.19695 0.97609 0.03841 -0.2138 -0.00756
/seq_03/frame_00101.png /seq_03/frame_00113.png -0.02453 0.03926 -0.21638 0.96993 0.03007 -0.24149 -0.00247
/seq_03/frame_00101.png /seq_03/frame_00114.png -0.00811 0.04219 -0.22355 0.96726 0.03103 -0.25184 0.00328
/seq_03/frame_00101.png /seq_03/frame_00115.png 0.01553 0.04459 -0.2249 0.96634 0.03083 -0.25531 0.0067
/seq_03/frame_00101.png /seq_03/frame_00116.png 0.04148 0.03385 -0.22693 0.96596 0.02062 -0.25769 0.00942
/seq_03/frame_00101.png /seq_03/frame_00117.png 0.10136 0.05163 -0.22481 0.96739 -0.00695 -0.25302 0.00913
/seq_03/frame_00101.png /seq_03/frame_00118.png 0.1379 0.07538 -0.22668 0.96642 -0.02772 -0.25542 0.00539
/seq_03/frame_00101.png /seq_03/frame_00119.png 0.18147 0.09375 -0.22198 0.96683 -0.0508 -0.25034 -0.00046
/seq_03/frame_00101.png /seq_03/frame_00120.png 0.22164 0.09717 -0.21698 0.96656 -0.06726 -0.24747 -0.00164
/seq_03/frame_00101.png /seq_03/frame_00121.png 0.25817 0.09529 -0.21382 0.96603 -0.08558 -0.24381 -0.00497
/seq_03/frame_00101.png /seq_03/frame_00122.png 0.30703 0.08008 -0.20902 0.96496 -0.12223 -0.23206 -0.00802
/seq_03/frame_00101.png /seq_03/frame_00123.png 0.31673 0.06418 -0.20453 0.96375 -0.13998 -0.2267 -0.01414
/seq_03/frame_00101.png /seq_03/frame_00124.png 0.32347 0.05051 -0.20007 0.96053 -0.16312 -0.22459 -0.01809
/seq_03/frame_00101.png /seq_03/frame_00125.png 0.32675 0.03695 -0.19643 0.95771 -0.18322 -0.22026 -0.02651
/seq_03/frame_00101.png /seq_03/frame_00126.png 0.32565 0.02648 -0.19488 0.95491 -0.19787 -0.21884 -0.03318
/seq_03/frame_00101.png /seq_03/frame_00127.png 0.32565 0.02648 -0.19488 0.95491 -0.19787 -0.21884 -0.03318
/seq_03/frame_00101.png /seq_03/frame_00128.png 0.32457 0.00899 -0.19996 0.94595 -0.23093 -0.22283 -0.04686
/seq_03/frame_00101.png /seq_03/frame_00129.png 0.32151 0.00534 -0.2006 0.94253 -0.24187 -0.22527 -0.04882
/seq_03/frame_00101.png /seq_03/frame_00130.png 0.32025 0.00172 -0.19981 0.9399 -0.25297 -0.22228 -0.05647
/seq_03/frame_00101.png /seq_03/frame_00131.png 0.32355 -0.00446 -0.19613 0.93604 -0.2693 -0.21859 -0.05934
/seq_03/frame_00101.png /seq_03/frame_00132.png 0.34188 -0.01833 -0.18397 0.92616 -0.31044 -0.20428 -0.06418
/seq_03/frame_00101.png /seq_03/frame_00133.png 0.35817 -0.02038 -0.17612 0.91934 -0.33457 -0.19718 -0.06319
/seq_03/frame_00101.png /seq_03/frame_00134.png 0.38368 -0.02445 -0.16283 0.91524 -0.35118 -0.18698 -0.06361
/seq_03/frame_00101.png /seq_03/frame_00135.png 0.42026 -0.0244 -0.14844 0.91395 -0.36389 -0.1693 -0.06017
/seq_03/frame_00101.png /seq_03/frame_00136.png 0.46546 -0.02158 -0.13876 0.91107 -0.37536 -0.16124 -0.05531
/seq_03/frame_00101.png /seq_03/frame_00137.png 0.5921 -0.00368 -0.12725 0.9126 -0.38083 -0.14278 -0.04179
/seq_03/frame_00101.png /seq_03/frame_00138.png 0.65464 0.01263 -0.13078 0.91262 -0.38104 -0.14251 -0.04044
/seq_03/frame_00101.png /seq_03/frame_00139.png 0.70798 0.01467 -0.12657 0.91115 -0.38622 -0.13604 -0.04609
/seq_03/frame_00101.png /seq_03/frame_00140.png 0.73975 0.03143 -0.11674 0.91321 -0.387 -0.1179 -0.04874
/seq_03/frame_00101.png /seq_03/frame_00141.png 0.76578 0.04701 -0.10556 0.913 -0.39273 -0.10221 -0.04165
/seq_03/frame_00101.png /seq_03/frame_00142.png 0.79376 0.0632 -0.09105 0.91564 -0.39345 -0.07633 -0.03123
/seq_03/frame_00101.png /seq_03/frame_00143.png 0.79644 0.06087 -0.08396 0.91214 -0.40311 -0.07028 -0.02364
/seq_03/frame_00101.png /seq_03/frame_00144.png 0.7998 0.07 -0.0771 0.91015 -0.40929 -0.06126 -0.01876
/seq_03/frame_00101.png /seq_03/frame_00145.png 0.80704 0.08618 -0.06991 0.90636 -0.41844 -0.05653 -0.01531
/seq_03/frame_00101.png /seq_03/frame_00146.png 0.81578 0.10757 -0.06327 0.90365 -0.42538 -0.04792 -0.01295
/seq_03/frame_00101.png /seq_03/frame_00147.png 0.82881 0.13613 -0.05501 0.89834 -0.4377 -0.0369 -0.00666
/seq_03/frame_00101.png /seq_03/frame_00148.png 0.85828 0.19193 -0.04612 0.89137 -0.45272 -0.02172 -0.0053
/seq_03/frame_00101.png /seq_03/frame_00149.png 0.85828 0.19193 -0.04612 0.89137 -0.45272 -0.02172 -0.0053
/seq_03/frame_00101.png /seq_03/frame_00150.png 0.89275 0.24235 -0.03918 0.88649 -0.46245 -0.01612 0.00417
/seq_03/frame_00151.png /seq_03/frame_00152.png 0.04624 -0.00069 0.00773 0.9998 0.00386 0.01831 0.00652
/seq_03/frame_00151.png /seq_03/frame_00153.png 0.07541 -0.0162 0.00653 0.99966 0.00481 0.02237 0.01275
/seq_03/frame_00151.png /seq_03/frame_00154.png 0.11243 -0.03499 0.00396 0.99957 0.01115 0.02308 0.01398
/seq_03/frame_00151.png /seq_03/frame_00155.png 0.14867 -0.05281 -0.00082 0.99892 0.02999 0.0323 0.01492
/seq_03/frame_00151.png /seq_03/frame_00156.png 0.2143 -0.08078 -0.00219 0.9985 0.04585 0.0281 0.01005
/seq_03/frame_00151.png /seq_03/frame_00157.png 0.23858 -0.09483 -0.00157 0.99849 0.04747 0.02691 0.00678
/seq_03/frame_00151.png /seq_03/frame_00158.png 0.25735 -0.10303 0.00077 0.99855 0.04658 0.02712 0.00137
/seq_03/frame_00151.png /seq_03/frame_00159.png 0.27443 -0.1075 0.00312 0.99821 0.04848 0.03465 -0.00481
/seq_03/frame_00151.png /seq_03/frame_00160.png 0.27443 -0.1075 0.00312 0.99821 0.04848 0.03465 -0.00481
/seq_03/frame_00151.png /seq_03/frame_00161.png 0.32044 -0.09868 0.00658 0.99903 0.02777 0.03384 -0.00544
/seq_03/frame_00151.png /seq_03/frame_00162.png 0.33788 -0.08829 0.00215 0.99931 0.02347 0.02719 -0.00936
/seq_03/frame_00151.png /seq_03/frame_00163.png 0.33788 -0.08829 0.00215 0.99931 0.02347 0.02719 -0.00936
/seq_03/frame_00151.png /seq_03/frame_00164.png 0.38752 -0.05753 -0.00195 0.99972 0.0146 0.012 -0.014
/seq_03/frame_00151.png /seq_03/frame_00165.png 0.38752 -0.05753 -0.00195 0.99972 0.0146 0.012 -0.014
/seq_03/frame_00151.png /seq_03/frame_00166.png 0.44342 -0.02663 0.00023 0.99915 0.03987 0.0058 -0.00825
/seq_03/frame_00151.png /seq_03/frame_00167.png 0.49039 -0.0078 0.00641 0.99798 0.06213 0.00591 -0.01221
/seq_03/frame_00151.png /seq_03/frame_00168.png 0.50808 0.00509 0.01207 0.99784 0.06522 0.00446 -0.00679
/seq_03/frame_00151.png /seq_03/frame_00169.png 0.52239 0.01734 0.01483 0.99695 0.07726 0.01112 0.00023
/seq_03/frame_00151.png /seq_03/frame_00170.png 0.5321 0.01905 0.01482 0.99597 0.08929 0.00883 -0.00028
/seq_03/frame_00151.png /seq_03/frame_00171.png 0.56141 -0.01004 0.01954 0.99435 0.10513 0.01447 0.00233
/seq_03/frame_00151.png /seq_03/frame_00172.png 0.5816 -0.03286 0.01866 0.99264 0.12109 -9e-05 0.00185
/seq_03/frame_00151.png /seq_03/frame_00173.png 0.60687 -0.05663 0.01605 0.99147 0.13003 -0.00886 -0.00186
/seq_03/frame_00151.png /seq_03/frame_00174.png 0.63379 -0.07743 0.01153 0.99014 0.13952 -0.01041 -0.00668
/seq_03/frame_00151.png /seq_03/frame_00175.png 0.65897 -0.09321 0.00667 0.98816 0.15251 -0.01139 -0.01247
/seq_03/frame_00151.png /seq_03/frame_00176.png 0.71092 -0.11288 -0.0002 0.98608 0.16423 -0.01369 -0.02229
/seq_03/frame_00151.png /seq_03/frame_00177.png 0.73436 -0.11846 -0.00681 0.98426 0.17307 -0.01957 -0.03003
/seq_03/frame_00151.png /seq_03/frame_00178.png 0.75507 -0.11463 -0.01196 0.98199 0.1827 -0.02734 -0.03971
/seq_03/frame_00151.png /seq_03/frame_00179.png 0.77744 -0.10554 -0.01309 0.98122 0.18521 -0.03109 -0.04397
/seq_03/frame_00151.png /seq_03/frame_00180.png 0.79971 -0.09122 -0.0147 0.98018 0.1893 -0.0322 -0.04876
/seq_03/frame_00151.png /seq_03/frame_00181.png 0.86523 -0.05275 -0.01279 0.98085 0.18521 -0.0342 -0.04965
/seq_03/frame_00151.png /seq_03/frame_00182.png 0.86523 -0.05275 -0.01279 0.98085 0.18521 -0.0342 -0.04965
/seq_03/frame_00151.png /seq_03/frame_00183.png 0.9551 -0.00345 -0.01491 0.97979 0.18932 -0.03875 -0.05167
/seq_03/frame_00151.png /seq_03/frame_00184.png 0.99433 0.00933 -0.01417 0.98058 0.1857 -0.04247 -0.04653
/seq_03/frame_00151.png /seq_03/frame_00185.png 0.99433 0.00933 -0.01417 0.98058 0.1857 -0.04247 -0.04653
/seq_03/frame_00151.png /seq_03/frame_00186.png 1.0552 0.00722 -0.0207 0.98055 0.18436 -0.03846 -0.05529
/seq_03/frame_00151.png /seq_03/frame_00187.png 1.0552 0.00722 -0.0207 0.98055 0.18436 -0.03846 -0.05529
/seq_03/frame_00151.png /seq_03/frame_00188.png 1.08574 -0.06098 -0.03188 0.9725 0.21478 -0.0679 -0.05913
/seq_03/frame_00151.png /seq_03/frame_00189.png 1.11768 -0.08695 -0.03407 0.96655 0.23856 -0.07385 -0.05847
/seq_03/frame_00151.png /seq_03/frame_00190.png 1.17695 -0.1229 -0.03979 0.95704 0.27612 -0.07107 -0.05269
/seq_03/frame_00151.png /seq_03/frame_00191.png 1.20323 -0.13364 -0.04489 0.95296 0.28926 -0.0708 -0.05648
/seq_03/frame_00151.png /seq_03/frame_00192.png 1.22744 -0.14031 -0.05099 0.94893 0.29807 -0.08083 -0.06439
/seq_03/frame_00151.png /seq_03/frame_00193.png 1.24765 -0.14122 -0.05645 0.94549 0.30409 -0.09102 -0.07273
/seq_03/frame_00151.png /seq_03/frame_00194.png 1.24765 -0.14122 -0.05645 0.94549 0.30409 -0.09102 -0.07273
/seq_03/frame_00151.png /seq_03/frame_00195.png 1.28453 -0.1186 -0.05809 0.94155 0.31432 -0.09488 -0.07537
/seq_03/frame_00151.png /seq_03/frame_00196.png 1.35203 -0.08722 -0.05944 0.94056 0.31525 -0.1036 -0.07231
/seq_03/frame_00151.png /seq_03/frame_00197.png 1.39871 -0.07201 -0.06227 0.94197 0.30856 -0.10888 -0.07509
/seq_03/frame_00151.png /seq_03/frame_00198.png 1.39871 -0.07201 -0.06227 0.94197 0.30856 -0.10888 -0.07509
/seq_03/frame_00151.png /seq_03/frame_00199.png 1.47314 -0.04352 -0.05767 0.94181 0.31243 -0.09645 -0.07801
/seq_03/frame_00151.png /seq_03/frame_00200.png 1.4992 -0.04706 -0.05391 0.94508 0.3039 -0.09488 -0.07401
/seq_03/frame_00201.png /seq_03/frame_00202.png 0.0 0.0 0.0 1.0 0.0 0.0 0.0
/seq_03/frame_00201.png /seq_03/frame_00203.png 0.05319 -0.06963 0.01281 0.99943 -0.03227 0.00599 0.00752
/seq_03/frame_00201.png /seq_03/frame_00204.png 0.05319 -0.06963 0.01281 0.99943 -0.03227 0.00599 0.00752
/seq_03/frame_00201.png /seq_03/frame_00205.png 0.0652 -0.12886 0.02158 0.99941 -0.02297 0.02075 0.0149
/seq_03/frame_00201.png /seq_03/frame_00206.png 0.08515 -0.20469 0.02191 0.9993 -0.01573 0.02028 0.02723
/seq_03/frame_00201.png /seq_03/frame_00207.png 0.08515 -0.20469 0.02191 0.9993 -0.01573 0.02028 0.02723
/seq_03/frame_00201.png /seq_03/frame_00208.png 0.11018 -0.26198 0.02019 0.99944 -0.01109 0.02234 0.02235
/seq_03/frame_00201.png /seq_03/frame_00209.png 0.11018 -0.26198 0.02019 0.99944 -0.01109 0.02234 0.02235
/seq_03/frame_00201.png /seq_03/frame_00210.png 0.13156 -0.30636 0.01992 0.99918 -0.01731 0.02399 0.02776
/seq_03/frame_00201.png /seq_03/frame_00211.png 0.13308 -0.30055 0.02271 0.99908 -0.01478 0.0303 0.0264
/seq_03/frame_00201.png /seq_03/frame_00212.png 0.13644 -0.29575 0.02265 0.99914 -0.0099 0.03187 0.02479
/seq_03/frame_00201.png /seq_03/frame_00213.png 0.14112 -0.29307 0.02252 0.99904 -0.01493 0.02952 0.02866
/seq_03/frame_00201.png /seq_03/frame_00214.png 0.15051 -0.29386 0.02225 0.999 -0.02141 0.02786 0.02753
/seq_03/frame_00201.png /seq_03/frame_00215.png 0.14721 -0.31714 0.01807 0.99905 -0.03081 0.02379 0.01945
/seq_03/frame_00201.png /seq_03/frame_00216.png 0.15153 -0.33541 0.01867 0.99889 -0.03797 0.02275 0.01583
/seq_03/frame_00201.png /seq_03/frame_00217.png 0.15548 -0.3466 0.01973 0.99922 -0.02711 0.02627 0.01187
/seq_03/frame_00201.png /seq_03/frame_00218.png 0.16323 -0.35593 0.02107 0.99936 -0.02179 0.02281 0.0169
/seq_03/frame_00201.png /seq_03/frame_00219.png 0.17241 -0.36776 0.02079 0.99945 -0.01681 0.02159 0.01849
/seq_03/frame_00201.png /seq_03/frame_00220.png 0.19886 -0.41076 0.0238 0.99963 -0.01132 0.01515 0.01973
/seq_03/frame_00201.png /seq_03/frame_00221.png 0.21373 -0.42685 0.02721 0.99976 -0.00586 0.01262 0.01678
/seq_03/frame_00201.png /seq_03/frame_00222.png 0.23252 -0.44442 0.02971 0.99976 -0.00629 0.01644 0.01311
/seq_03/frame_00201.png /seq_03/frame_00223.png 0.25396 -0.45856 0.02541 0.99982 -0.01125 0.01091 0.01076
/seq_03/frame_00201.png /seq_03/frame_00224.png 0.28279 -0.47097 0.02421 0.99975 -0.0148 0.01001 0.0135
/seq_03/frame_00201.png /seq_03/frame_00225.png 0.33814 -0.48874 0.02548 0.99961 -0.02015 0.00892 0.0174
/seq_03/frame_00201.png /seq_03/frame_00226.png 0.36113 -0.49897 0.02562 0.99964 -0.01998 0.01003 0.01484
/seq_03/frame_00201.png /seq_03/frame_00227.png 0.38204 -0.50898 0.02533 0.99969 -0.01876 0.01311 0.01011
/seq_03/frame_00201.png /seq_03/frame_00228.png 0.40464 -0.52387 0.02556 0.99972 -0.01682 0.014 0.00901
/seq_03/frame_00201.png /seq_03/frame_00229.png 0.44555 -0.5752 0.02455 0.99973 0.01896 0.00703 0.01187
/seq_03/frame_00201.png /seq_03/frame_00230.png 0.44555 -0.5752 0.02455 0.99973 0.01896 0.00703 0.01187
/seq_03/frame_00201.png /seq_03/frame_00231.png 0.49056 -0.61285 0.01645 0.99876 0.04665 0.00526 0.01646
/seq_03/frame_00201.png /seq_03/frame_00232.png 0.49056 -0.61285 0.01645 0.99876 0.04665 0.00526 0.01646
/seq_03/frame_00201.png /seq_03/frame_00233.png 0.52613 -0.62791 -0.00209 0.99655 0.08167 -0.01026 0.01063
/seq_03/frame_00201.png /seq_03/frame_00234.png 0.56618 -0.63336 -0.00664 0.99386 0.10886 -0.01738 0.0093
/seq_03/frame_00201.png /seq_03/frame_00235.png 0.59217 -0.62765 -0.00848 0.9914 0.12907 -0.0184 0.01091
/seq_03/frame_00201.png /seq_03/frame_00236.png 0.61232 -0.62038 -0.00916 0.98837 0.15009 -0.01951 0.01475
/seq_03/frame_00201.png /seq_03/frame_00237.png 0.62847 -0.61071 -0.0081 0.98481 0.17241 -0.01678 0.01183
/seq_03/frame_00201.png /seq_03/frame_00238.png 0.64053 -0.59681 -0.00726 0.98178 0.18918 -0.01422 0.01118
/seq_03/frame_00201.png /seq_03/frame_00239.png 0.67594 -0.57717 -0.00705 0.97416 0.22544 -0.00853 0.0111
/seq_03/frame_00201.png /seq_03/frame_00240.png 0.708 -0.57356 -0.00644 0.96921 0.24587 -0.0024 0.01319
/seq_03/frame_00201.png /seq_03/frame_00241.png 0.74457 -0.57308 -0.00807 0.96225 0.27182 -0.00432 0.01336
/seq_03/frame_00201.png /seq_03/frame_00242.png 0.77817 -0.58195 -0.00913 0.9558 0.29343 -0.00678 0.0174
/seq_03/frame_00201.png /seq_03/frame_00243.png 0.77817 -0.58195 -0.00913 0.9558 0.29343 -0.00678 0.0174
/seq_03/frame_00201.png /seq_03/frame_00244.png 0.87848 -0.62875 -0.00332 0.93849 0.34504 0.00747 0.01144
/seq_03/frame_00201.png /seq_03/frame_00245.png 0.87848 -0.62875 -0.00332 0.93849 0.34504 0.00747 0.01144
/seq_03/frame_00201.png /seq_03/frame_00246.png 0.94071 -0.65816 0.00839 0.93001 0.3669 0.0187 0.01093
/seq_03/frame_00201.png /seq_03/frame_00247.png 0.94071 -0.65816 0.00839 0.93001 0.3669 0.0187 0.01093
/seq_03/frame_00201.png /seq_03/frame_00248.png 0.96359 -0.69565 0.01648 0.92335 0.38297 0.02638 0.00796
/seq_03/frame_00201.png /seq_03/frame_00249.png 0.96064 -0.76183 0.02057 0.89997 0.43475 0.02978 0.01286
/seq_03/frame_00201.png /seq_03/frame_00250.png 0.96125 -0.81101 0.02388 0.88854 0.45718 0.03666 0.01153
/seq_03/frame_00251.png /seq_03/frame_00252.png 0.01299 -0.02935 -0.00158 0.99985 0.01696 -0.00091 -0.00205
/seq_03/frame_00251.png /seq_03/frame_00253.png 0.02394 -0.05156 2e-05 0.99933 0.03521 0.00426 -0.00893
/seq_03/frame_00251.png /seq_03/frame_00254.png 0.03315 -0.07334 0.00634 0.99774 0.06336 0.01399 -0.01734
/seq_03/frame_00251.png /seq_03/frame_00255.png 0.03882 -0.07852 0.0108 0.99701 0.07101 0.01865 -0.02405
/seq_03/frame_00251.png /seq_03/frame_00256.png 0.04952 -0.07858 0.0145 0.99579 0.0813 0.02609 -0.03337
/seq_03/frame_00251.png /seq_03/frame_00257.png 0.04952 -0.07858 0.0145 0.99579 0.0813 0.02609 -0.03337
/seq_03/frame_00251.png /seq_03/frame_00258.png 0.07362 -0.07163 0.01783 0.99322 0.10332 0.03212 -0.0424
/seq_03/frame_00251.png /seq_03/frame_00259.png 0.09507 -0.07527 0.02086 0.99071 0.12095 0.03944 -0.04811
/seq_03/frame_00251.png /seq_03/frame_00260.png 0.10107 -0.07841 0.02314 0.9887 0.13254 0.04402 -0.05446
/seq_03/frame_00251.png /seq_03/frame_00261.png 0.10561 -0.08011 0.02553 0.98721 0.14021 0.0476 -0.05918
/seq_03/frame_00251.png /seq_03/frame_00262.png 0.10981 -0.08397 0.02998 0.98507 0.14918 0.05332 -0.06739
/seq_03/frame_00251.png /seq_03/frame_00263.png 0.1092 -0.09034 0.03445 0.98331 0.15498 0.05838 -0.07534
/seq_03/frame_00251.png /seq_03/frame_00264.png 0.10273 -0.10235 0.04625 0.98034 0.15974 0.07281 -0.09012
/seq_03/frame_00251.png /seq_03/frame_00265.png 0.10273 -0.10235 0.04625 0.98034 0.15974 0.07281 -0.09012
/seq_03/frame_00251.png /seq_03/frame_00266.png 0.09642 -0.10967 0.05383 0.97693 0.1674 0.08151 -0.10464
/seq_03/frame_00251.png /seq_03/frame_00267.png 0.09241 -0.11066 0.05635 0.97564 0.17044 0.08564 -0.10834
/seq_03/frame_00251.png /seq_03/frame_00268.png 0.0882 -0.11162 0.06329 0.97113 0.1827 0.09332 -0.12176
/seq_03/frame_00251.png /seq_03/frame_00269.png 0.08695 -0.11309 0.06709 0.96834 0.18797 0.10021 -0.13014
/seq_03/frame_00251.png /seq_03/frame_00270.png 0.08556 -0.1126 0.07049 0.96458 0.2004 0.10199 -0.13796
/seq_03/frame_00251.png /seq_03/frame_00271.png 0.08725 -0.11859 0.07618 0.95989 0.21599 0.1058 -0.14409
/seq_03/frame_00251.png /seq_03/frame_00272.png 0.09426 -0.11884 0.08196 0.95617 0.22807 0.10905 -0.14773
/seq_03/frame_00251.png /seq_03/frame_00273.png 0.10472 -0.11215 0.08837 0.95074 0.24522 0.10797 -0.1559
/seq_03/frame_00251.png /seq_03/frame_00274.png 0.10474 -0.11403 0.09314 0.9448 0.25722 0.11273 -0.16877
/seq_03/frame_00251.png /seq_03/frame_00275.png 0.10673 -0.11265 0.09654 0.94134 0.26675 0.11576 -0.17126
/seq_03/frame_00251.png /seq_03/frame_00276.png 0.11291 -0.12105 0.10062 0.93554 0.28297 0.11483 -0.17748
/seq_03/frame_00251.png /seq_03/frame_00277.png 0.1179 -0.12767 0.10607 0.93015 0.29428 0.11807 -0.18517
/seq_03/frame_00251.png /seq_03/frame_00278.png 0.12533 -0.15046 0.10893 0.92257 0.31143 0.12188 -0.19239
/seq_03/frame_00251.png /seq_03/frame_00279.png 0.13087 -0.17225 0.10958 0.91735 0.32389 0.12132 -0.19711
/seq_03/frame_00251.png /seq_03/frame_00280.png 0.13512 -0.20113 0.11 0.9112 0.34084 0.11647 -0.19995
/seq_03/frame_00251.png /seq_03/frame_00281.png 0.1365 -0.2336 0.10835 0.90231 0.36523 0.10963 -0.20106
/seq_03/frame_00251.png /seq_03/frame_00282.png 0.13611 -0.26302 0.10659 0.89575 0.38616 0.09894 -0.19678
/seq_03/frame_00251.png /seq_03/frame_00283.png 0.13355 -0.32909 0.10677 0.8873 0.40871 0.08922 -0.19416
/seq_03/frame_00251.png /seq_03/frame_00284.png 0.12887 -0.35494 0.10908 0.88582 0.41169 0.09123 -0.19369
/seq_03/frame_00251.png /seq_03/frame_00285.png 0.12887 -0.35494 0.10908 0.88582 0.41169 0.09123 -0.19369
/seq_03/frame_00251.png /seq_03/frame_00286.png 0.12067 -0.39804 0.11349 0.88221 0.42131 0.0861 -0.19181
/seq_03/frame_00251.png /seq_03/frame_00287.png 0.11012 -0.41486 0.11548 0.88093 0.4243 0.08928 -0.18963
/seq_03/frame_00251.png /seq_03/frame_00288.png 0.0588 -0.45444 0.1172 0.86672 0.45512 0.08544 -0.18535
/seq_03/frame_00251.png /seq_03/frame_00289.png 0.02393 -0.47789 0.1158 0.86408 0.46168 0.08475 -0.18175
/seq_03/frame_00251.png /seq_03/frame_00290.png -0.0075 -0.50657 0.11113 0.8593 0.47204 0.08066 -0.17966
/seq_03/frame_00251.png /seq_03/frame_00291.png -0.03223 -0.53185 0.10399 0.85217 0.48638 0.07507 -0.17779
/seq_03/frame_00251.png /seq_03/frame_00292.png -0.05346 -0.55618 0.09864 0.84562 0.50078 0.06933 -0.1713
/seq_03/frame_00251.png /seq_03/frame_00293.png -0.07515 -0.60293 0.08956 0.8373 0.52205 0.06032 -0.15087
/seq_03/frame_00251.png /seq_03/frame_00294.png -0.07174 -0.62178 0.08901 0.83293 0.52937 0.05678 -0.15086
/seq_03/frame_00251.png /seq_03/frame_00295.png -0.0629 -0.64084 0.085 0.83101 0.53428 0.05154 -0.14599
/seq_03/frame_00251.png /seq_03/frame_00296.png -0.04999 -0.66496 0.08253 0.82976 0.5383 0.0483 -0.13929
/seq_03/frame_00251.png /seq_03/frame_00297.png -0.03689 -0.69268 0.08108 0.82879 0.54189 0.04281 -0.13276
/seq_03/frame_00251.png /seq_03/frame_00298.png -0.01476 -0.73539 0.07284 0.81863 0.56033 0.03676 -0.12051
/seq_03/frame_00251.png /seq_03/frame_00299.png -0.00705 -0.75207 0.06522 0.81302 0.57023 0.0342 -0.11255
/seq_03/frame_00251.png /seq_03/frame_00300.png -0.0044 -0.76715 0.0574 0.80875 0.57849 0.03031 -0.10178
/seq_03/frame_00301.png /seq_03/frame_00302.png -0.0019 -0.01172 -0.00182 0.99997 0.00563 0.00407 0.0039
/seq_03/frame_00301.png /seq_03/frame_00303.png -0.0035 -0.02975 -0.00696 0.99983 0.01408 0.00961 0.00678
/seq_03/frame_00301.png /seq_03/frame_00304.png -0.0035 -0.02975 -0.00696 0.99983 0.01408 0.00961 0.00678
/seq_03/frame_00301.png /seq_03/frame_00305.png -0.0035 -0.02975 -0.00696 0.99983 0.01408 0.00961 0.00678
/seq_03/frame_00301.png /seq_03/frame_00306.png -0.0035 -0.02975 -0.00696 0.99983 0.01408 0.00961 0.00678
/seq_03/frame_00301.png /seq_03/frame_00307.png -0.11977 -0.1339 -0.01211 0.99613 0.07624 0.01951 0.03916
/seq_03/frame_00301.png /seq_03/frame_00308.png -0.15686 -0.15573 -0.01692 0.99474 0.09239 0.01852 0.04027
/seq_03/frame_00301.png /seq_03/frame_00309.png -0.19306 -0.17239 -0.02428 0.99381 0.10165 0.01843 0.04084
/seq_03/frame_00301.png /seq_03/frame_00310.png -0.22491 -0.1863 -0.03586 0.99248 0.10788 0.02538 0.05205
/seq_03/frame_00301.png /seq_03/frame_00311.png -0.24857 -0.2008 -0.04317 0.99114 0.11375 0.02927 0.06194
/seq_03/frame_00301.png /seq_03/frame_00312.png -0.26532 -0.21176 -0.04408 0.99045 0.11921 0.0271 0.06377
/seq_03/frame_00301.png /seq_03/frame_00313.png -0.28254 -0.24152 -0.05074 0.98794 0.13517 0.02896 0.06975
/seq_03/frame_00301.png /seq_03/frame_00314.png -0.28802 -0.26297 -0.05512 0.98814 0.13199 0.03389 0.07071
/seq_03/frame_00301.png /seq_03/frame_00315.png -0.28802 -0.26297 -0.05512 0.98814 0.13199 0.03389 0.07071
/seq_03/frame_00301.png /seq_03/frame_00316.png -0.29882 -0.32554 -0.0617 0.98534 0.14508 0.04468 0.07786
/seq_03/frame_00301.png /seq_03/frame_00317.png -0.32541 -0.40205 -0.05723 0.98387 0.15599 0.05034 0.07158
/seq_03/frame_00301.png /seq_03/frame_00318.png -0.34249 -0.43568 -0.05551 0.98345 0.16065 0.04959 0.06752
/seq_03/frame_00301.png /seq_03/frame_00319.png -0.36059 -0.46703 -0.05729 0.9816 0.17171 0.04595 0.06971
/seq_03/frame_00301.png /seq_03/frame_00320.png -0.37821 -0.48904 -0.05478 0.98008 0.1798 0.04529 0.07118
/seq_03/frame_00301.png /seq_03/frame_00321.png -0.39839 -0.51248 -0.05268 0.97913 0.18621 0.04417 0.06847
/seq_03/frame_00301.png /seq_03/frame_00322.png -0.43456 -0.55003 -0.05006 0.97586 0.20462 0.04218 0.06369
/seq_03/frame_00301.png /seq_03/frame_00323.png -0.46198 -0.56067 -0.04872 0.97406 0.21372 0.04177 0.06149
/seq_03/frame_00301.png /seq_03/frame_00324.png -0.49459 -0.57017 -0.04813 0.97049 0.22683 0.0453 0.06818
/seq_03/frame_00301.png /seq_03/frame_00325.png -0.49459 -0.57017 -0.04813 0.97049 0.22683 0.0453 0.06818
/seq_03/frame_00301.png /seq_03/frame_00326.png -0.55739 -0.59373 -0.04971 0.9651 0.24655 0.05079 0.07216
/seq_03/frame_00301.png /seq_03/frame_00327.png -0.60249 -0.63181 -0.04917 0.95891 0.27015 0.04966 0.071
/seq_03/frame_00301.png /seq_03/frame_00328.png -0.6202 -0.65531 -0.05378 0.95642 0.27925 0.04897 0.06983
/seq_03/frame_00301.png /seq_03/frame_00329.png -0.6368 -0.67792 -0.06033 0.95465 0.28381 0.05191 0.07342
/seq_03/frame_00301.png /seq_03/frame_00330.png -0.65386 -0.7024 -0.06444 0.95095 0.29572 0.05127 0.07499
/seq_03/frame_00301.png /seq_03/frame_00331.png -0.67028 -0.72465 -0.06699 0.94843 0.30386 0.05078 0.07466
/seq_03/frame_00301.png /seq_03/frame_00332.png -0.69716 -0.76268 -0.07064 0.94079 0.32647 0.05506 0.07285
/seq_03/frame_00301.png /seq_03/frame_00333.png -0.71164 -0.7788 -0.07324 0.9358 0.33903 0.05875 0.07673
/seq_03/frame_00301.png /seq_03/frame_00334.png -0.7193 -0.79129 -0.07459 0.9301 0.35373 0.05965 0.07896
/seq_03/frame_00301.png /seq_03/frame_00335.png -0.72267 -0.80662 -0.07558 0.92088 0.37572 0.06439 0.08165
/seq_03/frame_00301.png /seq_03/frame_00336.png -0.73364 -0.8214 -0.0757 0.91376 0.39392 0.06182 0.07776
/seq_03/frame_00301.png /seq_03/frame_00337.png -0.73364 -0.8214 -0.0757 0.91376 0.39392 0.06182 0.07776
/seq_03/frame_00301.png /seq_03/frame_00338.png -0.73364 -0.8214 -0.0757 0.91376 0.39392 0.06182 0.07776
/seq_03/frame_00301.png /seq_03/frame_00339.png -0.84773 -0.89336 -0.09022 0.87972 0.46092 0.07795 0.08702
/seq_03/frame_00301.png /seq_03/frame_00340.png -0.87264 -0.9075 -0.09283 0.87044 0.47652 0.08465 0.08998
/seq_03/frame_00301.png /seq_03/frame_00341.png -0.92401 -0.92437 -0.08632 0.85944 0.49777 0.08274 0.08214
/seq_03/frame_00301.png /seq_03/frame_00342.png -0.95027 -0.92867 -0.08389 0.85564 0.50493 0.08236 0.07837
/seq_03/frame_00301.png /seq_03/frame_00343.png -0.97137 -0.92789 -0.08506 0.8518 0.51053 0.08741 0.07848
/seq_03/frame_00301.png /seq_03/frame_00344.png -0.99471 -0.91602 -0.08689 0.84806 0.51633 0.08787 0.08047
/seq_03/frame_00301.png /seq_03/frame_00345.png -1.02744 -0.89933 -0.09049 0.84261 0.52408 0.09064 0.08448
/seq_03/frame_00301.png /seq_03/frame_00346.png -1.1117 -0.86093 -0.10287 0.82251 0.5505 0.11377 0.08648
/seq_03/frame_00301.png /seq_03/frame_00347.png -1.16174 -0.8518 -0.10634 0.81209 0.566 0.1142 0.08434
/seq_03/frame_00301.png /seq_03/frame_00348.png -1.16174 -0.8518 -0.10634 0.81209 0.566 0.1142 0.08434
/seq_03/frame_00301.png /seq_03/frame_00349.png -1.25153 -0.83763 -0.10413 0.79797 0.58889 0.10483 0.07396
/seq_03/frame_00301.png /seq_03/frame_00350.png -1.28565 -0.83746 -0.10309 0.78862 0.60258 0.09888 0.07207
/seq_03/frame_00351.png /seq_03/frame_00352.png -0.01807 -0.0012 0.00089 0.9999 0.01382 -0.00269 0.00128
/seq_03/frame_00351.png /seq_03/frame_00353.png -0.01807 -0.0012 0.00089 0.9999 0.01382 -0.00269 0.00128
/seq_03/frame_00351.png /seq_03/frame_00354.png -0.06787 -0.00568 0.00099 0.99908 0.04237 -0.00506 -0.00295
/seq_03/frame_00351.png /seq_03/frame_00355.png -0.06787 -0.00568 0.00099 0.99908 0.04237 -0.00506 -0.00295
/seq_03/frame_00351.png /seq_03/frame_00356.png -0.19206 -0.00944 0.00341 0.99531 0.09654 -0.00573 -0.00016
/seq_03/frame_00351.png /seq_03/frame_00357.png -0.22222 -0.01093 0.00767 0.9942 0.10701 -0.01067 0.00144
/seq_03/frame_00351.png /seq_03/frame_00358.png -0.22222 -0.01093 0.00767 0.9942 0.10701 -0.01067 0.00144
/seq_03/frame_00351.png /seq_03/frame_00359.png -0.26043 -0.01689 0.01607 0.99125 0.12996 -0.0222 0.00635
/seq_03/frame_00351.png /seq_03/frame_00360.png -0.26644 -0.02136 0.0195 0.99075 0.13289 -0.02414 0.01292
/seq_03/frame_00351.png /seq_03/frame_00361.png -0.28867 -0.0345 0.0209 0.98927 0.14275 -0.02538 0.01815
/seq_03/frame_00351.png /seq_03/frame_00362.png -0.29719 -0.03481 0.01955 0.98918 0.14236 -0.03047 0.01817
/seq_03/frame_00351.png /seq_03/frame_00363.png -0.29719 -0.03481 0.01955 0.98918 0.14236 -0.03047 0.01817
/seq_03/frame_00351.png /seq_03/frame_00364.png -0.33642 -0.03004 0.02268 0.9901 0.13269 -0.0437 0.01368
/seq_03/frame_00351.png /seq_03/frame_00365.png -0.33642 -0.03004 0.02268 0.9901 0.13269 -0.0437 0.01368
/seq_03/frame_00351.png /seq_03/frame_00366.png -0.42472 -0.02884 0.02045 0.98991 0.13646 -0.03057 0.02266
/seq_03/frame_00351.png /seq_03/frame_00367.png -0.52286 -0.04304 0.01758 0.99086 0.12781 -0.0346 0.0256
/seq_03/frame_00351.png /seq_03/frame_00368.png -0.57172 -0.04685 0.01277 0.991 0.1273 -0.03214 0.02617
/seq_03/frame_00351.png /seq_03/frame_00369.png -0.61727 -0.04744 0.00921 0.9909 0.1288 -0.02979 0.02509
/seq_03/frame_00351.png /seq_03/frame_00370.png -0.61727 -0.04744 0.00921 0.9909 0.1288 -0.02979 0.02509
/seq_03/frame_00351.png /seq_03/frame_00371.png -0.71334 -0.05472 0.01174 0.98667 0.15509 -0.04301 0.02412
/seq_03/frame_00351.png /seq_03/frame_00372.png -0.73081 -0.05669 0.01435 0.98578 0.15722 -0.05082 0.03048
/seq_03/frame_00351.png /seq_03/frame_00373.png -0.7432 -0.05689 0.01587 0.98621 0.15063 -0.05681 0.03837
/seq_03/frame_00351.png /seq_03/frame_00374.png -0.76196 -0.06468 0.0144 0.98886 0.13237 -0.05477 0.04039
/seq_03/frame_00351.png /seq_03/frame_00375.png -0.78657 -0.0775 0.01234 0.9922 0.10716 -0.05092 0.03824
/seq_03/frame_00351.png /seq_03/frame_00376.png -0.85248 -0.11149 0.00709 0.99591 0.07066 -0.04589 0.03274
/seq_03/frame_00351.png /seq_03/frame_00377.png -0.8899 -0.12674 -0.00245 0.99731 0.05143 -0.03722 0.03652
/seq_03/frame_00351.png /seq_03/frame_00378.png -0.8899 -0.12674 -0.00245 0.99731 0.05143 -0.03722 0.03652
/seq_03/frame_00351.png /seq_03/frame_00379.png -0.95732 -0.14899 -0.01827 0.99904 0.00783 -0.02207 0.03712
/seq_03/frame_00351.png /seq_03/frame_00380.png -1.01863 -0.14943 -0.02105 0.99866 -0.03452 -0.02041 0.03272
/seq_03/frame_00351.png /seq_03/frame_00381.png -1.01863 -0.14943 -0.02105 0.99866 -0.03452 -0.02041 0.03272
/seq_03/frame_00351.png /seq_03/frame_00382.png -1.06208 -0.13198 -0.02124 0.99747 -0.05521 -0.02431 0.03748
/seq_03/frame_00351.png /seq_03/frame_00383.png -1.09484 -0.11445 -0.02271 0.9959 -0.07932 -0.02505 0.03564
/seq_03/frame_00351.png /seq_03/frame_00384.png -1.13077 -0.09811 -0.02604 0.99423 -0.10066 -0.01675 0.03293
/seq_03/frame_00351.png /seq_03/frame_00385.png -1.20664 -0.07495 -0.02557 0.98714 -0.15631 -0.02289 0.02431
/seq_03/frame_00351.png /seq_03/frame_00386.png -1.24298 -0.07114 -0.02689 0.98246 -0.18263 -0.0298 0.02307
/seq_03/frame_00351.png /seq_03/frame_00387.png -1.27367 -0.07056 -0.0301 0.97683 -0.2107 -0.03236 0.01897
/seq_03/frame_00351.png /seq_03/frame_00388.png -1.29953 -0.06712 -0.03326 0.97247 -0.23025 -0.02904 0.02098
/seq_03/frame_00351.png /seq_03/frame_00389.png -1.32302 -0.0665 -0.03157 0.96827 -0.24679 -0.03305 0.02156
/seq_03/frame_00351.png /seq_03/frame_00390.png -1.36049 -0.06542 -0.03001 0.95891 -0.28034 -0.03849 0.02035
/seq_03/frame_00351.png /seq_03/frame_00391.png -1.37989 -0.0614 -0.0287 0.95399 -0.2962 -0.04167 0.02068
/seq_03/frame_00351.png /seq_03/frame_00392.png -1.40058 -0.059 -0.02738 0.94925 -0.31065 -0.04495 0.01984
/seq_03/frame_00351.png /seq_03/frame_00393.png -1.42154 -0.05563 -0.02418 0.94467 -0.32485 -0.04156 0.0186
/seq_03/frame_00351.png /seq_03/frame_00394.png -1.42154 -0.05563 -0.02418 0.94467 -0.32485 -0.04156 0.0186
/seq_03/frame_00351.png /seq_03/frame_00395.png -1.4607 -0.06056 -0.01617 0.92954 -0.3657 -0.04477 0.01438
/seq_03/frame_00351.png /seq_03/frame_00396.png -1.47058 -0.07152 -0.0144 0.92602 -0.37456 -0.04426 0.01523
/seq_03/frame_00351.png /seq_03/frame_00397.png -1.48487 -0.08472 -0.01352 0.92098 -0.38696 -0.04311 0.01421
/seq_03/frame_00351.png /seq_03/frame_00398.png -1.50152 -0.10396 -0.01231 0.91503 -0.40142 -0.03821 0.01144
/seq_03/frame_00351.png /seq_03/frame_00399.png -1.52663 -0.12201 -0.01065 0.91152 -0.40887 -0.04247 0.01257
/seq_03/frame_00351.png /seq_03/frame_00400.png -1.58462 -0.15546 -0.01548 0.90205 -0.42952 -0.04118 0.01091
/seq_03/frame_00401.png /seq_03/frame_00402.png 0.0 0.0 0.0 1.0 0.0 0.0 0.0
/seq_03/frame_00401.png /seq_03/frame_00403.png -0.06877 -0.00287 -0.00126 0.99961 -0.02797 0.00109 0.00181
/seq_03/frame_00401.png /seq_03/frame_00404.png -0.11084 0.008 -0.00228 0.99921 -0.03945 0.00374 0.00151
/seq_03/frame_00401.png /seq_03/frame_00405.png -0.20913 0.03604 -0.01456 0.99904 -0.03918 0.01744 0.00845
/seq_03/frame_00401.png /seq_03/frame_00406.png -0.25416 0.04419 -0.02315 0.99904 -0.03182 0.02602 0.01541
/seq_03/frame_00401.png /seq_03/frame_00407.png -0.29466 0.04506 -0.02473 0.99905 -0.02736 0.02896 0.01756
/seq_03/frame_00401.png /seq_03/frame_00408.png -0.29466 0.04506 -0.02473 0.99905 -0.02736 0.02896 0.01756
/seq_03/frame_00401.png /seq_03/frame_00409.png -0.29466 0.04506 -0.02473 0.99905 -0.02736 0.02896 0.01756
/seq_03/frame_00401.png /seq_03/frame_00410.png -0.39213 0.03786 -0.03364 0.99859 -0.01228 0.03611 0.03681
/seq_03/frame_00401.png /seq_03/frame_00411.png -0.40838 0.03592 -0.03467 0.99816 -0.01744 0.0389 0.04315
/seq_03/frame_00401.png /seq_03/frame_00412.png -0.41794 0.03431 -0.03606 0.99767 -0.0291 0.03937 0.04744
/seq_03/frame_00401.png /seq_03/frame_00413.png -0.42752 0.03118 -0.03869 0.99671 -0.04601 0.04368 0.05043
/seq_03/frame_00401.png /seq_03/frame_00414.png -0.43439 0.02628 -0.0402 0.99579 -0.05898 0.04456 0.05427
/seq_03/frame_00401.png /seq_03/frame_00415.png -0.44341 0.01505 -0.03757 0.99259 -0.0973 0.04666 0.05578
/seq_03/frame_00401.png /seq_03/frame_00416.png -0.44475 0.00748 -0.03915 0.99055 -0.11261 0.04974 0.06041
/seq_03/frame_00401.png /seq_03/frame_00417.png -0.4492 0.00161 -0.04135 0.98811 -0.13006 0.05034 0.06468
/seq_03/frame_00401.png /seq_03/frame_00418.png -0.45286 -0.00493 -0.04191 0.98604 -0.14605 0.04654 0.06497
/seq_03/frame_00401.png /seq_03/frame_00419.png -0.47522 -0.00401 -0.04321 0.97928 -0.18846 0.04537 0.05854
/seq_03/frame_00401.png /seq_03/frame_00420.png -0.47522 -0.00401 -0.04321 0.97928 -0.18846 0.04537 0.05854
/seq_03/frame_00401.png /seq_03/frame_00421.png -0.54963 0.02167 -0.04062 0.98238 -0.17348 0.04815 0.05013
/seq_03/frame_00401.png /seq_03/frame_00422.png -0.54963 0.02167 -0.04062 0.98238 -0.17348 0.04815 0.05013
/seq_03/frame_00401.png /seq_03/frame_00423.png -0.65342 0.05055 -0.04257 0.98606 -0.14524 0.06474 0.04895
/seq_03/frame_00401.png /seq_03/frame_00424.png -0.74312 0.05564 -0.03266 0.9893 -0.12496 0.06219 0.04258
/seq_03/frame_00401.png /seq_03/frame_00425.png -0.77691 0.0589 -0.02496 0.99044 -0.12244 0.05185 0.03664
/seq_03/frame_00401.png /seq_03/frame_00426.png -0.77691 0.0589 -0.02496 0.99044 -0.12244 0.05185 0.03664
/seq_03/frame_00401.png /seq_03/frame_00427.png -0.81624 0.06257 -0.00479 0.99222 -0.12006 0.03029 0.01328
/seq_03/frame_00401.png /seq_03/frame_00428.png -0.83056 0.0693 0.00659 0.99321 -0.11539 0.01488 0.00101
/seq_03/frame_00401.png /seq_03/frame_00429.png -0.83705 0.11003 0.01177 0.99307 -0.11636 0.01225 0.01079
/seq_03/frame_00401.png /seq_03/frame_00430.png -0.84841 0.14317 0.01231 0.99348 -0.11395 0.00102 0.00264
/seq_03/frame_00401.png /seq_03/frame_00431.png -0.85682 0.19014 0.00859 0.99428 -0.10681 -0.00143 -0.00033
/seq_03/frame_00401.png /seq_03/frame_00432.png -0.8732 0.24054 0.00747 0.99568 -0.09234 -0.0055 -0.0082
/seq_03/frame_00401.png /seq_03/frame_00433.png -0.8842 0.29168 0.00806 0.99717 -0.0741 -0.00386 -0.01215
/seq_03/frame_00401.png /seq_03/frame_00434.png -0.89895 0.36336 0.01675 0.99802 -0.05859 -0.01296 -0.01879
/seq_03/frame_00401.png /seq_03/frame_00435.png -0.89524 0.38164 0.02368 0.99849 -0.04687 -0.02092 -0.0194
/seq_03/frame_00401.png /seq_03/frame_00436.png -0.89364 0.40326 0.03251 0.99831 -0.04827 -0.02457 -0.02099
/seq_03/frame_00401.png /seq_03/frame_00437.png -0.89364 0.40326 0.03251 0.99831 -0.04827 -0.02457 -0.02099
/seq_03/frame_00401.png /seq_03/frame_00438.png -0.88118 0.45347 0.04057 0.99897 -0.00498 -0.03833 -0.02389
/seq_03/frame_00401.png /seq_03/frame_00439.png -0.89986 0.52029 0.05822 0.99783 0.04786 -0.03289 -0.03101
/seq_03/frame_00401.png /seq_03/frame_00440.png -0.90442 0.55023 0.06467 0.99533 0.08428 -0.03422 -0.03237
/seq_03/frame_00401.png /seq_03/frame_00441.png -0.90658 0.57407 0.06921 0.99246 0.11225 -0.03965 -0.02907
/seq_03/frame_00401.png /seq_03/frame_00442.png -0.91002 0.59449 0.07031 0.98987 0.13488 -0.03747 -0.0239
/seq_03/frame_00401.png /seq_03/frame_00443.png -0.91141 0.60961 0.07151 0.98761 0.15252 -0.02756 -0.02442
/seq_03/frame_00401.png /seq_03/frame_00444.png -0.91448 0.64244 0.07708 0.98593 0.16396 -0.00229 -0.03233
/seq_03/frame_00401.png /seq_03/frame_00445.png -0.91448 0.64244 0.07708 0.98593 0.16396 -0.00229 -0.03233
/seq_03/frame_00401.png /seq_03/frame_00446.png -0.89153 0.6706 0.08222 0.98127 0.18742 0.01433 -0.04208
/seq_03/frame_00401.png /seq_03/frame_00447.png -0.87757 0.68511 0.08338 0.98241 0.17905 0.02839 -0.04468
/seq_03/frame_00401.png /seq_03/frame_00448.png -0.86897 0.70499 0.08705 0.98075 0.18641 0.0339 -0.04721
/seq_03/frame_00401.png /seq_03/frame_00449.png -0.85182 0.75247 0.08419 0.98121 0.18584 0.03427 -0.03895
/seq_03/frame_00401.png /seq_03/frame_00450.png -0.85103 0.7734 0.08464 0.98173 0.1784 0.04792 -0.04567
/seq_03/frame_00451.png /seq_03/frame_00452.png 0.0 0.0 0.0 1.0 0.0 0.0 0.0
/seq_03/frame_00451.png /seq_03/frame_00453.png 0.00424 0.03331 0.00551 0.99943 0.02905 0.01439 -0.00894
/seq_03/frame_00451.png /seq_03/frame_00454.png -0.01453 0.07276 0.01276 0.99968 0.0025 0.02141 -0.01321
/seq_03/frame_00451.png /seq_03/frame_00455.png -0.02656 0.09498 0.01803 0.99941 0.01635 0.02462 -0.01721
/seq_03/frame_00451.png /seq_03/frame_00456.png -0.03805 0.0998 0.0176 0.99882 0.01309 0.0408 -0.02276
/seq_03/frame_00451.png /seq_03/frame_00457.png -0.03902 0.10571 0.0105 0.99792 0.03218 0.05336 -0.01656
/seq_03/frame_00451.png /seq_03/frame_00458.png -0.04139 0.11015 -0.00279 0.9966 0.03395 0.07424 -0.01086
/seq_03/frame_00451.png /seq_03/frame_00459.png -0.03511 0.10966 -0.01459 0.99474 0.0428 0.09301 -0.00383
/seq_03/frame_00451.png /seq_03/frame_00460.png -0.02678 0.10938 -0.02585 0.99228 0.05239 0.11232 0.00334
/seq_03/frame_00451.png /seq_03/frame_00461.png -0.02308 0.10508 -0.03373 0.9908 0.05327 0.12434 0.00531
/seq_03/frame_00451.png /seq_03/frame_00462.png -0.0161 0.10138 -0.04053 0.98956 0.06093 0.13032 0.00863
/seq_03/frame_00451.png /seq_03/frame_00463.png 0.00307 0.08136 -0.05441 0.98644 0.09105 0.13602 0.01201
/seq_03/frame_00451.png /seq_03/frame_00464.png 0.01154 0.07057 -0.0606 0.98573 0.1043 0.13146 0.01326
/seq_03/frame_00451.png /seq_03/frame_00465.png 0.01808 0.06007 -0.06652 0.985 0.1201 0.12299 0.01528
/seq_03/frame_00451.png /seq_03/frame_00466.png 0.02194 0.04304 -0.0703 0.98458 0.13421 0.111 0.01624
/seq_03/frame_00451.png /seq_03/frame_00467.png 0.02252 0.02638 -0.07547 0.98447 0.1421 0.10148 0.01823
/seq_03/frame_00451.png /seq_03/frame_00468.png 0.03205 -0.00723 -0.08896 0.9811 0.16912 0.09081 0.02428
/seq_03/frame_00451.png /seq_03/frame_00469.png 0.03752 -0.03138 -0.09204 0.97703 0.19539 0.08155 0.02411
/seq_03/frame_00451.png /seq_03/frame_00470.png 0.0406 -0.0618 -0.09817 0.97076 0.22907 0.06786 0.02326
/seq_03/frame_00451.png /seq_03/frame_00471.png 0.04042 -0.08427 -0.10157 0.9648 0.2574 0.04932 0.02185
/seq_03/frame_00451.png /seq_03/frame_00472.png 0.04091 -0.10075 -0.10864 0.96107 0.27221 0.03954 0.02602
/seq_03/frame_00451.png /seq_03/frame_00473.png 0.04473 -0.14417 -0.11449 0.95105 0.30756 0.01004 0.02855
/seq_03/frame_00451.png /seq_03/frame_00474.png 0.05244 -0.16474 -0.11685 0.94662 0.32107 0.00923 0.02738
/seq_03/frame_00451.png /seq_03/frame_00475.png 0.06265 -0.1834 -0.12223 0.93787 0.34545 0.00626 0.03188
/seq_03/frame_00451.png /seq_03/frame_00476.png 0.0716 -0.20348 -0.12743 0.92748 0.37191 0.00622 0.03775
/seq_03/frame_00451.png /seq_03/frame_00477.png 0.0716 -0.20348 -0.12743 0.92748 0.37191 0.00622 0.03775
/seq_03/frame_00451.png /seq_03/frame_00478.png 0.08269 -0.24829 -0.12663 0.91338 0.40511 0.00238 0.04022
/seq_03/frame_00451.png /seq_03/frame_00479.png 0.08831 -0.26805 -0.1147 0.91971 0.39139 -0.00111 0.03088
/seq_03/frame_00451.png /seq_03/frame_00480.png 0.08831 -0.26805 -0.1147 0.91971 0.39139 -0.00111 0.03088
/seq_03/frame_00451.png /seq_03/frame_00481.png 0.0776 -0.29328 -0.09329 0.93394 0.357 -0.01554 0.00803
/seq_03/frame_00451.png /seq_03/frame_00482.png 0.07331 -0.30508 -0.09299 0.94409 0.32906 -0.01213 0.01622
/seq_03/frame_00451.png /seq_03/frame_00483.png 0.07686 -0.3499 -0.0904 0.95444 0.29641 -0.01837 0.02908
/seq_03/frame_00451.png /seq_03/frame_00484.png 0.08392 -0.37739 -0.08923 0.96513 0.2597 -0.01649 0.0285
/seq_03/frame_00451.png /seq_03/frame_00485.png 0.09355 -0.41473 -0.08073 0.971 0.23542 -0.02653 0.03225
/seq_03/frame_00451.png /seq_03/frame_00486.png 0.09355 -0.41473 -0.08073 0.971 0.23542 -0.02653 0.03225
/seq_03/frame_00451.png /seq_03/frame_00487.png 0.0966 -0.49607 -0.0646 0.97858 0.19011 -0.06807 0.04003
/seq_03/frame_00451.png /seq_03/frame_00488.png 0.08828 -0.55722 -0.05263 0.98293 0.15692 -0.09001 0.03363
/seq_03/frame_00451.png /seq_03/frame_00489.png 0.08467 -0.5878 -0.04367 0.98199 0.15678 -0.10058 0.03164
/seq_03/frame_00451.png /seq_03/frame_00490.png 0.08393 -0.61771 -0.03687 0.98062 0.15805 -0.11367 0.02214
/seq_03/frame_00451.png /seq_03/frame_00491.png 0.08262 -0.64245 -0.03223 0.97898 0.16126 -0.12408 0.01389
/seq_03/frame_00451.png /seq_03/frame_00492.png 0.07631 -0.66556 -0.02067 0.97289 0.17215 -0.15437 0.00399
/seq_03/frame_00451.png /seq_03/frame_00493.png 0.07189 -0.66858 -0.01707 0.97245 0.1647 -0.16496 -0.00189
/seq_03/frame_00451.png /seq_03/frame_00494.png 0.06486 -0.67388 -0.01461 0.97227 0.15766 -0.17267 -0.00476
/seq_03/frame_00451.png /seq_03/frame_00495.png 0.06113 -0.67495 -0.01358 0.97471 0.1443 -0.1704 -0.00958
/seq_03/frame_00451.png /seq_03/frame_00496.png 0.05792 -0.67673 -0.01433 0.97607 0.13449 -0.17046 -0.01189
/seq_03/frame_00451.png /seq_03/frame_00497.png 0.05574 -0.6784 -0.01434 0.98057 0.10783 -0.16299 -0.01727
/seq_03/frame_00451.png /seq_03/frame_00498.png 0.05462 -0.67739 -0.01389 0.98172 0.09933 -0.16142 -0.01724
/seq_03/frame_00451.png /seq_03/frame_00499.png 0.05227 -0.67925 -0.01339 0.98305 0.08849 -0.15939 -0.01919
/seq_03/frame_00451.png /seq_03/frame_00500.png 0.0491 -0.6805 -0.01343 0.98438 0.07566 -0.15752 -0.02126
/seq_03/frame_00501.png /seq_03/frame_00502.png -0.00222 -0.00316 -0.00407 0.99984 -0.01593 0.00762 0.00284
/seq_03/frame_00501.png /seq_03/frame_00503.png -0.00114 -0.00496 -0.00475 0.99964 -0.0244 0.0107 0.00423
/seq_03/frame_00501.png /seq_03/frame_00504.png 0.00148 -0.0057 -0.00488 0.9994 -0.03213 0.01236 0.0039
/seq_03/frame_00501.png /seq_03/frame_00505.png 0.00408 -0.00531 -0.00729 0.99899 -0.04275 0.01351 0.00281
/seq_03/frame_00501.png /seq_03/frame_00506.png 0.00589 -0.00182 -0.0104 0.99859 -0.05035 0.01634 0.00317
/seq_03/frame_00501.png /seq_03/frame_00507.png 0.00897 -0.01451 -0.01262 0.99787 -0.06274 0.01788 0.00238
/seq_03/frame_00501.png /seq_03/frame_00508.png 0.01136 -0.01419 -0.0142 0.99727 -0.07134 0.01879 0.00167
/seq_03/frame_00501.png /seq_03/frame_00509.png 0.01136 -0.01419 -0.0142 0.99727 -0.07134 0.01879 0.00167
/seq_03/frame_00501.png /seq_03/frame_00510.png 0.01118 -0.01765 -0.01874 0.99427 -0.10019 0.03716 0.00282
/seq_03/frame_00501.png /seq_03/frame_00511.png 0.01237 -0.01829 -0.02501 0.99334 -0.10705 0.04198 0.00788
/seq_03/frame_00501.png /seq_03/frame_00512.png 0.01745 -0.02054 -0.02585 0.98982 -0.13143 0.05268 0.01411
/seq_03/frame_00501.png /seq_03/frame_00513.png 0.01885 -0.01933 -0.02548 0.98838 -0.14179 0.05251 0.01573
/seq_03/frame_00501.png /seq_03/frame_00514.png 0.02076 -0.01834 -0.02591 0.98616 -0.15448 0.05657 0.02037
/seq_03/frame_00501.png /seq_03/frame_00515.png 0.02316 -0.017 -0.02569 0.98324 -0.17038 0.06107 0.02216
/seq_03/frame_00501.png /seq_03/frame_00516.png 0.02372 -0.01631 -0.02678 0.98144 -0.17943 0.06317 0.02441
/seq_03/frame_00501.png /seq_03/frame_00517.png 0.02372 -0.01631 -0.02678 0.98144 -0.17943 0.06317 0.02441
/seq_03/frame_00501.png /seq_03/frame_00518.png 0.02372 -0.01631 -0.02678 0.98144 -0.17943 0.06317 0.02441
/seq_03/frame_00501.png /seq_03/frame_00519.png 0.06143 0.02496 -0.04704 0.96934 -0.21878 0.0961 0.05734
/seq_03/frame_00501.png /seq_03/frame_00520.png 0.09618 0.03984 -0.05435 0.96558 -0.22798 0.10554 0.0674
/seq_03/frame_00501.png /seq_03/frame_00521.png 0.14112 0.06067 -0.05968 0.96667 -0.22258 0.09994 0.07765
/seq_03/frame_00501.png /seq_03/frame_00522.png 0.21968 0.09004 -0.06322 0.96057 -0.24383 0.1008 0.08765
/seq_03/frame_00501.png /seq_03/frame_00523.png 0.2437 0.08366 -0.06389 0.95503 -0.25865 0.11243 0.09154
/seq_03/frame_00501.png /seq_03/frame_00524.png 0.2732 0.0636 -0.06214 0.95239 -0.26722 0.11631 0.08955
/seq_03/frame_00501.png /seq_03/frame_00525.png 0.30921 0.04003 -0.06161 0.94642 -0.28625 0.11512 0.09534
/seq_03/frame_00501.png /seq_03/frame_00526.png 0.3525 0.01205 -0.0639 0.94116 -0.29999 0.11166 0.10842
/seq_03/frame_00501.png /seq_03/frame_00527.png 0.39738 -0.01647 -0.06447 0.93589 -0.31515 0.10525 0.11709
/seq_03/frame_00501.png /seq_03/frame_00528.png 0.4933 -0.05942 -0.07583 0.9201 -0.34842 0.12293 0.12999
/seq_03/frame_00501.png /seq_03/frame_00529.png 0.55194 -0.07481 -0.08223 0.92038 -0.34312 0.13139 0.13381
/seq_03/frame_00501.png /seq_03/frame_00530.png 0.61575 -0.07805 -0.08978 0.92139 -0.33451 0.14464 0.13501
/seq_03/frame_00501.png /seq_03/frame_00531.png 0.7763 -0.0635 -0.08829 0.92452 -0.32816 0.12747 0.14605
/seq_03/frame_00501.png /seq_03/frame_00532.png 0.85503 -0.0596 -0.08511 0.92134 -0.33764 0.1184 0.15202
/seq_03/frame_00501.png /seq_03/frame_00533.png 0.92078 -0.05622 -0.0825 0.91737 -0.34681 0.12409 0.15086
/seq_03/frame_00501.png /seq_03/frame_00534.png 0.97514 -0.06416 -0.07781 0.91445 -0.35896 0.11932 0.14384
/seq_03/frame_00501.png /seq_03/frame_00535.png 1.02749 -0.07656 -0.07301 0.90325 -0.38843 0.11915 0.13807
/seq_03/frame_00501.png /seq_03/frame_00536.png 1.12686 -0.11199 -0.07102 0.87686 -0.44078 0.10608 0.15989
/seq_03/frame_00501.png /seq_03/frame_00537.png 1.17542 -0.13281 -0.06837 0.8694 -0.45497 0.10543 0.16133
/seq_03/frame_00501.png /seq_03/frame_00538.png 1.22362 -0.14826 -0.06836 0.86327 -0.46706 0.10523 0.15984
/seq_03/frame_00501.png /seq_03/frame_00539.png 1.26504 -0.15584 -0.06986 0.8605 -0.47378 0.10277 0.15657
/seq_03/frame_00501.png /seq_03/frame_00540.png 1.26504 -0.15584 -0.06986 0.8605 -0.47378 0.10277 0.15657
/seq_03/frame_00501.png /seq_03/frame_00541.png 1.3801 -0.13181 -0.07113 0.85643 -0.4843 0.10204 0.14683
/seq_03/frame_00501.png /seq_03/frame_00542.png 1.42939 -0.11283 -0.06756 0.85622 -0.48434 0.09478 0.15269
/seq_03/frame_00501.png /seq_03/frame_00543.png 1.481 -0.09479 -0.06391 0.85691 -0.48444 0.09074 0.15095
/seq_03/frame_00501.png /seq_03/frame_00544.png 1.53386 -0.07589 -0.05894 0.86078 -0.48031 0.0804 0.14797
/seq_03/frame_00501.png /seq_03/frame_00545.png 1.58394 -0.06143 -0.05034 0.86507 -0.47641 0.07613 0.13741
/seq_03/frame_00501.png /seq_03/frame_00546.png 1.66169 -0.05269 -0.03979 0.8766 -0.46075 0.06679 0.12175
/seq_03/frame_00501.png /seq_03/frame_00547.png 1.69511 -0.05672 -0.03475 0.8865 -0.44536 0.05598 0.11247
/seq_03/frame_00501.png /seq_03/frame_00548.png 1.72839 -0.05947 -0.02997 0.89306 -0.43543 0.0512 0.1011
/seq_03/frame_00501.png /seq_03/frame_00549.png 1.76413 -0.06371 -0.02645 0.89437 -0.43554 0.04758 0.09023
/seq_03/frame_00501.png /seq_03/frame_00550.png 1.76413 -0.06371 -0.02645 0.89437 -0.43554 0.04758 0.09023
/seq_03/frame_00551.png /seq_03/frame_00552.png 0.0 0.0 0.0 1.0 0.0 0.0 0.0
/seq_03/frame_00551.png /seq_03/frame_00553.png 0.17137 -0.06014 0.02137 0.99956 -0.01327 -0.01284 -0.02309
/seq_03/frame_00551.png /seq_03/frame_00554.png 0.22341 -0.08054 0.02234 0.99943 -0.01828 -0.01498 -0.02422
/seq_03/frame_00551.png /seq_03/frame_00555.png 0.26185 -0.09103 0.0176 0.99924 -0.02783 -0.0181 -0.02039
/seq_03/frame_00551.png /seq_03/frame_00556.png 0.32582 -0.06912 0.0032 0.99943 -0.03201 -0.01034 -0.00367
/seq_03/frame_00551.png /seq_03/frame_00557.png 0.36583 -0.04749 -0.00476 0.99965 -0.02492 -0.00777 0.00487
/seq_03/frame_00551.png /seq_03/frame_00558.png 0.41442 -0.02487 -0.00868 0.99964 -0.02226 -0.00298 0.01465
/seq_03/frame_00551.png /seq_03/frame_00559.png 0.46322 -0.00644 -0.01201 0.99976 -0.00924 -0.00273 0.01964
/seq_03/frame_00551.png /seq_03/frame_00560.png 0.50086 0.00388 -0.01507 0.99981 -0.00157 -0.00302 0.01907
/seq_03/frame_00551.png /seq_03/frame_00561.png 0.5554 0.00922 -0.02673 0.99919 0.01561 0.01741 0.03272
/seq_03/frame_00551.png /seq_03/frame_00562.png 0.58214 0.00319 -0.02875 0.99889 0.01724 0.01947 0.03926
/seq_03/frame_00551.png /seq_03/frame_00563.png 0.60815 -0.00734 -0.03206 0.99825 0.02537 0.02184 0.04881
/seq_03/frame_00551.png /seq_03/frame_00564.png 0.6289 -0.02068 -0.03561 0.99763 0.03614 0.02276 0.05394
/seq_03/frame_00551.png /seq_03/frame_00565.png 0.64108 -0.02913 -0.03799 0.99702 0.04672 0.02506 0.05598
/seq_03/frame_00551.png /seq_03/frame_00566.png 0.65024 -0.04292 -0.04171 0.99533 0.06955 0.02956 0.05999
/seq_03/frame_00551.png /seq_03/frame_00567.png 0.65003 -0.0444 -0.04406 0.99407 0.0836 0.03165 0.06198
/seq_03/frame_00551.png /seq_03/frame_00568.png 0.64724 -0.04469 -0.04757 0.99268 0.09434 0.03705 0.06567
/seq_03/frame_00551.png /seq_03/frame_00569.png 0.64498 -0.04173 -0.053 0.99084 0.1076 0.041 0.07059
/seq_03/frame_00551.png /seq_03/frame_00570.png 0.6439 -0.03235 -0.06648 0.9865 0.13031 0.05286 0.0839
/seq_03/frame_00551.png /seq_03/frame_00571.png 0.64529 -0.02949 -0.07339 0.98369 0.14432 0.05662 0.09126
/seq_03/frame_00551.png /seq_03/frame_00572.png 0.6464 -0.02958 -0.0792 0.98076 0.15821 0.05945 0.0977
/seq_03/frame_00551.png /seq_03/frame_00573.png 0.64834 -0.03278 -0.08354 0.97771 0.17291 0.06279 0.10121
/seq_03/frame_00551.png /seq_03/frame_00574.png 0.65069 -0.03359 -0.08828 0.9751 0.18222 0.06415 0.10893
/seq_03/frame_00551.png /seq_03/frame_00575.png 0.65766 -0.03474 -0.10844 0.96882 0.1933 0.07573 0.1352
/seq_03/frame_00551.png /seq_03/frame_00576.png 0.66661 -0.03851 -0.11964 0.96354 0.20715 0.08388 0.14713
/seq_03/frame_00551.png /seq_03/frame_00577.png 0.67897 -0.04338 -0.1266 0.95783 0.2257 0.09044 0.1531
/seq_03/frame_00551.png /seq_03/frame_00578.png 0.69356 -0.05206 -0.13357 0.95147 0.24607 0.09776 0.1568
/seq_03/frame_00551.png /seq_03/frame_00579.png 0.70632 -0.06292 -0.13838 0.94412 0.26898 0.10331 0.16007
/seq_03/frame_00551.png /seq_03/frame_00580.png 0.7231 -0.09081 -0.1441 0.93074 0.30624 0.12418 0.15658
/seq_03/frame_00551.png /seq_03/frame_00581.png 0.72797 -0.10432 -0.14795 0.92345 0.32462 0.13 0.15797
/seq_03/frame_00551.png /seq_03/frame_00582.png 0.73469 -0.11788 -0.15036 0.9161 0.34316 0.13601 0.15655
/seq_03/frame_00551.png /seq_03/frame_00583.png 0.73842 -0.13512 -0.14994 0.91065 0.35609 0.14172 0.15435
/seq_03/frame_00551.png /seq_03/frame_00584.png 0.74828 -0.14683 -0.15282 0.90396 0.37106 0.14765 0.1529
/seq_03/frame_00551.png /seq_03/frame_00585.png 0.76275 -0.1581 -0.15695 0.89634 0.38658 0.15118 0.15579
/seq_03/frame_00551.png /seq_03/frame_00586.png 0.76275 -0.1581 -0.15695 0.89634 0.38658 0.15118 0.15579
/seq_03/frame_00551.png /seq_03/frame_00587.png 0.76275 -0.1581 -0.15695 0.89634 0.38658 0.15118 0.15579
/seq_03/frame_00551.png /seq_03/frame_00588.png 0.88846 -0.20671 -0.1608 0.8789 0.41922 0.16731 0.15427
/seq_03/frame_00551.png /seq_03/frame_00589.png 0.92039 -0.22336 -0.15627 0.88321 0.41381 0.1637 0.148
/seq_03/frame_00551.png /seq_03/frame_00590.png 0.968 -0.25677 -0.14491 0.897 0.38928 0.15809 0.13732
/seq_03/frame_00551.png /seq_03/frame_00591.png 0.98656 -0.26783 -0.13985 0.90314 0.37966 0.14758 0.13573
/seq_03/frame_00551.png /seq_03/frame_00592.png 1.01057 -0.27509 -0.1346 0.90607 0.37146 0.1516 0.13443
/seq_03/frame_00551.png /seq_03/frame_00593.png 1.01057 -0.27509 -0.1346 0.90607 0.37146 0.1516 0.13443
/seq_03/frame_00551.png /seq_03/frame_00594.png 1.09353 -0.27489 -0.1307 0.90652 0.37615 0.13411 0.13691
/seq_03/frame_00551.png /seq_03/frame_00595.png 1.23521 -0.23728 -0.12813 0.90621 0.37344 0.13766 0.14277
/seq_03/frame_00551.png /seq_03/frame_00596.png 1.31083 -0.20544 -0.12929 0.90579 0.37311 0.13655 0.14728
/seq_03/frame_00551.png /seq_03/frame_00597.png 1.37416 -0.18253 -0.1322 0.90749 0.3643 0.14352 0.15214
/seq_03/frame_00551.png /seq_03/frame_00598.png 1.41681 -0.16806 -0.13732 0.90588 0.36493 0.14408 0.15952
/seq_03/frame_00551.png /seq_03/frame_00599.png 1.45017 -0.15746 -0.13837 0.90876 0.35708 0.14225 0.16255
/seq_03/frame_00551.png /seq_03/frame_00600.png 1.50843 -0.15146 -0.13916 0.91466 0.33394 0.14281 0.17745
/seq_03/frame_00601.png /seq_03/frame_00602.png 0.0 0.0 0.0 1.0 0.0 0.0 0.0
/seq_03/frame_00601.png /seq_03/frame_00603.png 0.12265 0.00376 0.00653 0.99914 -0.03811 -0.00577 0.01549
/seq_03/frame_00601.png /seq_03/frame_00604.png 0.23151 0.00748 0.0035 0.99699 -0.07337 0.00583 0.02457
/seq_03/frame_00601.png /seq_03/frame_00605.png 0.27597 0.01117 0.00282 0.99586 -0.08576 0.00494 0.02968
/seq_03/frame_00601.png /seq_03/frame_00606.png 0.27597 0.01117 0.00282 0.99586 -0.08576 0.00494 0.02968
/seq_03/frame_00601.png /seq_03/frame_00607.png 0.37018 0.03442 -5e-05 0.99438 -0.10043 -0.00112 0.03345
/seq_03/frame_00601.png /seq_03/frame_00608.png 0.37018 0.03442 -5e-05 0.99438 -0.10043 -0.00112 0.03345
/seq_03/frame_00601.png /seq_03/frame_00609.png 0.50576 0.08225 0.00131 0.99246 -0.1137 -0.00595 0.04539
/seq_03/frame_00601.png /seq_03/frame_00610.png 0.61024 0.1177 0.0035 0.9877 -0.14915 -0.00817 0.04625
/seq_03/frame_00601.png /seq_03/frame_00611.png 0.61024 0.1177 0.0035 0.9877 -0.14915 -0.00817 0.04625
/seq_03/frame_00601.png /seq_03/frame_00612.png 0.69739 0.12438 -0.00515 0.97653 -0.2106 -0.00813 0.0444
/seq_03/frame_00601.png /seq_03/frame_00613.png 0.74256 0.1146 -0.00849 0.96617 -0.25234 -0.01752 0.05025
/seq_03/frame_00601.png /seq_03/frame_00614.png 0.82585 0.11299 -0.00828 0.94276 -0.33007 -0.01932 0.04348
/seq_03/frame_00601.png /seq_03/frame_00615.png 0.84691 0.12857 -0.00822 0.93273 -0.35774 -0.01677 0.04179
/seq_03/frame_00601.png /seq_03/frame_00616.png 0.85962 0.15849 -0.00452 0.92258 -0.38363 -0.01783 0.03679
/seq_03/frame_00601.png /seq_03/frame_00617.png 0.87312 0.1957 -0.0003 0.91329 -0.40559 -0.02032 0.03145
/seq_03/frame_00601.png /seq_03/frame_00618.png 0.88684 0.23808 -0.00067 0.9078 -0.41758 -0.02944 0.02582
/seq_03/frame_00601.png /seq_03/frame_00619.png 0.91918 0.31281 -0.00014 0.89829 -0.43797 -0.03028 0.01839
/seq_03/frame_00601.png /seq_03/frame_00620.png 0.94321 0.33783 0.00212 0.89313 -0.44846 -0.02985 0.01757
/seq_03/frame_00601.png /seq_03/frame_00621.png 0.96918 0.35088 0.00438 0.88374 -0.46678 -0.02914 0.01647
/seq_03/frame_00601.png /seq_03/frame_00622.png 0.99694 0.36044 0.00941 0.86831 -0.4945 -0.03426 0.01852
/seq_03/frame_00601.png /seq_03/frame_00623.png 1.02257 0.3663 0.0155 0.85581 -0.51586 -0.03564 0.01456
/seq_03/frame_00601.png /seq_03/frame_00624.png 1.05761 0.35273 0.02726 0.83551 -0.54762 -0.0451 0.00133
/seq_03/frame_00601.png /seq_03/frame_00625.png 1.05761 0.35273 0.02726 0.83551 -0.54762 -0.0451 0.00133
/seq_03/frame_00601.png /seq_03/frame_00626.png 1.06807 0.35056 0.03963 0.81147 -0.58152 -0.05552 -0.01661
/seq_03/frame_00601.png /seq_03/frame_00627.png 1.07027 0.34859 0.0473 0.79967 -0.59666 -0.06088 -0.0285
/seq_03/frame_00601.png /seq_03/frame_00628.png 1.07431 0.34239 0.05417 0.79412 -0.6021 -0.07153 -0.04166
/seq_03/frame_00601.png /seq_03/frame_00629.png 1.08374 0.32387 0.06885 0.78854 -0.60527 -0.08354 -0.06988
/seq_03/frame_00601.png /seq_03/frame_00630.png 1.08518 0.31693 0.07482 0.78045 -0.61428 -0.08435 -0.08024
/seq_03/frame_00601.png /seq_03/frame_00631.png 1.08187 0.31403 0.07792 0.76905 -0.62738 -0.08344 -0.08939
/seq_03/frame_00601.png /seq_03/frame_00632.png 1.07622 0.31211 0.07951 0.75383 -0.64531 -0.07792 -0.09617
/seq_03/frame_00601.png /seq_03/frame_00633.png 1.07008 0.31242 0.08134 0.74129 -0.65963 -0.07216 -0.10084
/seq_03/frame_00601.png /seq_03/frame_00634.png 1.05039 0.32432 0.08069 0.70878 -0.69503 -0.06404 -0.10225
/seq_03/frame_00601.png /seq_03/frame_00635.png 1.03438 0.32151 0.08296 -0.69131 0.71206 0.06359 0.10496
/seq_03/frame_00601.png /seq_03/frame_00636.png 1.01056 0.31512 0.08395 -0.66712 0.73527 0.06223 0.1023
/seq_03/frame_00601.png /seq_03/frame_00637.png 0.98087 0.30712 0.08218 -0.63804 0.7626 0.04223 0.0978
/seq_03/frame_00601.png /seq_03/frame_00638.png 0.9465 0.29495 0.07791 -0.61143 0.78471 0.03688 0.09501
/seq_03/frame_00601.png /seq_03/frame_00639.png 0.88733 0.26991 0.07076 -0.59731 0.79631 0.03544 0.08857
/seq_03/frame_00601.png /seq_03/frame_00640.png 0.85569 0.25668 0.06877 -0.58479 0.80569 0.03184 0.08872
/seq_03/frame_00601.png /seq_03/frame_00641.png 0.82292 0.24266 0.07025 -0.56722 0.81803 0.02707 0.09145
/seq_03/frame_00601.png /seq_03/frame_00642.png 0.79028 0.23165 0.07076 -0.5558 0.82557 0.02717 0.09368
/seq_03/frame_00601.png /seq_03/frame_00643.png 0.72419 0.21221 0.07007 -0.52417 0.84454 0.023 0.1071
/seq_03/frame_00601.png /seq_03/frame_00644.png 0.696 0.20918 0.06589 -0.51516 0.84964 0.02262 0.11054
/seq_03/frame_00601.png /seq_03/frame_00645.png 0.67686 0.20802 0.06575 -0.51326 0.84972 0.02772 0.11734
/seq_03/frame_00601.png /seq_03/frame_00646.png 0.66195 0.20232 0.06804 -0.50777 0.85181 0.02698 0.12595
/seq_03/frame_00601.png /seq_03/frame_00647.png 0.66195 0.20232 0.06804 -0.50777 0.85181 0.02698 0.12595
/seq_03/frame_00601.png /seq_03/frame_00648.png 0.62373 0.19458 0.08807 -0.4913 0.85724 0.01332 0.1536
/seq_03/frame_00601.png /seq_03/frame_00649.png 0.61346 0.1979 0.09491 -0.48457 0.85959 0.00552 0.16208
/seq_03/frame_00601.png /seq_03/frame_00650.png 0.60608 0.20894 0.10043 -0.48394 0.85816 0.00795 0.17117
/seq_03/frame_00651.png /seq_03/frame_00652.png 0.00848 0.04724 0.01396 0.99961 -0.01998 0.01773 -0.00754
/seq_03/frame_00651.png /seq_03/frame_00653.png 0.02272 0.11892 0.02346 0.99818 -0.04928 0.03229 -0.0128
/seq_03/frame_00651.png /seq_03/frame_00654.png 0.02849 0.15994 0.031 0.99789 -0.05048 0.03875 -0.01301
/seq_03/frame_00651.png /seq_03/frame_00655.png 0.02809 0.19802 0.03906 0.99734 -0.05111 0.04894 -0.01726
/seq_03/frame_00651.png /seq_03/frame_00656.png 0.03122 0.23256 0.04436 0.99679 -0.05373 0.0559 -0.01978
/seq_03/frame_00651.png /seq_03/frame_00657.png 0.03393 0.26094 0.04745 0.99635 -0.05301 0.0636 -0.02056
/seq_03/frame_00651.png /seq_03/frame_00658.png 0.04388 0.31792 0.05008 0.99496 -0.06398 0.07491 -0.01862
/seq_03/frame_00651.png /seq_03/frame_00659.png 0.04388 0.31792 0.05008 0.99496 -0.06398 0.07491 -0.01862
/seq_03/frame_00651.png /seq_03/frame_00660.png 0.02538 0.35374 0.05274 0.99484 -0.0592 0.08044 -0.01787
/seq_03/frame_00651.png /seq_03/frame_00661.png -0.00616 0.36598 0.04805 0.99513 -0.05071 0.08204 -0.02025
/seq_03/frame_00651.png /seq_03/frame_00662.png -0.05318 0.3899 0.04463 0.99544 -0.04122 0.0818 -0.02664
/seq_03/frame_00651.png /seq_03/frame_00663.png -0.15035 0.4371 0.03424 0.99655 -0.04268 0.06888 -0.0177
/seq_03/frame_00651.png /seq_03/frame_00664.png -0.18947 0.45581 0.02023 0.99702 -0.05204 0.05635 -0.00792
/seq_03/frame_00651.png /seq_03/frame_00665.png -0.18947 0.45581 0.02023 0.99702 -0.05204 0.05635 -0.00792
/seq_03/frame_00651.png /seq_03/frame_00666.png -0.18947 0.45581 0.02023 0.99702 -0.05204 0.05635 -0.00792
/seq_03/frame_00651.png /seq_03/frame_00667.png -0.18947 0.45581 0.02023 0.99702 -0.05204 0.05635 -0.00792
/seq_03/frame_00651.png /seq_03/frame_00668.png -0.26423 0.5253 -0.02707 0.99899 -0.04217 0.00216 0.0151
/seq_03/frame_00651.png /seq_03/frame_00669.png -0.27334 0.60941 -0.038 0.99841 -0.05057 -0.01151 0.02213
/seq_03/frame_00651.png /seq_03/frame_00670.png -0.27334 0.60941 -0.038 0.99841 -0.05057 -0.01151 0.02213
/seq_03/frame_00651.png /seq_03/frame_00671.png -0.27089 0.719 -0.04135 0.9962 -0.07671 -0.03597 0.02043
/seq_03/frame_00651.png /seq_03/frame_00672.png -0.27089 0.719 -0.04135 0.9962 -0.07671 -0.03597 0.02043
/seq_03/frame_00651.png /seq_03/frame_00673.png -0.25395 0.82045 -0.03698 0.99446 -0.09516 -0.04073 0.0182
/seq_03/frame_00651.png /seq_03/frame_00674.png -0.25263 0.89049 -0.04366 0.99285 -0.10596 -0.05156 0.01891
/seq_03/frame_00651.png /seq_03/frame_00675.png -0.25263 0.89049 -0.04366 0.99285 -0.10596 -0.05156 0.01891
/seq_03/frame_00651.png /seq_03/frame_00676.png -0.28871 0.95556 -0.0455 0.99108 -0.11635 -0.06234 0.01843
/seq_03/frame_00651.png /seq_03/frame_00677.png -0.31954 0.99067 -0.041 0.98936 -0.13142 -0.06143 0.01058
/seq_03/frame_00651.png /seq_03/frame_00678.png -0.38559 1.07481 -0.03247 0.98542 -0.16294 -0.04886 0.003
/seq_03/frame_00651.png /seq_03/frame_00679.png -0.38559 1.07481 -0.03247 0.98542 -0.16294 -0.04886 0.003
/seq_03/frame_00651.png /seq_03/frame_00680.png -0.4232 1.13571 -0.02775 0.98168 -0.18715 -0.03436 0.00972
/seq_03/frame_00651.png /seq_03/frame_00681.png -0.4232 1.13571 -0.02775 0.98168 -0.18715 -0.03436 0.00972
/seq_03/frame_00651.png /seq_03/frame_00682.png -0.44634 1.21301 -0.02371 0.97383 -0.22533 -0.02508 0.01594
/seq_03/frame_00651.png /seq_03/frame_00683.png -0.43937 1.33659 -0.01213 0.96135 -0.27441 -0.02 0.01037
/seq_03/frame_00651.png /seq_03/frame_00684.png -0.429 1.39886 -0.0052 0.95234 -0.30439 -0.01822 0.00756
/seq_03/frame_00651.png /seq_03/frame_00685.png -0.429 1.39886 -0.0052 0.95234 -0.30439 -0.01822 0.00756
/seq_03/frame_00651.png /seq_03/frame_00686.png -0.41855 1.49016 -0.00019 0.93483 -0.35413 -0.02074 0.01629
/seq_03/frame_00651.png /seq_03/frame_00687.png -0.43926 1.54947 0.00624 0.93168 -0.36215 -0.01222 0.02573
/seq_03/frame_00651.png /seq_03/frame_00688.png -0.46985 1.58137 0.00567 0.92856 -0.37003 -0.00735 0.02841
/seq_03/frame_00651.png /seq_03/frame_00689.png -0.5141 1.6141 0.00602 0.9222 -0.3853 -0.00799 0.03211
/seq_03/frame_00651.png /seq_03/frame_00690.png -0.5141 1.6141 0.00602 0.9222 -0.3853 -0.00799 0.03211
/seq_03/frame_00651.png /seq_03/frame_00691.png -0.60511 1.68786 0.01042 0.90703 -0.41975 0.0036 0.03299
/seq_03/frame_00651.png /seq_03/frame_00692.png -0.67254 1.7543 0.01376 0.89676 -0.44017 0.01424 0.0432
/seq_03/frame_00651.png /seq_03/frame_00693.png -0.67254 1.7543 0.01376 0.89676 -0.44017 0.01424 0.0432
/seq_03/frame_00651.png /seq_03/frame_00694.png -0.73466 1.84013 0.01459 0.87735 -0.47786 0.01943 0.03906
/seq_03/frame_00651.png /seq_03/frame_00695.png -0.76459 1.89306 0.01659 0.86914 -0.49318 0.01521 0.03388
/seq_03/frame_00651.png /seq_03/frame_00696.png -0.79307 1.94738 0.01865 0.8611 -0.50738 0.01065 0.03091
/seq_03/frame_00651.png /seq_03/frame_00697.png -0.83851 2.03502 0.02024 0.84462 -0.53483 0.003 0.02382
/seq_03/frame_00651.png /seq_03/frame_00698.png -0.85755 2.06806 0.01849 0.84102 -0.54062 0.00793 0.0188
/seq_03/frame_00651.png /seq_03/frame_00699.png -0.85755 2.06806 0.01849 0.84102 -0.54062 0.00793 0.0188
/seq_03/frame_00651.png /seq_03/frame_00700.png -0.90894 2.11581 0.00952 0.8398 -0.542 0.01204 0.02883
/seq_03/frame_00701.png /seq_03/frame_00702.png -0.11244 0.0423 0.01077 0.99978 -0.01067 0.01821 -0.00103
/seq_03/frame_00701.png /seq_03/frame_00703.png -0.16891 0.06088 0.01479 0.99941 -0.01139 0.0324 0.00252
/seq_03/frame_00701.png /seq_03/frame_00704.png -0.16891 0.06088 0.01479 0.99941 -0.01139 0.0324 0.00252
/seq_03/frame_00701.png /seq_03/frame_00705.png -0.16891 0.06088 0.01479 0.99941 -0.01139 0.0324 0.00252
/seq_03/frame_00701.png /seq_03/frame_00706.png -0.16891 0.06088 0.01479 0.99941 -0.01139 0.0324 0.00252
/seq_03/frame_00701.png /seq_03/frame_00707.png -0.4026 0.2293 0.02347 0.99668 -0.06703 0.03641 0.02862
/seq_03/frame_00701.png /seq_03/frame_00708.png -0.44627 0.28628 0.0292 0.99411 -0.09614 0.03767 0.03293
/seq_03/frame_00701.png /seq_03/frame_00709.png -0.48354 0.33683 0.03568 0.99155 -0.11586 0.04748 0.03394
/seq_03/frame_00701.png /seq_03/frame_00710.png -0.52202 0.37454 0.04035 0.99018 -0.1287 0.04181 0.03495
/seq_03/frame_00701.png /seq_03/frame_00711.png -0.56008 0.39504 0.04539 0.98814 -0.1417 0.04015 0.04352
/seq_03/frame_00701.png /seq_03/frame_00712.png -0.65206 0.40585 0.03819 0.98613 -0.15478 0.03642 0.04767
/seq_03/frame_00701.png /seq_03/frame_00713.png -0.65206 0.40585 0.03819 0.98613 -0.15478 0.03642 0.04767
/seq_03/frame_00701.png /seq_03/frame_00714.png -0.76641 0.37819 0.04159 0.9817 -0.17795 0.05522 0.03942
/seq_03/frame_00701.png /seq_03/frame_00715.png -0.76641 0.37819 0.04159 0.9817 -0.17795 0.05522 0.03942
/seq_03/frame_00701.png /seq_03/frame_00716.png -0.86839 0.34296 0.04016 0.96936 -0.23249 0.05665 0.05547
/seq_03/frame_00701.png /seq_03/frame_00717.png -0.95352 0.32815 0.0328 0.95603 -0.28317 0.04361 0.06263
/seq_03/frame_00701.png /seq_03/frame_00718.png -0.95352 0.32815 0.0328 0.95603 -0.28317 0.04361 0.06263
/seq_03/frame_00701.png /seq_03/frame_00719.png -1.06208 0.33871 0.03156 0.93711 -0.34494 0.03044 0.04372
/seq_03/frame_00701.png /seq_03/frame_00720.png -1.12014 0.34981 0.03461 0.92922 -0.36705 0.02772 0.03243
/seq_03/frame_00701.png /seq_03/frame_00721.png -1.22564 0.37796 0.02749 0.91382 -0.40542 0.00583 0.02331
/seq_03/frame_00701.png /seq_03/frame_00722.png -1.26719 0.39198 0.01773 0.90795 -0.41887 0.00013 0.0133
/seq_03/frame_00701.png /seq_03/frame_00723.png -1.26719 0.39198 0.01773 0.90795 -0.41887 0.00013 0.0133
/seq_03/frame_00701.png /seq_03/frame_00724.png -1.33099 0.39242 0.01015 0.90245 -0.43063 -0.0101 0.00603
/seq_03/frame_00701.png /seq_03/frame_00725.png -1.35871 0.37559 0.00786 0.89982 -0.43624 -0.00194 0.00457
/seq_03/frame_00701.png /seq_03/frame_00726.png -1.41916 0.31255 0.00501 0.87399 -0.48589 -0.00079 -0.00743
/seq_03/frame_00701.png /seq_03/frame_00727.png -1.41916 0.31255 0.00501 0.87399 -0.48589 -0.00079 -0.00743
/seq_03/frame_00701.png /seq_03/frame_00728.png -1.47654 0.24503 -0.00202 0.86005 -0.51012 -0.00078 -0.00933
/seq_03/frame_00701.png /seq_03/frame_00729.png -1.49724 0.22204 -0.00734 0.8576 -0.51399 -0.0069 -0.01669
/seq_03/frame_00701.png /seq_03/frame_00730.png -1.51994 0.20508 -0.01127 0.85711 -0.51458 -0.00895 -0.02189
/seq_03/frame_00701.png /seq_03/frame_00731.png -1.5811 0.18796 -0.01586 0.84176 -0.53882 -0.00642 -0.03275
/seq_03/frame_00701.png /seq_03/frame_00732.png -1.62271 0.18732 -0.01768 0.83453 -0.54941 -0.00486 -0.04106
/seq_03/frame_00701.png /seq_03/frame_00733.png -1.66673 0.18782 -0.01646 0.8263 -0.5613 -0.00059 -0.04657
/seq_03/frame_00701.png /seq_03/frame_00734.png -1.66673 0.18782 -0.01646 0.8263 -0.5613 -0.00059 -0.04657
/seq_03/frame_00701.png /seq_03/frame_00735.png -1.74627 0.19099 -0.01276 0.80316 -0.5944 0.00228 -0.04021
/seq_03/frame_00701.png /seq_03/frame_00736.png -1.80906 0.1664 -0.01076 0.77964 -0.62486 -0.00036 -0.04121
/seq_03/frame_00701.png /seq_03/frame_00737.png -1.8323 0.12957 -0.01235 0.77411 -0.63108 0.00474 -0.04969
/seq_03/frame_00701.png /seq_03/frame_00738.png -1.85663 0.0821 -0.01137 0.76671 -0.63936 0.00906 -0.05741
/seq_03/frame_00701.png /seq_03/frame_00739.png -1.87453 0.03112 -0.01043 0.75585 -0.65214 0.01776 -0.05555
/seq_03/frame_00701.png /seq_03/frame_00740.png -1.89167 -0.01603 -0.0076 0.74372 -0.66621 0.01946 -0.05158
/seq_03/frame_00701.png /seq_03/frame_00741.png -1.91117 -0.08632 -0.00713 0.72951 -0.68217 0.02783 -0.04105
/seq_03/frame_00701.png /seq_03/frame_00742.png -1.91478 -0.11336 -0.01108 0.71996 -0.69246 0.02078 -0.0415
/seq_03/frame_00701.png /seq_03/frame_00743.png -1.9224 -0.13584 -0.01593 -0.70429 0.70858 -0.0106 0.04215
/seq_03/frame_00701.png /seq_03/frame_00744.png -1.93625 -0.15831 -0.01762 -0.68475 0.72772 -0.01174 0.03757
/seq_03/frame_00701.png /seq_03/frame_00745.png -1.95884 -0.18276 -0.01732 -0.65351 0.75583 -0.01276 0.03862
/seq_03/frame_00701.png /seq_03/frame_00746.png -2.02165 -0.22329 -0.0156 -0.60972 0.79112 -0.01998 0.04446
/seq_03/frame_00701.png /seq_03/frame_00747.png -2.02165 -0.22329 -0.0156 -0.60972 0.79112 -0.01998 0.04446
/seq_03/frame_00701.png /seq_03/frame_00748.png -2.08255 -0.2293 -0.01604 -0.57084 0.8198 -0.02416 0.03858
/seq_03/frame_00701.png /seq_03/frame_00749.png -2.10741 -0.22096 -0.01676 -0.55583 0.83033 -0.01981 0.03484
/seq_03/frame_00701.png /seq_03/frame_00750.png -2.12705 -0.21054 -0.01551 -0.55208 0.83322 -0.01562 0.02653
/seq_03/frame_00751.png /seq_03/frame_00752.png -0.03293 0.01079 0.00326 0.99986 -0.01025 -0.0127 0.00432
/seq_03/frame_00751.png /seq_03/frame_00753.png -0.06494 0.0228 0.00804 0.99943 -0.01812 -0.02686 0.00972
/seq_03/frame_00751.png /seq_03/frame_00754.png -0.09234 0.03674 0.01188 0.99883 -0.02485 -0.03874 0.01503
/seq_03/frame_00751.png /seq_03/frame_00755.png -0.11893 0.05389 0.01603 0.99806 -0.03222 -0.0501 0.01836
/seq_03/frame_00751.png /seq_03/frame_00756.png -0.14452 0.07015 0.01848 0.99731 -0.03552 -0.06013 0.02234
/seq_03/frame_00751.png /seq_03/frame_00757.png -0.20733 0.09608 0.02043 0.99595 -0.02519 -0.07933 0.03412
/seq_03/frame_00751.png /seq_03/frame_00758.png -0.23752 0.10235 0.02433 0.99422 -0.02499 -0.09585 0.04153
/seq_03/frame_00751.png /seq_03/frame_00759.png -0.23752 0.10235 0.02433 0.99422 -0.02499 -0.09585 0.04153
/seq_03/frame_00751.png /seq_03/frame_00760.png -0.28038 0.08563 0.02341 0.9926 -0.00742 -0.11347 0.0425
/seq_03/frame_00751.png /seq_03/frame_00761.png -0.30179 0.03972 0.0333 0.99235 0.01536 -0.11609 0.03918
/seq_03/frame_00751.png /seq_03/frame_00762.png -0.30179 0.03972 0.0333 0.99235 0.01536 -0.11609 0.03918
/seq_03/frame_00751.png /seq_03/frame_00763.png -0.30179 0.03972 0.0333 0.99235 0.01536 -0.11609 0.03918
/seq_03/frame_00751.png /seq_03/frame_00764.png -0.4031 -0.08471 0.03575 0.99224 -0.01641 -0.11232 0.05069
/seq_03/frame_00751.png /seq_03/frame_00765.png -0.43937 -0.11701 0.03775 0.99172 -0.0262 -0.1144 0.05222
/seq_03/frame_00751.png /seq_03/frame_00766.png -0.48664 -0.12586 0.04208 0.9878 -0.07769 -0.12498 0.051
/seq_03/frame_00751.png /seq_03/frame_00767.png -0.5065 -0.11478 0.0409 0.98545 -0.10167 -0.12754 0.04773
/seq_03/frame_00751.png /seq_03/frame_00768.png -0.52103 -0.10351 0.03933 0.98287 -0.12374 -0.12955 0.04318
/seq_03/frame_00751.png /seq_03/frame_00769.png -0.53586 -0.09577 0.03611 0.98041 -0.14833 -0.12344 0.0395
/seq_03/frame_00751.png /seq_03/frame_00770.png -0.55993 -0.09065 0.03359 0.97603 -0.17821 -0.12031 0.03368
/seq_03/frame_00751.png /seq_03/frame_00771.png -0.61731 -0.1024 0.02949 0.96693 -0.22973 -0.10902 0.0195
/seq_03/frame_00751.png /seq_03/frame_00772.png -0.64879 -0.11475 0.02477 0.96461 -0.24436 -0.09866 0.00838
/seq_03/frame_00751.png /seq_03/frame_00773.png -0.6769 -0.12907 0.02411 0.96643 -0.24172 -0.08697 0.00328
/seq_03/frame_00751.png /seq_03/frame_00774.png -0.70651 -0.14144 0.02523 0.96873 -0.23255 -0.08647 0.00021
/seq_03/frame_00751.png /seq_03/frame_00775.png -0.7312 -0.16041 0.0251 0.97194 -0.21866 -0.08662 -0.00475
/seq_03/frame_00751.png /seq_03/frame_00776.png -0.76037 -0.22904 0.01995 0.98148 -0.17253 -0.08291 -0.00804
/seq_03/frame_00751.png /seq_03/frame_00777.png -0.76666 -0.27652 0.01491 0.98443 -0.1594 -0.07256 -0.01487
/seq_03/frame_00751.png /seq_03/frame_00778.png -0.76666 -0.27652 0.01491 0.98443 -0.1594 -0.07256 -0.01487
/seq_03/frame_00751.png /seq_03/frame_00779.png -0.77308 -0.37194 0.01726 0.98849 -0.13325 -0.07002 -0.01493
/seq_03/frame_00751.png /seq_03/frame_00780.png -0.77406 -0.41013 0.02294 0.98822 -0.131 -0.07687 -0.01852
/seq_03/frame_00751.png /seq_03/frame_00781.png -0.77673 -0.44077 0.02445 0.98891 -0.1222 -0.08305 -0.01485
/seq_03/frame_00751.png /seq_03/frame_00782.png -0.77631 -0.48749 0.02449 0.9893 -0.12008 -0.08213 -0.01082
/seq_03/frame_00751.png /seq_03/frame_00783.png -0.77631 -0.48749 0.02449 0.9893 -0.12008 -0.08213 -0.01082
/seq_03/frame_00751.png /seq_03/frame_00784.png -0.78532 -0.53506 0.02672 0.99024 -0.11604 -0.07694 -0.00676
/seq_03/frame_00751.png /seq_03/frame_00785.png -0.78973 -0.55672 0.02671 0.99101 -0.11414 -0.06973 -0.00178
/seq_03/frame_00751.png /seq_03/frame_00786.png -0.79014 -0.60706 0.02589 0.9922 -0.10827 -0.06144 0.00684
/seq_03/frame_00751.png /seq_03/frame_00787.png -0.78711 -0.63057 0.02503 0.99272 -0.10929 -0.05016 0.00745
/seq_03/frame_00751.png /seq_03/frame_00788.png -0.78731 -0.65292 0.02655 0.99221 -0.11636 -0.0442 0.00448
/seq_03/frame_00751.png /seq_03/frame_00789.png -0.79021 -0.67722 0.02988 0.99207 -0.11936 -0.03949 0.00047
/seq_03/frame_00751.png /seq_03/frame_00790.png -0.80282 -0.72519 0.0389 0.99064 -0.13127 -0.0372 -0.00495
/seq_03/frame_00751.png /seq_03/frame_00791.png -0.8062 -0.75383 0.04117 0.99125 -0.12666 -0.03584 -0.01009
/seq_03/frame_00751.png /seq_03/frame_00792.png -0.80727 -0.77878 0.0411 0.99158 -0.12629 -0.02572 -0.01268
/seq_03/frame_00751.png /seq_03/frame_00793.png -0.80758 -0.80324 0.04084 0.99205 -0.12369 -0.02039 -0.01078
/seq_03/frame_00751.png /seq_03/frame_00794.png -0.80778 -0.82337 0.03941 0.99172 -0.12659 -0.01358 -0.01671
/seq_03/frame_00751.png /seq_03/frame_00795.png -0.80965 -0.86506 0.04293 0.99011 -0.13862 0.00704 -0.02066
/seq_03/frame_00751.png /seq_03/frame_00796.png -0.81217 -0.88261 0.04802 0.98885 -0.14749 0.01291 -0.01589
/seq_03/frame_00751.png /seq_03/frame_00797.png -0.81529 -0.89816 0.0536 0.99004 -0.13925 0.02057 -0.00091
/seq_03/frame_00751.png /seq_03/frame_00798.png -0.81723 -0.9157 0.06217 0.9881 -0.15054 0.03132 0.00362
/seq_03/frame_00751.png /seq_03/frame_00799.png -0.81723 -0.9157 0.06217 0.9881 -0.15054 0.03132 0.00362
/seq_03/frame_00751.png /seq_03/frame_00800.png -0.82885 -0.95797 0.08686 0.98207 -0.18139 0.05133 -0.00119
/seq_03/frame_00801.png /seq_03/frame_00802.png -0.00506 -0.02914 0.01034 0.99947 -0.03193 0.00039 0.00647
/seq_03/frame_00801.png /seq_03/frame_00803.png -0.00444 -0.04237 0.01546 0.99957 -0.02422 0.00186 0.01639
/seq_03/frame_00801.png /seq_03/frame_00804.png -0.0031 -0.05956 0.01883 0.99951 -0.02056 0.01304 0.01969
/seq_03/frame_00801.png /seq_03/frame_00805.png -0.00186 -0.07525 0.02239 0.99908 -0.03379 0.02141 0.01563
/seq_03/frame_00801.png /seq_03/frame_00806.png 0.00312 -0.10495 0.0294 0.99856 -0.04605 0.02323 0.01446
/seq_03/frame_00801.png /seq_03/frame_00807.png 0.01191 -0.11093 0.02803 0.99839 -0.03769 0.02844 0.03155
/seq_03/frame_00801.png /seq_03/frame_00808.png 0.02063 -0.1152 0.0266 0.99737 -0.05559 0.04107 0.02176
/seq_03/frame_00801.png /seq_03/frame_00809.png 0.0343 -0.11182 0.02729 0.9973 -0.05525 0.04233 0.02352
/seq_03/frame_00801.png /seq_03/frame_00810.png 0.05814 -0.09585 0.02996 0.99551 -0.0729 0.05345 0.02796
/seq_03/frame_00801.png /seq_03/frame_00811.png 0.07208 -0.08641 0.03062 0.99443 -0.08133 0.06063 0.02845
/seq_03/frame_00801.png /seq_03/frame_00812.png 0.08509 -0.07667 0.03211 0.99366 -0.08716 0.06318 0.03237
/seq_03/frame_00801.png /seq_03/frame_00813.png 0.08509 -0.07667 0.03211 0.99366 -0.08716 0.06318 0.03237
/seq_03/frame_00801.png /seq_03/frame_00814.png 0.11372 -0.04569 0.03072 0.9901 -0.11672 0.07278 0.02783
/seq_03/frame_00801.png /seq_03/frame_00815.png 0.13484 -0.01003 0.02694 0.98748 -0.12832 0.0851 0.03434
/seq_03/frame_00801.png /seq_03/frame_00816.png 0.148 0.00857 0.0263 0.9865 -0.13421 0.08699 0.03508
/seq_03/frame_00801.png /seq_03/frame_00817.png 0.148 0.00857 0.0263 0.9865 -0.13421 0.08699 0.03508
/seq_03/frame_00801.png /seq_03/frame_00818.png 0.17435 0.05562 0.0216 0.98427 -0.1452 0.09289 0.03864
/seq_03/frame_00801.png /seq_03/frame_00819.png 0.1829 0.08079 0.01819 0.98408 -0.14541 0.09377 0.04052
/seq_03/frame_00801.png /seq_03/frame_00820.png 0.20089 0.15267 0.00902 0.98105 -0.16376 0.098 0.03351
/seq_03/frame_00801.png /seq_03/frame_00821.png 0.20925 0.19899 0.00749 0.98103 -0.1638 0.09676 0.03733
/seq_03/frame_00801.png /seq_03/frame_00822.png 0.21426 0.24518 0.00522 0.98016 -0.17082 0.09671 0.02762
/seq_03/frame_00801.png /seq_03/frame_00823.png 0.21573 0.292 0.0003 0.98144 -0.16399 0.09781 0.01765
/seq_03/frame_00801.png /seq_03/frame_00824.png 0.20838 0.39475 -0.00331 0.98244 -0.16522 0.08657 0.00419
/seq_03/frame_00801.png /seq_03/frame_00825.png 0.19691 0.44394 -0.00821 0.98412 -0.15681 0.08311 0.00407
/seq_03/frame_00801.png /seq_03/frame_00826.png 0.18058 0.49328 -0.01615 0.98596 -0.1463 0.08032 -0.00516
/seq_03/frame_00801.png /seq_03/frame_00827.png 0.16503 0.53457 -0.02529 0.98697 -0.14204 0.07487 -0.01067
/seq_03/frame_00801.png /seq_03/frame_00828.png 0.14724 0.57463 -0.02846 0.98943 -0.1259 0.07188 -0.00223
/seq_03/frame_00801.png /seq_03/frame_00829.png 0.11466 0.64852 -0.03641 0.99 -0.11592 0.07926 -0.01326
/seq_03/frame_00801.png /seq_03/frame_00830.png 0.1078 0.67957 -0.04012 0.98967 -0.11132 0.08662 -0.0258
/seq_03/frame_00801.png /seq_03/frame_00831.png 0.10651 0.70816 -0.04358 0.99102 -0.09717 0.08697 -0.02964
/seq_03/frame_00801.png /seq_03/frame_00832.png 0.11524 0.73445 -0.05076 0.99141 -0.08728 0.09231 -0.031
/seq_03/frame_00801.png /seq_03/frame_00833.png 0.13783 0.76063 -0.06202 0.99044 -0.0793 0.10701 -0.03599
/seq_03/frame_00801.png /seq_03/frame_00834.png 0.20542 0.81213 -0.0723 0.9915 -0.06122 0.10331 -0.0501
/seq_03/frame_00801.png /seq_03/frame_00835.png 0.23423 0.84352 -0.07194 0.99375 -0.04906 0.08876 -0.0467
/seq_03/frame_00801.png /seq_03/frame_00836.png 0.25222 0.87497 -0.07706 0.99279 -0.04974 0.09788 -0.04819
/seq_03/frame_00801.png /seq_03/frame_00837.png 0.26318 0.90936 -0.08301 0.99226 -0.03587 0.10685 -0.05211
/seq_03/frame_00801.png /seq_03/frame_00838.png 0.27038 0.95844 -0.08493 0.99358 -0.01559 0.09791 -0.05453
/seq_03/frame_00801.png /seq_03/frame_00839.png 0.29431 1.08708 -0.09286 0.99359 0.0098 0.10133 -0.04915
/seq_03/frame_00801.png /seq_03/frame_00840.png 0.30026 1.13549 -0.09946 0.99333 0.00749 0.10336 -0.05065
/seq_03/frame_00801.png /seq_03/frame_00841.png 0.30492 1.16943 -0.10482 0.99422 0.01187 0.09507 -0.04846
/seq_03/frame_00801.png /seq_03/frame_00842.png 0.31387 1.19344 -0.10735 0.99499 0.00788 0.08699 -0.04861
/seq_03/frame_00801.png /seq_03/frame_00843.png 0.3329 1.21487 -0.11246 0.99679 0.01779 0.06684 -0.04021
/seq_03/frame_00801.png /seq_03/frame_00844.png 0.40774 1.25903 -0.12306 0.99799 0.02043 0.04316 -0.04168
/seq_03/frame_00801.png /seq_03/frame_00845.png 0.45488 1.28238 -0.12651 0.99759 0.01747 0.04531 -0.04957
/seq_03/frame_00801.png /seq_03/frame_00846.png 0.4951 1.30001 -0.128 0.99747 0.00894 0.04001 -0.0581
/seq_03/frame_00801.png /seq_03/frame_00847.png 0.53266 1.31268 -0.12761 0.99748 0.00992 0.03705 -0.05962
/seq_03/frame_00801.png /seq_03/frame_00848.png 0.56304 1.32394 -0.12621 0.99774 0.01427 0.03395 -0.05627
/seq_03/frame_00801.png /seq_03/frame_00849.png 0.61331 1.35603 -0.12699 0.99646 0.0422 0.04228 -0.05922
/seq_03/frame_00801.png /seq_03/frame_00850.png 0.63862 1.38537 -0.12281 0.99459 0.06776 0.03989 -0.06792
/seq_03/frame_00851.png /seq_03/frame_00852.png 0.02394 0.03149 0.00096 0.9998 0.01682 0.0094 -0.00509
/seq_03/frame_00851.png /seq_03/frame_00853.png 0.03744 0.05878 0.00282 0.99925 0.03576 0.01455 -0.00199
/seq_03/frame_00851.png /seq_03/frame_00854.png 0.04541 0.10643 0.00738 0.99792 0.06386 0.00883 0.00116
/seq_03/frame_00851.png /seq_03/frame_00855.png 0.04216 0.12699 0.00785 0.99729 0.07316 0.0069 -0.00183
/seq_03/frame_00851.png /seq_03/frame_00856.png 0.0234 0.14072 0.01031 0.99609 0.08811 0.00331 0.00591
/seq_03/frame_00851.png /seq_03/frame_00857.png -0.00648 0.15519 0.00968 0.9945 0.10405 -0.0029 0.01202
/seq_03/frame_00851.png /seq_03/frame_00858.png -0.04083 0.17818 0.00755 0.99354 0.11208 -0.01028 0.01487
/seq_03/frame_00851.png /seq_03/frame_00859.png -0.11495 0.23904 -0.00657 0.99128 0.13161 -0.00577 0.00253
/seq_03/frame_00851.png /seq_03/frame_00860.png -0.14654 0.27059 -0.00649 0.98952 0.14404 -0.01006 0.00148
/seq_03/frame_00851.png /seq_03/frame_00861.png -0.1736 0.29899 -0.00605 0.98866 0.14921 -0.0139 0.00928
/seq_03/frame_00851.png /seq_03/frame_00862.png -0.19708 0.31665 -0.00718 0.98801 0.15287 -0.01539 0.01505
/seq_03/frame_00851.png /seq_03/frame_00863.png -0.22215 0.32684 -0.0056 0.98694 0.15962 -0.02026 0.00771
/seq_03/frame_00851.png /seq_03/frame_00864.png -0.22773 0.32661 0.00091 0.98153 0.18744 -0.03224 0.02082
/seq_03/frame_00851.png /seq_03/frame_00865.png -0.22658 0.33526 0.00298 0.97838 0.20312 -0.03216 0.02205
/seq_03/frame_00851.png /seq_03/frame_00866.png -0.22658 0.33526 0.00298 0.97838 0.20312 -0.03216 0.02205
/seq_03/frame_00851.png /seq_03/frame_00867.png -0.23917 0.367 -0.00046 0.97418 0.22356 -0.02909 0.01241
/seq_03/frame_00851.png /seq_03/frame_00868.png -0.26029 0.40337 -0.00843 0.96948 0.24361 -0.02585 0.01016
/seq_03/frame_00851.png /seq_03/frame_00869.png -0.27045 0.42413 -0.00878 0.96732 0.25195 -0.02644 0.01076
/seq_03/frame_00851.png /seq_03/frame_00870.png -0.2809 0.44066 -0.00587 0.96422 0.26317 -0.03026 0.01012
/seq_03/frame_00851.png /seq_03/frame_00871.png -0.29003 0.45801 -0.0028 0.96023 0.27675 -0.03316 0.01611
/seq_03/frame_00851.png /seq_03/frame_00872.png -0.30137 0.47038 -0.00057 0.95677 0.28793 -0.03623 0.01947
/seq_03/frame_00851.png /seq_03/frame_00873.png -0.3227 0.48559 0.00505 0.94766 0.31354 -0.04929 0.03457
/seq_03/frame_00851.png /seq_03/frame_00874.png -0.32861 0.49362 0.0077 0.94331 0.32483 -0.05338 0.04245
/seq_03/frame_00851.png /seq_03/frame_00875.png -0.32861 0.49362 0.0077 0.94331 0.32483 -0.05338 0.04245
/seq_03/frame_00851.png /seq_03/frame_00876.png -0.33906 0.50659 0.01207 0.93668 0.3406 -0.06215 0.05256
/seq_03/frame_00851.png /seq_03/frame_00877.png -0.34491 0.50734 0.01413 0.93198 0.35075 -0.06497 0.06458
/seq_03/frame_00851.png /seq_03/frame_00878.png -0.35928 0.50585 0.01857 0.92229 0.3701 -0.0735 0.08371
/seq_03/frame_00851.png /seq_03/frame_00879.png -0.36639 0.50596 0.0194 0.91726 0.37978 -0.07589 0.093
/seq_03/frame_00851.png /seq_03/frame_00880.png -0.3674 0.50907 0.02174 0.9118 0.39148 -0.07457 0.099
/seq_03/frame_00851.png /seq_03/frame_00881.png -0.3674 0.50907 0.02174 0.9118 0.39148 -0.07457 0.099
/seq_03/frame_00851.png /seq_03/frame_00882.png -0.36845 0.51657 0.02941 0.90301 0.40699 -0.08131 0.11103
/seq_03/frame_00851.png /seq_03/frame_00883.png -0.36863 0.52131 0.03443 0.89185 0.42854 -0.07962 0.12088
/seq_03/frame_00851.png /seq_03/frame_00884.png -0.36696 0.52027 0.03799 0.88651 0.43886 -0.08 0.12288
/seq_03/frame_00851.png /seq_03/frame_00885.png -0.36345 0.51702 0.04366 0.88142 0.44582 -0.08408 0.13143
/seq_03/frame_00851.png /seq_03/frame_00886.png -0.36078 0.51293 0.04667 0.87832 0.45131 -0.08616 0.13208
/seq_03/frame_00851.png /seq_03/frame_00887.png -0.36217 0.51188 0.05019 0.87447 0.45757 -0.08677 0.13569
/seq_03/frame_00851.png /seq_03/frame_00888.png -0.37816 0.513 0.05758 0.86067 0.47956 -0.08896 0.14612
/seq_03/frame_00851.png /seq_03/frame_00889.png -0.37816 0.513 0.05758 0.86067 0.47956 -0.08896 0.14612
/seq_03/frame_00851.png /seq_03/frame_00890.png -0.39007 0.51014 0.06445 0.85098 0.49375 -0.08544 0.15727
/seq_03/frame_00851.png /seq_03/frame_00891.png -0.39007 0.51014 0.06445 0.85098 0.49375 -0.08544 0.15727
/seq_03/frame_00851.png /seq_03/frame_00892.png -0.39802 0.50524 0.06556 0.83803 0.51627 -0.07888 0.15794
/seq_03/frame_00851.png /seq_03/frame_00893.png -0.40414 0.50536 0.06834 0.8262 0.53257 -0.0794 0.16574
/seq_03/frame_00851.png /seq_03/frame_00894.png -0.40414 0.50536 0.06834 0.8262 0.53257 -0.0794 0.16574
/seq_03/frame_00851.png /seq_03/frame_00895.png -0.41354 0.50865 0.07011 0.81952 0.54049 -0.08829 0.16869
/seq_03/frame_00851.png /seq_03/frame_00896.png -0.41354 0.50865 0.07011 0.81952 0.54049 -0.08829 0.16869
/seq_03/frame_00851.png /seq_03/frame_00897.png -0.43404 0.50881 0.07161 0.80975 0.55314 -0.08901 0.1744
/seq_03/frame_00851.png /seq_03/frame_00898.png -0.44745 0.51131 0.07138 0.80829 0.55467 -0.09263 0.17444
/seq_03/frame_00851.png /seq_03/frame_00899.png -0.47473 0.51713 0.0688 0.80711 0.55666 -0.09573 0.1719
/seq_03/frame_00851.png /seq_03/frame_00900.png -0.47473 0.51713 0.0688 0.80711 0.55666 -0.09573 0.1719
