/seq_02/frame_00001.png /seq_02/frame_00002.png -0.07798 0.06438 -0.04111 0.99993 0.01069 -0.00475 -0.00049
/seq_02/frame_00001.png /seq_02/frame_00003.png 0.00996 0.0027 -0.00236 0.99985 0.01683 -0.00437 0.00135
/seq_02/frame_00001.png /seq_02/frame_00004.png 0.01944 0.00381 -0.00296 0.99989 0.0144 -0.00252 -0.00266
/seq_02/frame_00001.png /seq_02/frame_00005.png 0.01944 0.00381 -0.00296 0.99989 0.0144 -0.00252 -0.00266
/seq_02/frame_00001.png /seq_02/frame_00006.png 0.01944 0.00381 -0.00296 0.99989 0.0144 -0.00252 -0.00266
/seq_02/frame_00001.png /seq_02/frame_00007.png 0.06615 -0.00212 -0.00077 0.99973 0.02279 0.00087 0.00396
/seq_02/frame_00001.png /seq_02/frame_00008.png 0.09229 -0.00966 0.00513 0.99948 0.03221 0.00029 0.00296
/seq_02/frame_00001.png /seq_02/frame_00009.png 0.12442 -0.01613 0.02213 0.9985 0.05366 -0.01047 0.0034
/seq_02/frame_00001.png /seq_02/frame_00010.png 0.14186 -0.02519 0.02444 0.99755 0.068 -0.01527 0.00678
/seq_02/frame_00001.png /seq_02/frame_00011.png 0.16711 -0.0393 0.02815 0.99706 0.07479 -0.01586 0.00566
/seq_02/frame_00001.png /seq_02/frame_00012.png 0.19429 -0.0552 0.03493 0.99623 0.08372 -0.02196 0.00656
/seq_02/frame_00001.png /seq_02/frame_00013.png 0.22591 -0.07569 0.04122 0.99569 0.08899 -0.02523 0.00703
/seq_02/frame_00001.png /seq_02/frame_00014.png 0.25806 -0.10051 0.0411 0.99496 0.09545 -0.02963 0.00779
/seq_02/frame_00001.png /seq_02/frame_00015.png 0.31706 -0.13087 0.03428 0.99453 0.10132 -0.02277 0.01152
/seq_02/frame_00001.png /seq_02/frame_00016.png 0.34412 -0.13748 0.03523 0.9937 0.11011 -0.0168 0.0125
/seq_02/frame_00001.png /seq_02/frame_00017.png 0.37269 -0.1374 0.03372 0.99242 0.12152 -0.01358 0.01197
/seq_02/frame_00001.png /seq_02/frame_00018.png 0.40909 -0.13539 0.03356 0.99029 0.13855 -0.00848 0.00777
/seq_02/frame_00001.png /seq_02/frame_00019.png 0.4432 -0.13395 0.03131 0.98627 0.16496 0.00119 0.00757
/seq_02/frame_00001.png /seq_02/frame_00020.png 0.47182 -0.13037 0.02796 0.98337 0.18118 0.01072 0.00587
/seq_02/frame_00001.png /seq_02/frame_00021.png 0.50798 -0.11596 0.00606 0.97786 0.20712 0.02979 -0.00272
/seq_02/frame_00001.png /seq_02/frame_00022.png 0.52759 -0.13952 0.01006 0.97528 0.21689 0.04083 -0.01066
/seq_02/frame_00001.png /seq_02/frame_00023.png 0.53814 -0.15326 0.00168 0.97101 0.23332 0.04943 -0.01589
/seq_02/frame_00001.png /seq_02/frame_00024.png 0.54644 -0.15886 -0.0055 0.96857 0.24019 0.06083 -0.02203
/seq_02/frame_00001.png /seq_02/frame_00025.png 0.54968 -0.16113 -0.00774 0.96622 0.24987 0.05902 -0.02242
/seq_02/frame_00001.png /seq_02/frame_00026.png 0.55333 -0.16392 -0.00753 0.96351 0.26169 0.05251 -0.02038
/seq_02/frame_00001.png /seq_02/frame_00027.png 0.57168 -0.17083 -0.01227 0.95385 0.29464 0.05128 -0.0271
/seq_02/frame_00001.png /seq_02/frame_00028.png 0.58204 -0.17053 -0.01524 0.9478 0.31376 0.04993 -0.02725
/seq_02/frame_00001.png /seq_02/frame_00029.png 0.5929 -0.16919 -0.0184 0.94271 0.32877 0.05106 -0.02451
/seq_02/frame_00001.png /seq_02/frame_00030.png 0.60182 -0.165 -0.02188 0.93958 0.3367 0.0562 -0.02579
/seq_02/frame_00001.png /seq_02/frame_00031.png 0.60561 -0.16636 -0.02538 0.9378 0.34098 0.05785 -0.03013
/seq_02/frame_00001.png /seq_02/frame_00032.png 0.60015 -0.17358 -0.02253 0.93533 0.34841 0.05388 -0.02932
/seq_02/frame_00001.png /seq_02/frame_00033.png 0.60242 -0.2025 0.00072 0.93914 0.34281 0.01983 -0.00994
/seq_02/frame_00001.png /seq_02/frame_00034.png 0.60624 -0.23417 0.01492 0.94465 0.32808 0.00283 -0.00144
/seq_02/frame_00001.png /seq_02/frame_00035.png 0.61244 -0.25977 0.02503 0.9494 0.31342 -0.00859 0.01821
/seq_02/frame_00001.png /seq_02/frame_00036.png 0.62178 -0.29214 0.03171 0.95622 0.29168 -0.00788 0.02249
/seq_02/frame_00001.png /seq_02/frame_00037.png 0.63119 -0.32006 0.03667 0.96296 0.26807 -0.01127 0.02691
/seq_02/frame_00001.png /seq_02/frame_00038.png 0.6397 -0.33704 0.04162 0.97212 0.23275 -0.01622 0.02329
/seq_02/frame_00001.png /seq_02/frame_00039.png 0.65567 -0.35476 0.04708 0.97894 0.20112 -0.02131 0.02772
/seq_02/frame_00001.png /seq_02/frame_00040.png 0.6651 -0.35673 0.05296 0.98068 0.19107 -0.03066 0.02843
/seq_02/frame_00001.png /seq_02/frame_00041.png 0.68348 -0.35453 0.05411 0.98221 0.18205 -0.03527 0.02973
/seq_02/frame_00001.png /seq_02/frame_00042.png 0.70968 -0.35315 0.0556 0.98325 0.17432 -0.03971 0.03542
/seq_02/frame_00001.png /seq_02/frame_00043.png 0.74057 -0.35163 0.05763 0.98505 0.1642 -0.03846 0.03508
/seq_02/frame_00001.png /seq_02/frame_00044.png 0.77778 -0.35475 0.05216 0.9867 0.15485 -0.03659 0.03314
/seq_02/frame_00001.png /seq_02/frame_00045.png 0.84387 -0.35824 0.03117 0.98942 0.13999 -0.02777 0.02604
/seq_02/frame_00001.png /seq_02/frame_00046.png 0.84387 -0.35824 0.03117 0.98942 0.13999 -0.02777 0.02604
/seq_02/frame_00001.png /seq_02/frame_00047.png 0.8902 -0.36404 0.01707 0.99258 0.11965 -0.00277 0.02157
/seq_02/frame_00001.png /seq_02/frame_00048.png 0.91814 -0.37697 0.00509 0.99543 0.09402 0.00531 0.01612
/seq_02/frame_00001.png /seq_02/frame_00049.png 0.9465 -0.39927 0.0 0.99824 0.05402 0.01883 0.01552
/seq_02/frame_00001.png /seq_02/frame_00050.png 0.96981 -0.43022 0.0 0.99911 0.02594 0.02723 0.01933
/seq_02/frame_00051.png /seq_02/frame_00052.png 0.02637 -0.01532 -0.00443 0.99865 -0.04382 0.02538 -0.01116
/seq_02/frame_00051.png /seq_02/frame_00053.png 0.02637 -0.01532 -0.00443 0.99865 -0.04382 0.02538 -0.01116
/seq_02/frame_00051.png /seq_02/frame_00054.png 0.06105 -0.02359 -0.00828 0.99624 -0.08121 0.02633 -0.01495
/seq_02/frame_00051.png /seq_02/frame_00055.png 0.08714 -0.01727 -0.008 0.99527 -0.09236 0.02443 -0.01742
/seq_02/frame_00051.png /seq_02/frame_00056.png 0.11269 -0.00642 -0.00369 0.99623 -0.085 0.0134 -0.01086
/seq_02/frame_00051.png /seq_02/frame_00057.png 0.13916 0.00622 0.00115 0.99622 -0.08514 0.0085 -0.01509
/seq_02/frame_00051.png /seq_02/frame_00058.png 0.18339 0.04489 0.00441 0.99534 -0.09571 0.0053 -0.01014
/seq_02/frame_00051.png /seq_02/frame_00059.png 0.20361 0.06294 0.00418 0.99509 -0.09822 0.00619 -0.01058
/seq_02/frame_00051.png /seq_02/frame_00060.png 0.22163 0.0808 0.00316 0.99462 -0.10315 0.00672 -0.00627
/seq_02/frame_00051.png /seq_02/frame_00061.png 0.22163 0.0808 0.00316 0.99462 -0.10315 0.00672 -0.00627
/seq_02/frame_00051.png /seq_02/frame_00062.png 0.25213 0.11228 -0.00188 0.99309 -0.11715 0.00457 -0.00606
/seq_02/frame_00051.png /seq_02/frame_00063.png 0.26398 0.12355 -0.00588 0.99258 -0.12099 0.01187 -0.00225
/seq_02/frame_00051.png /seq_02/frame_00064.png 0.27551 0.13695 -0.0065 0.98969 -0.14225 0.01641 -0.00181
/seq_02/frame_00051.png /seq_02/frame_00065.png 0.28622 0.13892 -0.00492 0.98788 -0.15434 0.01583 -0.00405
/seq_02/frame_00051.png /seq_02/frame_00066.png 0.29917 0.13518 -0.00666 0.98639 -0.16346 0.01727 -0.00399
/seq_02/frame_00051.png /seq_02/frame_00067.png 0.29917 0.13518 -0.00666 0.98639 -0.16346 0.01727 -0.00399
/seq_02/frame_00051.png /seq_02/frame_00068.png 0.29917 0.13518 -0.00666 0.98639 -0.16346 0.01727 -0.00399
/seq_02/frame_00051.png /seq_02/frame_00069.png 0.29917 0.13518 -0.00666 0.98639 -0.16346 0.01727 -0.00399
/seq_02/frame_00051.png /seq_02/frame_00070.png 0.34686 0.0901 -0.00539 0.97478 -0.22177 0.02382 -0.00792
/seq_02/frame_00051.png /seq_02/frame_00071.png 0.36141 0.04267 -0.00903 0.96629 -0.25551 0.03075 -0.00652
/seq_02/frame_00051.png /seq_02/frame_00072.png 0.36141 0.04267 -0.00903 0.96629 -0.25551 0.03075 -0.00652
/seq_02/frame_00051.png /seq_02/frame_00073.png 0.36314 -0.01151 -0.01467 0.95631 -0.28918 0.04268 -0.00591
/seq_02/frame_00051.png /seq_02/frame_00074.png 0.36314 -0.01151 -0.01467 0.95631 -0.28918 0.04268 -0.00591
/seq_02/frame_00051.png /seq_02/frame_00075.png 0.34893 -0.05341 -0.0215 0.9482 -0.3133 0.05112 -0.01241
/seq_02/frame_00051.png /seq_02/frame_00076.png 0.29454 -0.08846 -0.02257 0.93753 -0.3438 0.05249 -0.00928
/seq_02/frame_00051.png /seq_02/frame_00077.png 0.26785 -0.10966 -0.02458 0.93273 -0.35642 0.05451 -0.00322
/seq_02/frame_00051.png /seq_02/frame_00078.png 0.24204 -0.13133 -0.0263 0.92903 -0.3654 0.05823 -0.00246
/seq_02/frame_00051.png /seq_02/frame_00079.png 0.2218 -0.14964 -0.02608 0.92675 -0.37045 0.06231 -0.00318
/seq_02/frame_00051.png /seq_02/frame_00080.png 0.2061 -0.16477 -0.03048 0.92336 -0.37742 0.07015 -0.00551
/seq_02/frame_00051.png /seq_02/frame_00081.png 0.19484 -0.17156 -0.03497 0.91886 -0.38729 0.07553 -0.00114
/seq_02/frame_00051.png /seq_02/frame_00082.png 0.1857 -0.19 -0.03232 0.90358 -0.42057 0.08131 0.00687
/seq_02/frame_00051.png /seq_02/frame_00083.png 0.18749 -0.20088 -0.03265 0.89762 -0.43345 0.07901 0.01215
/seq_02/frame_00051.png /seq_02/frame_00084.png 0.19481 -0.21286 -0.03723 0.89478 -0.43788 0.08691 0.00851
/seq_02/frame_00051.png /seq_02/frame_00085.png 0.19856 -0.22254 -0.04467 0.89199 -0.44063 0.10068 0.00854
/seq_02/frame_00051.png /seq_02/frame_00086.png 0.20097 -0.22748 -0.05219 0.89066 -0.44213 0.10556 0.01009
/seq_02/frame_00051.png /seq_02/frame_00087.png 0.1921 -0.22371 -0.06058 0.88425 -0.45166 0.11817 0.01148
/seq_02/frame_00051.png /seq_02/frame_00088.png 0.15971 -0.22001 -0.08 0.86623 -0.47836 0.14331 0.01674
/seq_02/frame_00051.png /seq_02/frame_00089.png 0.14773 -0.2248 -0.08579 0.8637 -0.48238 0.14444 0.02157
/seq_02/frame_00051.png /seq_02/frame_00090.png 0.14168 -0.23211 -0.08854 0.86265 -0.48339 0.14769 0.01908
/seq_02/frame_00051.png /seq_02/frame_00091.png 0.13213 -0.23545 -0.09431 0.85979 -0.48717 0.1516 0.02101
/seq_02/frame_00051.png /seq_02/frame_00092.png 0.11952 -0.23686 -0.10072 0.85346 -0.49655 0.15551 0.02923
/seq_02/frame_00051.png /seq_02/frame_00093.png 0.1185 -0.23833 -0.09329 0.85036 -0.50146 0.15629 0.03153
/seq_02/frame_00051.png /seq_02/frame_00094.png 0.09211 -0.24591 -0.11118 0.83718 -0.52083 0.16225 0.03926
/seq_02/frame_00051.png /seq_02/frame_00095.png 0.08184 -0.25008 -0.1137 0.826 -0.53787 0.16128 0.04915
/seq_02/frame_00051.png /seq_02/frame_00096.png 0.0765 -0.25441 -0.11108 0.82143 -0.54573 0.15746 0.0513
/seq_02/frame_00051.png /seq_02/frame_00097.png 0.0765 -0.25441 -0.11108 0.82143 -0.54573 0.15746 0.0513
/seq_02/frame_00051.png /seq_02/frame_00098.png 0.0765 -0.25441 -0.11108 0.82143 -0.54573 0.15746 0.0513
/seq_02/frame_00051.png /seq_02/frame_00099.png 0.0765 -0.25441 -0.11108 0.82143 -0.54573 0.15746 0.0513
/seq_02/frame_00051.png /seq_02/frame_00100.png 0.05139 -0.26512 -0.11753 0.76232 -0.62308 0.15468 0.0819
/seq_02/frame_00101.png /seq_02/frame_00102.png -0.0043 0.00101 0.00165 0.99986 -0.01644 -0.00066 -0.00132
/seq_02/frame_00101.png /seq_02/frame_00103.png -0.01095 -0.00116 0.00396 0.99911 -0.04218 -0.00225 -0.00114
/seq_02/frame_00101.png /seq_02/frame_00104.png -0.01806 -0.00503 0.00535 0.99765 -0.06834 -0.00558 -2e-05
/seq_02/frame_00101.png /seq_02/frame_00105.png -0.02332 -0.01315 0.00737 0.99547 -0.09498 -0.00018 0.00431
/seq_02/frame_00101.png /seq_02/frame_00106.png -0.03119 -0.01812 0.00643 0.99175 -0.12763 -0.00232 0.01204
/seq_02/frame_00101.png /seq_02/frame_00107.png -0.03311 -0.01534 0.00342 0.98793 -0.15247 0.00518 0.02702
/seq_02/frame_00101.png /seq_02/frame_00108.png -0.03388 -0.01091 -0.00268 0.98383 -0.1735 0.00605 0.04396
/seq_02/frame_00101.png /seq_02/frame_00109.png -0.03571 -0.00449 -0.00837 0.98089 -0.1881 0.00822 0.04914
/seq_02/frame_00101.png /seq_02/frame_00110.png -0.029 -0.00769 -0.01017 0.97805 -0.20272 0.00225 0.04826
/seq_02/frame_00101.png /seq_02/frame_00111.png -0.0021 -0.01508 -0.00522 0.97242 -0.22865 0.00197 0.04609
/seq_02/frame_00101.png /seq_02/frame_00112.png 0.03595 -0.02514 -0.00028 0.96618 -0.25314 -0.01212 0.04752
/seq_02/frame_00101.png /seq_02/frame_00113.png 0.08821 -0.04782 0.01027 0.95081 -0.30729 -0.02359 0.0312
/seq_02/frame_00101.png /seq_02/frame_00114.png 0.11096 -0.05998 0.0168 0.94624 -0.32193 -0.02162 0.02307
/seq_02/frame_00101.png /seq_02/frame_00115.png 0.12825 -0.07255 0.02438 0.94369 -0.33005 -0.01863 0.01308
/seq_02/frame_00101.png /seq_02/frame_00116.png 0.12825 -0.07255 0.02438 0.94369 -0.33005 -0.01863 0.01308
/seq_02/frame_00101.png /seq_02/frame_00117.png 0.138 -0.08456 0.03494 0.94259 -0.33381 -0.00715 -0.00608
/seq_02/frame_00101.png /seq_02/frame_00118.png 0.13742 -0.09296 0.04224 0.94271 -0.33318 -0.00392 -0.01672
/seq_02/frame_00101.png /seq_02/frame_00119.png 0.13824 -0.12154 0.04833 0.94358 -0.32891 0.00351 -0.03832
/seq_02/frame_00101.png /seq_02/frame_00120.png 0.13901 -0.13291 0.05011 0.94311 -0.32917 0.00849 -0.04615
/seq_02/frame_00101.png /seq_02/frame_00121.png 0.14072 -0.14323 0.05324 0.94284 -0.32803 0.00857 -0.05803
/seq_02/frame_00101.png /seq_02/frame_00122.png 0.14226 -0.15438 0.05612 0.94138 -0.32979 0.01201 -0.06997
/seq_02/frame_00101.png /seq_02/frame_00123.png 0.14213 -0.15881 0.06193 0.93914 -0.33348 0.01471 -0.0812
/seq_02/frame_00101.png /seq_02/frame_00124.png 0.14326 -0.1607 0.06716 0.93921 -0.33065 0.01385 -0.09141
/seq_02/frame_00101.png /seq_02/frame_00125.png 0.14779 -0.16503 0.07583 0.93814 -0.3271 0.02109 -0.11156
/seq_02/frame_00101.png /seq_02/frame_00126.png 0.1503 -0.16809 0.07867 0.93776 -0.3252 0.02194 -0.1199
/seq_02/frame_00101.png /seq_02/frame_00127.png 0.15356 -0.16935 0.08062 0.93799 -0.3223 0.02244 -0.12563
/seq_02/frame_00101.png /seq_02/frame_00128.png 0.15545 -0.16927 0.08042 0.93915 -0.31975 0.02102 -0.12378
/seq_02/frame_00101.png /seq_02/frame_00129.png 0.15545 -0.16927 0.08042 0.93915 -0.31975 0.02102 -0.12378
/seq_02/frame_00101.png /seq_02/frame_00130.png 0.15813 -0.17023 0.0795 0.94061 -0.31765 0.01973 -0.11818
/seq_02/frame_00101.png /seq_02/frame_00131.png 0.15277 -0.16691 0.07448 0.94277 -0.31525 0.01733 -0.10722
/seq_02/frame_00101.png /seq_02/frame_00132.png 0.14937 -0.164 0.07291 0.944 -0.31354 0.01759 -0.1012
/seq_02/frame_00101.png /seq_02/frame_00133.png 0.14635 -0.16221 0.06807 0.9467 -0.30744 0.01466 -0.09496
/seq_02/frame_00101.png /seq_02/frame_00134.png 0.14353 -0.15852 0.06161 0.95063 -0.2983 0.01372 -0.08451
/seq_02/frame_00101.png /seq_02/frame_00135.png 0.14259 -0.15753 0.05365 0.95257 -0.29583 0.01721 -0.0692
/seq_02/frame_00101.png /seq_02/frame_00136.png 0.14382 -0.15956 0.04537 0.95382 -0.29498 0.01882 -0.0534
/seq_02/frame_00101.png /seq_02/frame_00137.png 0.14572 -0.16337 0.02987 0.95642 -0.28996 0.01955 -0.02839
/seq_02/frame_00101.png /seq_02/frame_00138.png 0.13112 -0.1268 0.02588 0.95766 -0.28699 0.01722 -0.0149
/seq_02/frame_00101.png /seq_02/frame_00139.png 0.13925 -0.16606 0.01037 0.95777 -0.28699 0.01767 0.00011
/seq_02/frame_00101.png /seq_02/frame_00140.png 0.1365 -0.16476 0.00312 0.95771 -0.28694 0.01701 0.01278
/seq_02/frame_00101.png /seq_02/frame_00141.png 0.13434 -0.15972 -0.00238 0.95809 -0.28521 0.01591 0.02139
/seq_02/frame_00101.png /seq_02/frame_00142.png 0.13239 -0.15382 -0.0071 0.95842 -0.28326 0.01796 0.02947
/seq_02/frame_00101.png /seq_02/frame_00143.png 0.12747 -0.14956 -0.01372 0.96067 -0.27514 0.01197 0.03554
/seq_02/frame_00101.png /seq_02/frame_00144.png 0.12725 -0.14657 -0.01806 0.9602 -0.27536 0.01586 0.04406
/seq_02/frame_00101.png /seq_02/frame_00145.png 0.12766 -0.14384 -0.02352 0.96316 -0.26268 0.01818 0.05472
/seq_02/frame_00101.png /seq_02/frame_00146.png 0.12795 -0.13791 -0.02672 0.96751 -0.24368 0.02446 0.06279
/seq_02/frame_00101.png /seq_02/frame_00147.png 0.12694 -0.13072 -0.03228 0.97184 -0.22165 0.02928 0.07438
/seq_02/frame_00101.png /seq_02/frame_00148.png 0.12502 -0.12301 -0.03366 0.97673 -0.19679 0.03463 0.07788
/seq_02/frame_00101.png /seq_02/frame_00149.png 0.11325 -0.09671 -0.03731 0.98401 -0.1452 0.05319 0.08833
/seq_02/frame_00101.png /seq_02/frame_00150.png 0.11017 -0.08318 -0.03739 0.98734 -0.11584 0.06216 0.08876
/seq_02/frame_00151.png /seq_02/frame_00152.png -0.00152 0.00915 -0.00065 0.99952 0.03061 0.00532 0.0017
/seq_02/frame_00151.png /seq_02/frame_00153.png -0.00476 0.01759 -0.00011 0.99804 0.0618 0.00882 0.00423
/seq_02/frame_00151.png /seq_02/frame_00154.png -0.01279 0.02765 0.0006 0.9963 0.0853 0.00789 0.00628
/seq_02/frame_00151.png /seq_02/frame_00155.png -0.02799 0.05567 0.00293 0.98979 0.14238 -0.00036 -0.00719
/seq_02/frame_00151.png /seq_02/frame_00156.png -0.02861 0.07284 0.00506 0.98622 0.16471 -0.00472 -0.01463
/seq_02/frame_00151.png /seq_02/frame_00157.png -0.02497 0.08766 0.0098 0.98264 0.18375 -0.01448 -0.02123
/seq_02/frame_00151.png /seq_02/frame_00158.png -0.02382 0.13305 0.01134 0.98043 0.19365 -0.0215 -0.0283
/seq_02/frame_00151.png /seq_02/frame_00159.png -0.01072 0.12046 0.02224 0.97741 0.20654 -0.02827 -0.03472
/seq_02/frame_00151.png /seq_02/frame_00160.png 0.00562 0.14661 0.02387 0.97326 0.22384 -0.03337 -0.03939
/seq_02/frame_00151.png /seq_02/frame_00161.png 0.04013 0.20288 0.0263 0.9626 0.26513 -0.03692 -0.04187
/seq_02/frame_00151.png /seq_02/frame_00162.png 0.05566 0.22048 0.03025 0.95521 0.28972 -0.04148 -0.04381
/seq_02/frame_00151.png /seq_02/frame_00163.png 0.06731 0.23792 0.03214 0.94981 0.30579 -0.04684 -0.04638
/seq_02/frame_00151.png /seq_02/frame_00164.png 0.07574 0.25217 0.03467 0.94342 0.32387 -0.05497 -0.04528
/seq_02/frame_00151.png /seq_02/frame_00165.png 0.07929 0.27187 0.037 0.93672 0.34258 -0.06107 -0.03815
/seq_02/frame_00151.png /seq_02/frame_00166.png 0.07657 0.30242 0.03638 0.92545 0.37127 -0.06683 -0.03526
/seq_02/frame_00151.png /seq_02/frame_00167.png 0.0571 0.36484 0.04491 0.89851 0.43154 -0.06617 -0.04549
/seq_02/frame_00151.png /seq_02/frame_00168.png 0.04498 0.38831 0.05044 0.88479 0.45684 -0.07718 -0.04987
/seq_02/frame_00151.png /seq_02/frame_00169.png 0.03176 0.41101 0.05481 0.8728 0.4772 -0.08911 -0.05058
/seq_02/frame_00151.png /seq_02/frame_00170.png 0.023 0.426 0.06222 0.86436 0.48833 -0.10442 -0.05922
/seq_02/frame_00151.png /seq_02/frame_00171.png 0.01896 0.4345 0.06894 0.85965 0.49276 -0.11365 -0.07259
/seq_02/frame_00151.png /seq_02/frame_00172.png 0.01936 0.43534 0.07662 0.85565 0.49495 -0.12493 -0.08535
/seq_02/frame_00151.png /seq_02/frame_00173.png 0.02096 0.43314 0.08106 0.85068 0.49956 -0.13503 -0.09244
/seq_02/frame_00151.png /seq_02/frame_00174.png 0.03145 0.42262 0.09205 0.85109 0.48931 -0.1528 -0.11345
/seq_02/frame_00151.png /seq_02/frame_00175.png 0.03183 0.42227 0.09558 0.8513 0.48474 -0.15956 -0.1219
/seq_02/frame_00151.png /seq_02/frame_00176.png 0.03183 0.42227 0.09558 0.8513 0.48474 -0.15956 -0.1219
/seq_02/frame_00151.png /seq_02/frame_00177.png 0.03254 0.42429 0.10769 0.8523 0.47423 -0.17022 -0.14045
/seq_02/frame_00151.png /seq_02/frame_00178.png 0.03223 0.42444 0.11298 0.85112 0.47309 -0.17379 -0.14688
/seq_02/frame_00151.png /seq_02/frame_00179.png 0.0285 0.42451 0.1153 0.85073 0.4716 -0.17533 -0.15201
/seq_02/frame_00151.png /seq_02/frame_00180.png 0.02125 0.43172 0.12016 0.85082 0.46669 -0.18116 -0.15964
/seq_02/frame_00151.png /seq_02/frame_00181.png 0.01922 0.43477 0.12274 0.85052 0.46406 -0.18707 -0.16207
/seq_02/frame_00151.png /seq_02/frame_00182.png 0.01784 0.43739 0.12583 0.84814 0.46418 -0.19392 -0.1661
/seq_02/frame_00151.png /seq_02/frame_00183.png 0.01784 0.43739 0.12583 0.84814 0.46418 -0.19392 -0.1661
/seq_02/frame_00151.png /seq_02/frame_00184.png -0.03149 0.43461 0.13793 0.84432 0.46149 -0.20187 -0.18274
/seq_02/frame_00151.png /seq_02/frame_00185.png -0.03149 0.43461 0.13793 0.84432 0.46149 -0.20187 -0.18274
/seq_02/frame_00151.png /seq_02/frame_00186.png 0.00589 0.43699 0.14464 0.83969 0.46204 -0.2109 -0.19226
/seq_02/frame_00151.png /seq_02/frame_00187.png 0.00618 0.43468 0.14535 0.84018 0.46194 -0.20938 -0.192
/seq_02/frame_00151.png /seq_02/frame_00188.png 0.00556 0.4358 0.14538 0.83955 0.46379 -0.2109 -0.18862
/seq_02/frame_00151.png /seq_02/frame_00189.png 0.00046 0.43713 0.14497 0.83864 0.46667 -0.2093 -0.18732
/seq_02/frame_00151.png /seq_02/frame_00190.png -0.00715 0.43669 0.14643 0.83392 0.47449 -0.21141 -0.18639
/seq_02/frame_00151.png /seq_02/frame_00191.png -0.01377 0.4378 0.14564 0.83025 0.48193 -0.21153 -0.18351
/seq_02/frame_00151.png /seq_02/frame_00192.png -0.01733 0.44266 0.13912 0.82523 0.49828 -0.20461 -0.16986
/seq_02/frame_00151.png /seq_02/frame_00193.png -0.0162 0.44623 0.13616 0.8258 0.5007 -0.20002 -0.16539
/seq_02/frame_00151.png /seq_02/frame_00194.png -0.01333 0.44588 0.12814 0.82696 0.50559 -0.18978 -0.15651
/seq_02/frame_00151.png /seq_02/frame_00195.png -0.01028 0.44695 0.1215 0.82659 0.51124 -0.18293 -0.14805
/seq_02/frame_00151.png /seq_02/frame_00196.png -0.00435 0.44695 0.11561 0.82542 0.51842 -0.17344 -0.1409
/seq_02/frame_00151.png /seq_02/frame_00197.png 0.0002 0.4428 0.11201 0.82297 0.52466 -0.16991 -0.13631
/seq_02/frame_00151.png /seq_02/frame_00198.png 0.00612 0.42558 0.10557 0.81897 0.53594 -0.15916 -0.12937
/seq_02/frame_00151.png /seq_02/frame_00199.png 0.00196 0.41888 0.09851 0.82138 0.53675 -0.15015 -0.12119
/seq_02/frame_00151.png /seq_02/frame_00200.png -0.00451 0.40644 0.09596 0.82309 0.5378 -0.14176 -0.1149
/seq_02/frame_00201.png /seq_02/frame_00202.png -0.01127 -0.0298 0.00149 0.99997 0.00804 -0.00108 0.00158
/seq_02/frame_00201.png /seq_02/frame_00203.png -0.02433 -0.05983 0.00493 0.99988 0.01543 -0.00288 0.00182
/seq_02/frame_00201.png /seq_02/frame_00204.png -0.05057 -0.09687 0.00984 0.99949 0.02763 -0.01623 0.00094
/seq_02/frame_00201.png /seq_02/frame_00205.png -0.06041 -0.09776 0.01256 0.99919 0.03357 -0.02232 0.00191
/seq_02/frame_00201.png /seq_02/frame_00206.png -0.06938 -0.07742 0.01855 0.99882 0.03909 -0.02855 0.00316
/seq_02/frame_00201.png /seq_02/frame_00207.png -0.06938 -0.07742 0.01855 0.99882 0.03909 -0.02855 0.00316
/seq_02/frame_00201.png /seq_02/frame_00208.png -0.08542 0.00632 0.03254 0.99548 0.07925 -0.05222 -0.00259
/seq_02/frame_00201.png /seq_02/frame_00209.png -0.09609 0.05075 0.03499 0.99267 0.106 -0.05775 -0.00622
/seq_02/frame_00201.png /seq_02/frame_00210.png -0.11587 0.10462 0.03325 0.98827 0.13334 -0.07435 -0.00225
/seq_02/frame_00201.png /seq_02/frame_00211.png -0.12536 0.11736 0.03591 0.98504 0.14795 -0.08833 0.00268
/seq_02/frame_00201.png /seq_02/frame_00212.png -0.12883 0.11989 0.04332 0.98266 0.15641 -0.09944 0.0046
/seq_02/frame_00201.png /seq_02/frame_00213.png -0.13423 0.12333 0.04962 0.98059 0.16133 -0.1112 0.00679
/seq_02/frame_00201.png /seq_02/frame_00214.png -0.14187 0.12689 0.0573 0.97841 0.16472 -0.12435 0.01084
/seq_02/frame_00201.png /seq_02/frame_00215.png -0.14613 0.12624 0.06145 0.97576 0.17173 -0.1349 0.01414
/seq_02/frame_00201.png /seq_02/frame_00216.png -0.15799 0.11895 0.06911 0.96856 0.19604 -0.15207 0.01854
/seq_02/frame_00201.png /seq_02/frame_00217.png -0.15799 0.11895 0.06911 0.96856 0.19604 -0.15207 0.01854
/seq_02/frame_00201.png /seq_02/frame_00218.png -0.15799 0.11895 0.06911 0.96856 0.19604 -0.15207 0.01854
/seq_02/frame_00201.png /seq_02/frame_00219.png -0.16678 0.09888 0.0719 0.95807 0.2321 -0.16592 0.02633
/seq_02/frame_00201.png /seq_02/frame_00220.png -0.16988 0.09283 0.07266 0.95461 0.24455 -0.16789 0.02688
/seq_02/frame_00201.png /seq_02/frame_00221.png -0.17413 0.0883 0.07379 0.95055 0.25784 -0.17075 0.02857
/seq_02/frame_00201.png /seq_02/frame_00222.png -0.19413 0.09053 0.07425 0.94682 0.2707 -0.17133 0.03
/seq_02/frame_00201.png /seq_02/frame_00223.png -0.18166 0.07318 0.0708 0.93936 0.29778 -0.1669 0.03275
/seq_02/frame_00201.png /seq_02/frame_00224.png -0.18376 0.06812 0.06906 0.93596 0.31078 -0.16213 0.03334
/seq_02/frame_00201.png /seq_02/frame_00225.png -0.18359 0.06209 0.06791 0.93363 0.31997 -0.15771 0.03297
/seq_02/frame_00201.png /seq_02/frame_00226.png -0.18349 0.0502 0.06841 0.93113 0.32866 -0.1541 0.03504
/seq_02/frame_00201.png /seq_02/frame_00227.png -0.1875 0.03317 0.07155 0.92863 0.33395 -0.1574 0.0367
/seq_02/frame_00201.png /seq_02/frame_00228.png -0.19274 0.01505 0.07715 0.92994 0.32946 -0.15778 0.04205
/seq_02/frame_00201.png /seq_02/frame_00229.png -0.2208 0.00554 0.08072 0.92595 0.33576 -0.1655 0.04987
/seq_02/frame_00201.png /seq_02/frame_00230.png -0.2208 0.00554 0.08072 0.92595 0.33576 -0.1655 0.04987
/seq_02/frame_00201.png /seq_02/frame_00231.png -0.2418 0.08353 0.07371 0.91607 0.36472 -0.1619 0.03966
/seq_02/frame_00201.png /seq_02/frame_00232.png -0.2418 0.08353 0.07371 0.91607 0.36472 -0.1619 0.03966
/seq_02/frame_00201.png /seq_02/frame_00233.png -0.26693 0.16239 0.06524 0.90582 0.3922 -0.15556 0.03841
/seq_02/frame_00201.png /seq_02/frame_00234.png -0.26693 0.16239 0.06524 0.90582 0.3922 -0.15556 0.03841
/seq_02/frame_00201.png /seq_02/frame_00235.png -0.27955 0.17462 0.06621 0.90532 0.39605 -0.14579 0.04779
/seq_02/frame_00201.png /seq_02/frame_00236.png -0.27545 0.16736 0.06009 0.91348 0.38306 -0.13034 0.04269
/seq_02/frame_00201.png /seq_02/frame_00237.png -0.26813 0.18134 0.05846 0.90674 0.39904 -0.12792 0.04721
/seq_02/frame_00201.png /seq_02/frame_00238.png -0.25628 0.20862 0.05613 0.89735 0.41971 -0.1293 0.04355
/seq_02/frame_00201.png /seq_02/frame_00239.png -0.2446 0.24314 0.05546 0.89108 0.43425 -0.1253 0.04122
/seq_02/frame_00201.png /seq_02/frame_00240.png -0.23746 0.27049 0.05195 0.88425 0.4482 -0.12523 0.03919
/seq_02/frame_00201.png /seq_02/frame_00241.png -0.23746 0.27049 0.05195 0.88425 0.4482 -0.12523 0.03919
/seq_02/frame_00201.png /seq_02/frame_00242.png -0.24057 0.31129 0.0335 0.85584 0.5032 -0.11039 0.04626
/seq_02/frame_00201.png /seq_02/frame_00243.png -0.24521 0.31764 0.02409 0.85065 0.51436 -0.10169 0.03853
/seq_02/frame_00201.png /seq_02/frame_00244.png -0.25237 0.32347 0.01746 0.8421 0.52908 -0.09635 0.04074
/seq_02/frame_00201.png /seq_02/frame_00245.png -0.26268 0.32736 0.01568 0.83243 0.54435 -0.09646 0.03786
/seq_02/frame_00201.png /seq_02/frame_00246.png -0.26917 0.32601 0.01554 0.82312 0.55842 -0.0949 0.04043
/seq_02/frame_00201.png /seq_02/frame_00247.png -0.27442 0.32512 0.01628 0.81685 0.56733 -0.09574 0.04159
/seq_02/frame_00201.png /seq_02/frame_00248.png -0.28618 0.31961 0.01871 0.79807 0.59257 -0.09991 0.04437
/seq_02/frame_00201.png /seq_02/frame_00249.png -0.28975 0.31466 0.01913 0.78994 0.60325 -0.10071 0.04398
/seq_02/frame_00201.png /seq_02/frame_00250.png -0.29182 0.30915 0.01707 0.78312 0.61294 -0.09739 0.03928
/seq_02/frame_00251.png /seq_02/frame_00252.png -0.00204 -0.00263 0.00098 0.99994 0.01058 -0.0021 0.00158
/seq_02/frame_00251.png /seq_02/frame_00253.png -0.00204 -0.00263 0.00098 0.99994 0.01058 -0.0021 0.00158
/seq_02/frame_00251.png /seq_02/frame_00254.png -0.00204 -0.00263 0.00098 0.99994 0.01058 -0.0021 0.00158
/seq_02/frame_00251.png /seq_02/frame_00255.png -0.00148 -0.00509 0.01387 0.99841 0.04726 -0.00847 0.02956
/seq_02/frame_00251.png /seq_02/frame_00256.png -0.00148 -0.00509 0.01387 0.99841 0.04726 -0.00847 0.02956
/seq_02/frame_00251.png /seq_02/frame_00257.png -0.00369 -0.00153 0.0225 0.99682 0.06381 -0.01268 0.04608
/seq_02/frame_00251.png /seq_02/frame_00258.png -0.00369 -0.00153 0.0225 0.99682 0.06381 -0.01268 0.04608
/seq_02/frame_00251.png /seq_02/frame_00259.png -0.00187 0.01075 0.03739 0.9949 0.06982 -0.02023 0.07
/seq_02/frame_00251.png /seq_02/frame_00260.png 0.00704 0.01057 0.05022 0.99284 0.06803 -0.02782 0.09411
/seq_02/frame_00251.png /seq_02/frame_00261.png 0.017 0.00279 0.05286 0.99223 0.06463 -0.0274 0.10269
/seq_02/frame_00251.png /seq_02/frame_00262.png 0.03092 -0.0145 0.05233 0.99211 0.06372 -0.02346 0.10541
/seq_02/frame_00251.png /seq_02/frame_00263.png 0.03092 -0.0145 0.05233 0.99211 0.06372 -0.02346 0.10541
/seq_02/frame_00251.png /seq_02/frame_00264.png 0.0688 -0.06733 0.05041 0.99057 0.07879 -0.01832 0.11055
/seq_02/frame_00251.png /seq_02/frame_00265.png 0.09408 -0.10089 0.05393 0.98894 0.08887 -0.02123 0.11681
/seq_02/frame_00251.png /seq_02/frame_00266.png 0.14017 -0.15248 0.06191 0.98471 0.11431 -0.01911 0.13007
/seq_02/frame_00251.png /seq_02/frame_00267.png 0.16712 -0.16048 0.05896 0.98299 0.13297 -0.00744 0.12648
/seq_02/frame_00251.png /seq_02/frame_00268.png 0.20564 -0.15589 0.05406 0.9787 0.16892 0.00101 0.11664
/seq_02/frame_00251.png /seq_02/frame_00269.png 0.25755 -0.14032 0.05225 0.97432 0.19915 0.00463 0.10497
/seq_02/frame_00251.png /seq_02/frame_00270.png 0.29851 -0.12602 0.04899 0.96934 0.2243 0.00062 0.10034
/seq_02/frame_00251.png /seq_02/frame_00271.png 0.32071 -0.12554 0.04854 0.96354 0.24947 -0.00148 0.0967
/seq_02/frame_00251.png /seq_02/frame_00272.png 0.33153 -0.18206 0.04813 0.9434 0.31577 0.00644 0.10115
/seq_02/frame_00251.png /seq_02/frame_00273.png 0.33462 -0.22769 0.0558 0.93041 0.34765 0.00178 0.1161
/seq_02/frame_00251.png /seq_02/frame_00274.png 0.33355 -0.26293 0.0619 0.91804 0.37636 0.00326 0.12471
/seq_02/frame_00251.png /seq_02/frame_00275.png 0.33355 -0.26293 0.0619 0.91804 0.37636 0.00326 0.12471
/seq_02/frame_00251.png /seq_02/frame_00276.png 0.34982 -0.29613 0.06643 0.90052 0.41741 0.01448 0.1209
/seq_02/frame_00251.png /seq_02/frame_00277.png 0.37608 -0.30479 0.0668 0.88561 0.44875 0.0203 0.11793
/seq_02/frame_00251.png /seq_02/frame_00278.png 0.46169 -0.30797 0.06041 0.84754 0.51996 0.01305 0.10563
/seq_02/frame_00251.png /seq_02/frame_00279.png 0.49741 -0.29502 0.05199 0.81935 0.56539 0.01574 0.09354
/seq_02/frame_00251.png /seq_02/frame_00280.png 0.52723 -0.27957 0.0454 0.79844 0.59622 0.0176 0.08191
/seq_02/frame_00251.png /seq_02/frame_00281.png 0.55224 -0.27356 0.04592 0.78883 0.60872 0.02156 0.08205
/seq_02/frame_00251.png /seq_02/frame_00282.png 0.57041 -0.26735 0.04743 0.78187 0.61692 0.02575 0.08614
/seq_02/frame_00251.png /seq_02/frame_00283.png 0.58553 -0.25912 0.0499 0.77421 0.62598 0.02882 0.08899
/seq_02/frame_00251.png /seq_02/frame_00284.png 0.6059 -0.24455 0.05376 0.75966 0.64269 0.03547 0.09273
/seq_02/frame_00251.png /seq_02/frame_00285.png 0.6059 -0.24455 0.05376 0.75966 0.64269 0.03547 0.09273
/seq_02/frame_00251.png /seq_02/frame_00286.png 0.61153 -0.23877 0.05855 0.75739 0.64372 0.0368 0.10312
/seq_02/frame_00251.png /seq_02/frame_00287.png 0.61179 -0.23636 0.05816 0.75731 0.64406 0.0369 0.10152
/seq_02/frame_00251.png /seq_02/frame_00288.png 0.6139 -0.23 0.05649 0.75721 0.64444 0.03753 0.09963
/seq_02/frame_00251.png /seq_02/frame_00289.png 0.61665 -0.21833 0.05364 0.7566 0.64582 0.03306 0.09684
/seq_02/frame_00251.png /seq_02/frame_00290.png 0.6305 -0.18923 0.0506 0.73577 0.6696 0.02992 0.0968
/seq_02/frame_00251.png /seq_02/frame_00291.png 0.64791 -0.17713 0.0498 0.71868 0.68866 0.03219 0.09065
/seq_02/frame_00251.png /seq_02/frame_00292.png 0.67099 -0.16599 0.051 0.70299 0.7056 0.0323 0.08302
/seq_02/frame_00251.png /seq_02/frame_00293.png 0.69859 -0.15275 0.05233 0.68551 0.72318 0.03457 0.07675
/seq_02/frame_00251.png /seq_02/frame_00294.png 0.73015 -0.14008 0.05624 0.67474 0.73322 0.0383 0.07512
/seq_02/frame_00251.png /seq_02/frame_00295.png 0.76334 -0.13012 0.06136 0.66871 0.73875 0.03999 0.07398
/seq_02/frame_00251.png /seq_02/frame_00296.png 0.793 -0.11914 0.06869 0.66482 0.74165 0.04178 0.07884
/seq_02/frame_00251.png /seq_02/frame_00297.png 0.83329 -0.10457 0.07849 0.6454 0.75709 0.04965 0.08836
/seq_02/frame_00251.png /seq_02/frame_00298.png 0.85236 -0.11365 0.0833 0.62827 0.77086 0.05515 0.08957
/seq_02/frame_00251.png /seq_02/frame_00299.png 0.87193 -0.12924 0.08726 0.60094 0.79239 0.05817 0.08717
/seq_02/frame_00251.png /seq_02/frame_00300.png 0.89677 -0.14103 0.09059 0.57995 0.80758 0.05891 0.08945
/seq_02/frame_00301.png /seq_02/frame_00302.png 0.0 0.0 0.0 1.0 0.0 0.0 0.0
/seq_02/frame_00301.png /seq_02/frame_00303.png 0.04638 -0.01673 -0.00523 0.99957 0.02824 -0.00706 0.00333
/seq_02/frame_00301.png /seq_02/frame_00304.png 0.08707 -0.01055 -0.00012 0.99936 0.03581 -0.00081 0.0003
/seq_02/frame_00301.png /seq_02/frame_00305.png 0.11639 0.00315 0.00044 0.99967 0.02549 0.00361 -0.0007
/seq_02/frame_00301.png /seq_02/frame_00306.png 0.15247 0.02172 -0.00129 0.99999 0.0042 -0.00249 -0.00233
/seq_02/frame_00301.png /seq_02/frame_00307.png 0.19274 0.03875 -0.00758 0.99972 -0.01753 -0.01107 -0.01137
/seq_02/frame_00301.png /seq_02/frame_00308.png 0.23356 0.05602 -0.00966 0.99903 -0.03731 -0.01558 -0.01771
/seq_02/frame_00301.png /seq_02/frame_00309.png 0.28235 0.07645 -0.0028 0.99707 -0.0742 -0.01477 -0.01164
/seq_02/frame_00301.png /seq_02/frame_00310.png 0.30339 0.07331 -0.0009 0.99635 -0.08446 -0.00901 -0.00867
/seq_02/frame_00301.png /seq_02/frame_00311.png 0.33055 0.0654 0.00094 0.99669 -0.08094 -0.00379 -0.00591
/seq_02/frame_00301.png /seq_02/frame_00312.png 0.36256 0.06087 0.00358 0.99743 -0.07141 -0.001 -0.00501
/seq_02/frame_00301.png /seq_02/frame_00313.png 0.39814 0.05309 0.00632 0.9982 -0.05953 0.00446 -0.00648
/seq_02/frame_00301.png /seq_02/frame_00314.png 0.43569 0.04274 0.00815 0.99887 -0.04522 0.01204 -0.00788
/seq_02/frame_00301.png /seq_02/frame_00315.png 0.51101 0.02779 0.00869 0.99956 -0.0217 0.01484 -0.01343
/seq_02/frame_00301.png /seq_02/frame_00316.png 0.54262 0.02715 0.00964 0.99959 -0.01039 0.02292 -0.01356
/seq_02/frame_00301.png /seq_02/frame_00317.png 0.54262 0.02715 0.00964 0.99959 -0.01039 0.02292 -0.01356
/seq_02/frame_00301.png /seq_02/frame_00318.png 0.54262 0.02715 0.00964 0.99959 -0.01039 0.02292 -0.01356
/seq_02/frame_00301.png /seq_02/frame_00319.png 0.54262 0.02715 0.00964 0.99959 -0.01039 0.02292 -0.01356
/seq_02/frame_00301.png /seq_02/frame_00320.png 0.60254 0.05637 0.01027 0.99854 0.04027 0.03309 -0.01447
/seq_02/frame_00301.png /seq_02/frame_00321.png 0.61118 0.09375 0.0025 0.99803 0.05809 0.01107 -0.02073
/seq_02/frame_00301.png /seq_02/frame_00322.png 0.6186 0.11406 0.00069 0.99799 0.06002 -0.00312 -0.01999
/seq_02/frame_00301.png /seq_02/frame_00323.png 0.62949 0.13499 -0.0039 0.99804 0.05721 -0.01689 -0.01896
/seq_02/frame_00301.png /seq_02/frame_00324.png 0.64342 0.15654 -0.01246 0.99759 0.05948 -0.03138 -0.01734
/seq_02/frame_00301.png /seq_02/frame_00325.png 0.65584 0.17845 -0.02184 0.99665 0.06196 -0.05029 -0.01776
/seq_02/frame_00301.png /seq_02/frame_00326.png 0.66106 0.19542 -0.03062 0.99546 0.05825 -0.07353 -0.01619
/seq_02/frame_00301.png /seq_02/frame_00327.png 0.65278 0.21284 -0.04534 0.99216 0.07103 -0.10155 -0.01637
/seq_02/frame_00301.png /seq_02/frame_00328.png 0.63969 0.20895 -0.05189 0.9906 0.07978 -0.10992 -0.01603
/seq_02/frame_00301.png /seq_02/frame_00329.png 0.62111 0.19559 -0.05846 0.98947 0.08527 -0.11552 -0.01826
/seq_02/frame_00301.png /seq_02/frame_00330.png 0.6034 0.17762 -0.06737 0.98815 0.08992 -0.12195 -0.02456
/seq_02/frame_00301.png /seq_02/frame_00331.png 0.59292 0.1646 -0.07814 0.98602 0.09194 -0.13615 -0.02792
/seq_02/frame_00301.png /seq_02/frame_00332.png 0.58938 0.1541 -0.08061 0.98545 0.08925 -0.14102 -0.03214
/seq_02/frame_00301.png /seq_02/frame_00333.png 0.58567 0.13965 -0.07691 0.98665 0.08114 -0.13752 -0.0319
/seq_02/frame_00301.png /seq_02/frame_00334.png 0.58465 0.1382 -0.07654 0.9865 0.07841 -0.13888 -0.03714
/seq_02/frame_00301.png /seq_02/frame_00335.png 0.5904 0.1396 -0.07615 0.98743 0.08016 -0.1306 -0.03863
/seq_02/frame_00301.png /seq_02/frame_00336.png 0.59821 0.14356 -0.07386 0.9893 0.07392 -0.12116 -0.03364
/seq_02/frame_00301.png /seq_02/frame_00337.png 0.59724 0.14612 -0.07421 0.99058 0.06443 -0.11501 -0.03698
/seq_02/frame_00301.png /seq_02/frame_00338.png 0.59438 0.1527 -0.0761 0.99227 0.0489 -0.10674 -0.04007
/seq_02/frame_00301.png /seq_02/frame_00339.png 0.61882 0.2117 -0.07549 0.99374 -0.01969 -0.09098 -0.06179
/seq_02/frame_00301.png /seq_02/frame_00340.png 0.64619 0.25976 -0.06874 0.99264 -0.0552 -0.08727 -0.06332
/seq_02/frame_00301.png /seq_02/frame_00341.png 0.6751 0.30245 -0.06621 0.99175 -0.07646 -0.08745 -0.0542
/seq_02/frame_00301.png /seq_02/frame_00342.png 0.70336 0.33218 -0.06754 0.99111 -0.08316 -0.08803 -0.05503
/seq_02/frame_00301.png /seq_02/frame_00343.png 0.72402 0.355 -0.07036 0.99124 -0.08246 -0.08855 -0.05299
/seq_02/frame_00301.png /seq_02/frame_00344.png 0.74856 0.38285 -0.07395 0.99083 -0.10042 -0.07788 -0.04593
/seq_02/frame_00301.png /seq_02/frame_00345.png 0.79323 0.45739 -0.09094 0.9871 -0.13018 -0.08106 -0.04598
/seq_02/frame_00301.png /seq_02/frame_00346.png 0.79323 0.45739 -0.09094 0.9871 -0.13018 -0.08106 -0.04598
/seq_02/frame_00301.png /seq_02/frame_00347.png 0.79323 0.45739 -0.09094 0.9871 -0.13018 -0.08106 -0.04598
/seq_02/frame_00301.png /seq_02/frame_00348.png 0.79323 0.45739 -0.09094 0.9871 -0.13018 -0.08106 -0.04598
/seq_02/frame_00301.png /seq_02/frame_00349.png 0.8811 0.57766 -0.10704 0.98388 -0.15273 -0.08671 -0.03359
/seq_02/frame_00301.png /seq_02/frame_00350.png 0.8811 0.57766 -0.10704 0.98388 -0.15273 -0.08671 -0.03359
/seq_02/frame_00351.png /seq_02/frame_00352.png 0.00712 0.00108 0.01527 0.99999 -0.00451 0.00118 -0.00046
/seq_02/frame_00351.png /seq_02/frame_00353.png 0.00858 0.00447 0.02721 0.99997 -0.00767 -0.00085 -0.00156
/seq_02/frame_00351.png /seq_02/frame_00354.png 0.00381 -0.00034 0.03495 0.99989 -0.0142 -0.00398 0.00107
/seq_02/frame_00351.png /seq_02/frame_00355.png -0.00809 -0.00508 0.04114 0.99995 -0.00022 -0.00925 -0.00363
/seq_02/frame_00351.png /seq_02/frame_00356.png -0.01566 -0.004 0.04543 0.99993 0.00893 -0.00637 -0.00332
/seq_02/frame_00351.png /seq_02/frame_00357.png -0.0126 -0.00639 0.04365 0.99991 0.01081 0.00031 -0.00774
/seq_02/frame_00351.png /seq_02/frame_00358.png -0.00618 -0.00687 0.03297 0.99996 0.00397 -0.00255 -0.00773
/seq_02/frame_00351.png /seq_02/frame_00359.png -0.00491 0.00073 0.02207 0.99983 0.00678 -0.01229 -0.01164
/seq_02/frame_00351.png /seq_02/frame_00360.png -0.00534 0.00976 0.01567 0.99951 0.01912 -0.01659 -0.01823
/seq_02/frame_00351.png /seq_02/frame_00361.png -0.00423 0.01345 0.00765 0.99937 0.01619 -0.01741 -0.0264
/seq_02/frame_00351.png /seq_02/frame_00362.png 0.00747 0.01788 0.0039 0.99903 -0.00457 -0.02332 -0.03696
/seq_02/frame_00351.png /seq_02/frame_00363.png 0.02535 0.0443 0.00821 0.99804 -0.02577 -0.03438 -0.0455
/seq_02/frame_00351.png /seq_02/frame_00364.png 0.08804 0.10855 0.03207 0.99742 -0.06262 -0.0198 -0.029
/seq_02/frame_00351.png /seq_02/frame_00365.png 0.12515 0.12748 0.03883 0.99683 -0.07389 -0.02349 -0.01794
/seq_02/frame_00351.png /seq_02/frame_00366.png 0.16238 0.14595 0.03933 0.99613 -0.08315 -0.02304 -0.01648
/seq_02/frame_00351.png /seq_02/frame_00367.png 0.19173 0.16287 0.04066 0.99449 -0.10031 -0.02801 -0.01239
/seq_02/frame_00351.png /seq_02/frame_00368.png 0.21852 0.17746 0.04141 0.99286 -0.11454 -0.03089 -0.01225
/seq_02/frame_00351.png /seq_02/frame_00369.png 0.23615 0.19251 0.03803 0.99146 -0.12585 -0.03284 -0.00965
/seq_02/frame_00351.png /seq_02/frame_00370.png 0.26466 0.19408 0.0314 0.99129 -0.12825 -0.02958 -0.00445
/seq_02/frame_00351.png /seq_02/frame_00371.png 0.28335 0.18129 0.03405 0.99109 -0.13087 -0.02487 -0.00082
/seq_02/frame_00351.png /seq_02/frame_00372.png 0.29423 0.16278 0.03641 0.9906 -0.13484 -0.02282 0.00439
/seq_02/frame_00351.png /seq_02/frame_00373.png 0.30145 0.14499 0.04403 0.98954 -0.14277 -0.02058 0.00308
/seq_02/frame_00351.png /seq_02/frame_00374.png 0.31614 0.13134 0.05309 0.98806 -0.15324 -0.01569 -0.00047
/seq_02/frame_00351.png /seq_02/frame_00375.png 0.31614 0.13134 0.05309 0.98806 -0.15324 -0.01569 -0.00047
/seq_02/frame_00351.png /seq_02/frame_00376.png 0.36272 0.12068 0.06727 0.98724 -0.15919 -0.0037 0.00144
/seq_02/frame_00351.png /seq_02/frame_00377.png 0.40176 0.12062 0.0721 0.98858 -0.15069 0.00113 0.00222
/seq_02/frame_00351.png /seq_02/frame_00378.png 0.49737 0.11703 0.07993 0.98983 -0.14151 0.00834 0.01206
/seq_02/frame_00351.png /seq_02/frame_00379.png 0.54645 0.12074 0.08298 0.99018 -0.13749 0.01835 0.01758
/seq_02/frame_00351.png /seq_02/frame_00380.png 0.5938 0.12344 0.08674 0.9904 -0.13442 0.0259 0.01898
/seq_02/frame_00351.png /seq_02/frame_00381.png 0.63925 0.12951 0.08698 0.9899 -0.13699 0.03075 0.01943
/seq_02/frame_00351.png /seq_02/frame_00382.png 0.68182 0.13717 0.08617 0.98993 -0.1362 0.03403 0.01836
/seq_02/frame_00351.png /seq_02/frame_00383.png 0.73896 0.15032 0.09189 0.98977 -0.13485 0.04261 0.01886
/seq_02/frame_00351.png /seq_02/frame_00384.png 0.75648 0.15451 0.09567 0.98947 -0.13545 0.04551 0.02325
/seq_02/frame_00351.png /seq_02/frame_00385.png 0.77439 0.16292 0.09717 0.99011 -0.12987 0.04793 0.02288
/seq_02/frame_00351.png /seq_02/frame_00386.png 0.80007 0.17301 0.09957 0.99036 -0.12494 0.05462 0.02419
/seq_02/frame_00351.png /seq_02/frame_00387.png 0.8325 0.18221 0.10126 0.99064 -0.12161 0.05648 0.0256
/seq_02/frame_00351.png /seq_02/frame_00388.png 0.8325 0.18221 0.10126 0.99064 -0.12161 0.05648 0.0256
/seq_02/frame_00351.png /seq_02/frame_00389.png 0.93974 0.18259 0.1037 0.99217 -0.10955 0.05445 0.02505
/seq_02/frame_00351.png /seq_02/frame_00390.png 0.97118 0.17199 0.11032 0.99094 -0.11577 0.06424 0.02258
/seq_02/frame_00351.png /seq_02/frame_00391.png 0.98596 0.15239 0.11998 0.98931 -0.12847 0.06612 0.01955
/seq_02/frame_00351.png /seq_02/frame_00392.png 0.99005 0.13279 0.12215 0.98785 -0.13893 0.06614 0.02159
/seq_02/frame_00351.png /seq_02/frame_00393.png 0.98763 0.11632 0.12957 0.98432 -0.15766 0.07235 0.03203
/seq_02/frame_00351.png /seq_02/frame_00394.png 0.99188 0.083 0.13311 0.9823 -0.16309 0.08416 0.03752
/seq_02/frame_00351.png /seq_02/frame_00395.png 1.00481 0.00965 0.13461 0.97574 -0.19774 0.08065 0.04822
/seq_02/frame_00351.png /seq_02/frame_00396.png 1.01029 -0.01495 0.13062 0.97195 -0.22095 0.06887 0.04188
/seq_02/frame_00351.png /seq_02/frame_00397.png 1.01855 -0.04057 0.12557 0.97047 -0.23081 0.06407 0.02847
/seq_02/frame_00351.png /seq_02/frame_00398.png 1.02681 -0.07777 0.12307 0.97163 -0.22574 0.06477 0.02779
/seq_02/frame_00351.png /seq_02/frame_00399.png 1.03455 -0.12168 0.12384 0.96993 -0.23118 0.06504 0.03957
/seq_02/frame_00351.png /seq_02/frame_00400.png 1.04017 -0.16199 0.12468 0.97093 -0.22699 0.061 0.0452
/seq_02/frame_00401.png /seq_02/frame_00402.png 0.00381 -0.01203 -0.00622 0.99995 -0.00279 -0.00798 -0.006
/seq_02/frame_00401.png /seq_02/frame_00403.png 0.00223 -0.01661 -0.01119 0.9998 -0.00494 -0.01387 -0.01318
/seq_02/frame_00401.png /seq_02/frame_00404.png -0.00175 -0.01312 -0.01545 0.99963 -0.00364 -0.01918 -0.01875
/seq_02/frame_00401.png /seq_02/frame_00405.png -0.0093 0.00424 -0.01485 0.99967 0.00376 -0.01686 -0.01889
/seq_02/frame_00401.png /seq_02/frame_00406.png -0.01908 0.02379 -0.01745 0.99942 0.01571 -0.0198 -0.02263
/seq_02/frame_00401.png /seq_02/frame_00407.png -0.02067 0.02246 -0.01608 0.99588 0.08848 -0.0136 -0.01441
/seq_02/frame_00401.png /seq_02/frame_00408.png -0.00299 -0.00847 -0.01886 0.99234 0.12126 -0.02354 -0.00291
/seq_02/frame_00401.png /seq_02/frame_00409.png 0.02041 -0.04109 -0.02898 0.98757 0.1523 -0.03842 0.00662
/seq_02/frame_00401.png /seq_02/frame_00410.png 0.04609 -0.06265 -0.04396 0.98065 0.19163 -0.03989 0.0034
/seq_02/frame_00401.png /seq_02/frame_00411.png 0.04609 -0.06265 -0.04396 0.98065 0.19163 -0.03989 0.0034
/seq_02/frame_00401.png /seq_02/frame_00412.png 0.04609 -0.06265 -0.04396 0.98065 0.19163 -0.03989 0.0034
/seq_02/frame_00401.png /seq_02/frame_00413.png 0.04609 -0.06265 -0.04396 0.98065 0.19163 -0.03989 0.0034
/seq_02/frame_00401.png /seq_02/frame_00414.png 0.0983 -0.06709 -0.05496 0.94425 0.32505 -0.0503 -0.01442
/seq_02/frame_00401.png /seq_02/frame_00415.png 0.09139 -0.04797 -0.05561 0.93904 0.33904 -0.05518 -0.01474
/seq_02/frame_00401.png /seq_02/frame_00416.png 0.07892 -0.02791 -0.05454 0.93496 0.34967 -0.05892 -0.01037
/seq_02/frame_00401.png /seq_02/frame_00417.png 0.08555 0.00513 -0.04971 0.92991 0.36324 -0.05729 -0.00717
/seq_02/frame_00401.png /seq_02/frame_00418.png 0.09244 0.01644 -0.04537 0.92434 0.37817 -0.05066 -0.00416
/seq_02/frame_00401.png /seq_02/frame_00419.png 0.1027 0.00433 -0.04102 0.91157 0.40926 -0.03923 -0.00246
/seq_02/frame_00401.png /seq_02/frame_00420.png 0.12269 -0.06311 -0.04357 0.88887 0.45584 -0.0443 0.01227
/seq_02/frame_00401.png /seq_02/frame_00421.png 0.13308 -0.08763 -0.04293 0.87862 0.47583 -0.03758 0.01402
/seq_02/frame_00401.png /seq_02/frame_00422.png 0.14138 -0.10502 -0.04072 0.87049 0.49104 -0.03053 0.01376
/seq_02/frame_00401.png /seq_02/frame_00423.png 0.1466 -0.11536 -0.03476 0.86193 0.50644 -0.02009 0.01369
/seq_02/frame_00401.png /seq_02/frame_00424.png 0.14958 -0.12278 -0.02681 0.85506 0.51828 -0.00742 0.01419
/seq_02/frame_00401.png /seq_02/frame_00425.png 0.15556 -0.13039 -0.02092 0.8484 0.52907 0.00325 0.01693
/seq_02/frame_00401.png /seq_02/frame_00426.png 0.16736 -0.13616 -0.00539 0.8387 0.54346 0.0247 0.02489
/seq_02/frame_00401.png /seq_02/frame_00427.png 0.17286 -0.13381 -1e-05 0.83318 0.55111 0.03693 0.02679
/seq_02/frame_00401.png /seq_02/frame_00428.png 0.17982 -0.14269 0.0057 0.82823 0.5578 0.04587 0.02794
/seq_02/frame_00401.png /seq_02/frame_00429.png 0.18329 -0.14223 0.00919 0.82294 0.5646 0.05669 0.02784
/seq_02/frame_00401.png /seq_02/frame_00430.png 0.1869 -0.14051 0.01287 0.81814 0.5706 0.06489 0.02913
/seq_02/frame_00401.png /seq_02/frame_00431.png 0.18876 -0.13998 0.0157 0.81192 0.57842 0.07322 0.02935
/seq_02/frame_00401.png /seq_02/frame_00432.png 0.18917 -0.14242 0.02047 0.80819 0.58264 0.0793 0.03276
/seq_02/frame_00401.png /seq_02/frame_00433.png 0.19726 -0.14816 0.02779 0.80015 0.591 0.09742 0.03128
/seq_02/frame_00401.png /seq_02/frame_00434.png 0.20081 -0.14877 0.03105 0.79807 0.59267 0.10449 0.03016
/seq_02/frame_00401.png /seq_02/frame_00435.png 0.20563 -0.1495 0.03427 0.7963 0.59363 0.1124 0.02959
/seq_02/frame_00401.png /seq_02/frame_00436.png 0.21179 -0.15136 0.03601 0.79524 0.59387 0.11843 0.02967
/seq_02/frame_00401.png /seq_02/frame_00437.png 0.22016 -0.15465 0.03656 0.79159 0.59719 0.12593 0.02983
/seq_02/frame_00401.png /seq_02/frame_00438.png 0.23073 -0.15436 0.03652 0.79512 0.59044 0.1352 0.02962
/seq_02/frame_00401.png /seq_02/frame_00439.png 0.23238 -0.14314 0.03427 0.8029 0.57959 0.1357 0.03189
/seq_02/frame_00401.png /seq_02/frame_00440.png 0.22803 -0.12108 0.03032 0.81059 0.57206 0.12075 0.03348
/seq_02/frame_00401.png /seq_02/frame_00441.png 0.22442 -0.09714 0.0236 0.81711 0.5667 0.1028 0.02472
/seq_02/frame_00401.png /seq_02/frame_00442.png 0.22442 -0.09714 0.0236 0.81711 0.5667 0.1028 0.02472
/seq_02/frame_00401.png /seq_02/frame_00443.png 0.22826 -0.06654 0.00643 0.84065 0.53584 0.07608 0.02008
/seq_02/frame_00401.png /seq_02/frame_00444.png 0.23189 -0.06404 0.00261 0.84974 0.52272 0.06509 0.02165
/seq_02/frame_00401.png /seq_02/frame_00445.png 0.2299 -0.09091 -0.01269 0.86671 0.4974 0.03317 0.01779
/seq_02/frame_00401.png /seq_02/frame_00446.png 0.23131 -0.12285 -0.02382 0.86183 0.50672 0.01723 0.01381
/seq_02/frame_00401.png /seq_02/frame_00447.png 0.23504 -0.17206 -0.03645 0.857 0.51504 -0.00513 0.01579
/seq_02/frame_00401.png /seq_02/frame_00448.png 0.23872 -0.22215 -0.04545 0.84831 0.52868 -0.01796 0.02347
/seq_02/frame_00401.png /seq_02/frame_00449.png 0.23521 -0.25509 -0.0546 0.84657 0.53103 -0.02684 0.0247
/seq_02/frame_00401.png /seq_02/frame_00450.png 0.23763 -0.28853 -0.06288 0.83812 0.54396 -0.03493 0.02083
/seq_02/frame_00451.png /seq_02/frame_00452.png 0.00767 -0.03044 -0.00414 0.99987 0.01311 -0.00767 0.00454
/seq_02/frame_00451.png /seq_02/frame_00453.png 0.00906 -0.04303 -0.00905 0.99979 0.01088 -0.01739 0.00298
/seq_02/frame_00451.png /seq_02/frame_00454.png -0.01464 -0.00746 -0.01323 0.99936 0.01345 -0.03299 0.0009
/seq_02/frame_00451.png /seq_02/frame_00455.png 0.00129 -0.01486 -0.02225 0.99899 -0.00775 -0.044 0.00549
/seq_02/frame_00451.png /seq_02/frame_00456.png -0.0029 0.00412 -0.0327 0.99837 -0.01906 -0.05239 0.01197
/seq_02/frame_00451.png /seq_02/frame_00457.png -0.00684 -0.00391 -0.05598 0.99729 0.01609 -0.06709 0.02564
/seq_02/frame_00451.png /seq_02/frame_00458.png -0.00473 -0.03459 -0.06556 0.99588 0.03995 -0.07338 0.03528
/seq_02/frame_00451.png /seq_02/frame_00459.png 0.0031 -0.06682 -0.06353 0.99366 0.07327 -0.07556 0.03962
/seq_02/frame_00451.png /seq_02/frame_00460.png 0.014 -0.09845 -0.05842 0.99121 0.09913 -0.07549 0.0445
/seq_02/frame_00451.png /seq_02/frame_00461.png 0.02745 -0.12454 -0.05632 0.98817 0.12542 -0.07672 0.04368
/seq_02/frame_00451.png /seq_02/frame_00462.png 0.04203 -0.14641 -0.05491 0.98507 0.14885 -0.07453 0.04386
/seq_02/frame_00451.png /seq_02/frame_00463.png 0.05227 -0.16637 -0.0573 0.98133 0.1698 -0.07708 0.047
/seq_02/frame_00451.png /seq_02/frame_00464.png 0.06474 -0.20503 -0.07243 0.97379 0.20082 -0.09162 0.05487
/seq_02/frame_00451.png /seq_02/frame_00465.png 0.06538 -0.21715 -0.08032 0.97096 0.20731 -0.10267 0.06098
/seq_02/frame_00451.png /seq_02/frame_00466.png 0.06538 -0.21715 -0.08032 0.97096 0.20731 -0.10267 0.06098
/seq_02/frame_00451.png /seq_02/frame_00467.png 0.06157 -0.22496 -0.10054 0.96829 0.20333 -0.12386 0.07564
/seq_02/frame_00451.png /seq_02/frame_00468.png 0.06157 -0.22496 -0.10054 0.96829 0.20333 -0.12386 0.07564
/seq_02/frame_00451.png /seq_02/frame_00469.png 0.07285 -0.22015 -0.11626 0.96888 0.177 -0.15546 0.07604
/seq_02/frame_00451.png /seq_02/frame_00470.png 0.08437 -0.21169 -0.11536 0.97086 0.15713 -0.16614 0.0717
/seq_02/frame_00451.png /seq_02/frame_00471.png 0.09862 -0.20437 -0.11306 0.97302 0.13845 -0.17107 0.06934
/seq_02/frame_00451.png /seq_02/frame_00472.png 0.09862 -0.20437 -0.11306 0.97302 0.13845 -0.17107 0.06934
/seq_02/frame_00451.png /seq_02/frame_00473.png 0.09862 -0.20437 -0.11306 0.97302 0.13845 -0.17107 0.06934
/seq_02/frame_00451.png /seq_02/frame_00474.png 0.10829 -0.25239 -0.12183 0.97087 0.1334 -0.18435 0.075
/seq_02/frame_00451.png /seq_02/frame_00475.png 0.12736 -0.29195 -0.12554 0.96733 0.14 -0.1939 0.08416
/seq_02/frame_00451.png /seq_02/frame_00476.png 0.13059 -0.34955 -0.13088 0.96558 0.14398 -0.20117 0.08029
/seq_02/frame_00451.png /seq_02/frame_00477.png 0.13142 -0.38303 -0.13312 0.9664 0.13185 -0.2042 0.08362
/seq_02/frame_00451.png /seq_02/frame_00478.png 0.12983 -0.41264 -0.14023 0.96597 0.11774 -0.21554 0.08114
/seq_02/frame_00451.png /seq_02/frame_00479.png 0.12729 -0.43202 -0.14652 0.96328 0.11423 -0.22793 0.08421
/seq_02/frame_00451.png /seq_02/frame_00480.png 0.12757 -0.44447 -0.15072 0.96246 0.10464 -0.23795 0.07806
/seq_02/frame_00451.png /seq_02/frame_00481.png 0.12652 -0.45965 -0.15612 0.96227 0.08876 -0.24564 0.07632
/seq_02/frame_00451.png /seq_02/frame_00482.png 0.13208 -0.48552 -0.16339 0.96201 0.06723 -0.2514 0.08258
/seq_02/frame_00451.png /seq_02/frame_00483.png 0.1391 -0.49679 -0.16822 0.96046 0.05867 -0.25902 0.08359
/seq_02/frame_00451.png /seq_02/frame_00484.png 0.14917 -0.50372 -0.17346 0.95949 0.04509 -0.26442 0.0862
/seq_02/frame_00451.png /seq_02/frame_00485.png 0.16163 -0.51038 -0.17672 0.95835 0.03586 -0.26899 0.08898
/seq_02/frame_00451.png /seq_02/frame_00486.png 0.17855 -0.51871 -0.18051 0.95664 0.02255 -0.27655 0.08862
/seq_02/frame_00451.png /seq_02/frame_00487.png 0.19888 -0.52709 -0.18652 0.95427 0.00872 -0.28513 0.08937
/seq_02/frame_00451.png /seq_02/frame_00488.png 0.22713 -0.53634 -0.19824 0.94991 -0.00813 -0.29958 0.08868
/seq_02/frame_00451.png /seq_02/frame_00489.png 0.23739 -0.54403 -0.20418 0.94727 -0.01117 -0.30747 0.08957
/seq_02/frame_00451.png /seq_02/frame_00490.png 0.24186 -0.55394 -0.22028 0.94061 0.00052 -0.3244 0.10013
/seq_02/frame_00451.png /seq_02/frame_00491.png 0.24167 -0.56218 -0.23552 0.9349 0.01661 -0.34026 0.09956
/seq_02/frame_00451.png /seq_02/frame_00492.png 0.24582 -0.56748 -0.24324 0.93394 0.02089 -0.34562 0.08875
/seq_02/frame_00451.png /seq_02/frame_00493.png 0.25219 -0.57123 -0.24876 0.93104 0.00919 -0.35377 0.08899
/seq_02/frame_00451.png /seq_02/frame_00494.png 0.26168 -0.55573 -0.25906 0.9224 0.0097 -0.3737 0.0971
/seq_02/frame_00451.png /seq_02/frame_00495.png 0.26493 -0.54405 -0.27007 0.9192 0.02201 -0.38118 0.09639
/seq_02/frame_00451.png /seq_02/frame_00496.png 0.26815 -0.5328 -0.27802 0.91626 0.03692 -0.38465 0.1056
/seq_02/frame_00451.png /seq_02/frame_00497.png 0.26897 -0.52432 -0.27756 0.9153 0.06391 -0.37904 0.12035
/seq_02/frame_00451.png /seq_02/frame_00498.png 0.26839 -0.50855 -0.27312 0.91546 0.09455 -0.36968 0.12779
/seq_02/frame_00451.png /seq_02/frame_00499.png 0.26418 -0.48701 -0.27169 0.90914 0.14599 -0.35996 0.15029
/seq_02/frame_00451.png /seq_02/frame_00500.png 0.23562 -0.49389 -0.25416 0.89815 0.25634 -0.31838 0.16201
/seq_02/frame_00501.png /seq_02/frame_00502.png -0.04144 -0.02864 0.00204 0.99763 0.06633 0.01339 -0.01241
/seq_02/frame_00501.png /seq_02/frame_00503.png -0.04144 -0.02864 0.00204 0.99763 0.06633 0.01339 -0.01241
/seq_02/frame_00501.png /seq_02/frame_00504.png -0.04144 -0.02864 0.00204 0.99763 0.06633 0.01339 -0.01241
/seq_02/frame_00501.png /seq_02/frame_00505.png -0.08674 -0.05224 0.0261 0.99223 0.11417 0.03104 -0.03852
/seq_02/frame_00501.png /seq_02/frame_00506.png -0.13247 -0.05838 0.03494 0.98408 0.1611 0.045 -0.06014
/seq_02/frame_00501.png /seq_02/frame_00507.png -0.1672 -0.05448 0.03425 0.97902 0.19014 0.05106 -0.05252
/seq_02/frame_00501.png /seq_02/frame_00508.png -0.19879 -0.04549 0.0388 0.97006 0.22942 0.05198 -0.06047
/seq_02/frame_00501.png /seq_02/frame_00509.png -0.19879 -0.04549 0.0388 0.97006 0.22942 0.05198 -0.06047
/seq_02/frame_00501.png /seq_02/frame_00510.png -0.24987 -0.01561 0.0554 0.9461 0.312 0.05703 -0.06548
/seq_02/frame_00501.png /seq_02/frame_00511.png -0.26873 -0.00434 0.06065 0.93786 0.33547 0.05404 -0.07035
/seq_02/frame_00501.png /seq_02/frame_00512.png -0.28293 0.00621 0.05838 0.93624 0.34279 0.05436 -0.0547
/seq_02/frame_00501.png /seq_02/frame_00513.png -0.30614 -0.00281 0.07471 0.92506 0.37237 0.05413 -0.05166
/seq_02/frame_00501.png /seq_02/frame_00514.png -0.33003 -0.00785 0.07793 0.91298 0.39918 0.05613 -0.06299
/seq_02/frame_00501.png /seq_02/frame_00515.png -0.36609 -0.01989 0.08523 0.89554 0.43618 0.05762 -0.06653
/seq_02/frame_00501.png /seq_02/frame_00516.png -0.407 -0.03574 0.09226 0.87145 0.48329 0.05431 -0.06363
/seq_02/frame_00501.png /seq_02/frame_00517.png -0.407 -0.03574 0.09226 0.87145 0.48329 0.05431 -0.06363
/seq_02/frame_00501.png /seq_02/frame_00518.png -0.486 -0.06375 0.10445 0.83557 0.54355 0.05699 -0.05593
/seq_02/frame_00501.png /seq_02/frame_00519.png -0.54175 -0.08307 0.11233 0.81113 0.58149 0.04577 -0.04302
/seq_02/frame_00501.png /seq_02/frame_00520.png -0.562 -0.08965 0.118 0.81385 0.5767 0.0462 -0.0541
/seq_02/frame_00501.png /seq_02/frame_00521.png -0.57551 -0.09255 0.12986 0.81607 0.57153 0.04506 -0.07317
/seq_02/frame_00501.png /seq_02/frame_00522.png -0.58508 -0.09476 0.14698 0.81288 0.57151 0.05603 -0.09728
/seq_02/frame_00501.png /seq_02/frame_00523.png -0.58982 -0.10271 0.16268 0.81091 0.56945 0.06386 -0.1186
/seq_02/frame_00501.png /seq_02/frame_00524.png -0.59514 -0.10969 0.17367 0.81372 0.56125 0.0707 -0.13361
/seq_02/frame_00501.png /seq_02/frame_00525.png -0.60309 -0.10943 0.18614 0.81867 0.54943 0.07712 -0.14816
/seq_02/frame_00501.png /seq_02/frame_00526.png -0.61117 -0.10555 0.20631 0.824 0.52927 0.07873 -0.18629
/seq_02/frame_00501.png /seq_02/frame_00527.png -0.61377 -0.09895 0.21458 0.82812 0.5186 0.07679 -0.19845
/seq_02/frame_00501.png /seq_02/frame_00528.png -0.6141 -0.09003 0.22418 0.83 0.51037 0.07855 -0.21085
/seq_02/frame_00501.png /seq_02/frame_00529.png -0.61486 -0.08228 0.23192 0.82974 0.50366 0.07682 -0.22795
/seq_02/frame_00501.png /seq_02/frame_00530.png -0.61992 -0.07152 0.24042 0.82747 0.50131 0.07774 -0.2407
/seq_02/frame_00501.png /seq_02/frame_00531.png -0.62445 -0.06833 0.2512 0.82595 0.49537 0.08425 -0.25558
/seq_02/frame_00501.png /seq_02/frame_00532.png -0.63363 -0.06603 0.27035 0.8248 0.47758 0.09602 -0.28705
/seq_02/frame_00501.png /seq_02/frame_00533.png -0.63363 -0.06603 0.27035 0.8248 0.47758 0.09602 -0.28705
/seq_02/frame_00501.png /seq_02/frame_00534.png -0.63727 -0.0645 0.28332 0.82687 0.45842 0.10548 -0.30825
/seq_02/frame_00501.png /seq_02/frame_00535.png -0.63727 -0.0645 0.28332 0.82687 0.45842 0.10548 -0.30825
/seq_02/frame_00501.png /seq_02/frame_00536.png -0.63459 -0.05428 0.2937 0.82329 0.44502 0.0995 -0.33801
/seq_02/frame_00501.png /seq_02/frame_00537.png -0.63118 -0.04093 0.29586 0.82127 0.44294 0.09366 -0.3472
/seq_02/frame_00501.png /seq_02/frame_00538.png -0.61711 -0.02428 0.29986 0.81379 0.44854 0.08802 -0.3589
/seq_02/frame_00501.png /seq_02/frame_00539.png -0.59459 -0.01767 0.29964 0.8119 0.45119 0.08901 -0.35961
/seq_02/frame_00501.png /seq_02/frame_00540.png -0.59459 -0.01767 0.29964 0.8119 0.45119 0.08901 -0.35961
/seq_02/frame_00501.png /seq_02/frame_00541.png -0.52334 -0.00276 0.31007 0.80136 0.45811 0.09085 -0.37377
/seq_02/frame_00501.png /seq_02/frame_00542.png -0.48956 0.00312 0.3115 0.80018 0.45779 0.08954 -0.377
/seq_02/frame_00501.png /seq_02/frame_00543.png -0.4709 0.00588 0.30974 0.79835 0.46455 0.09038 -0.37237
/seq_02/frame_00501.png /seq_02/frame_00544.png -0.47278 0.0049 0.30845 0.78908 0.48054 0.08357 -0.37344
/seq_02/frame_00501.png /seq_02/frame_00545.png -0.52108 0.00658 0.30362 0.76597 0.52743 0.06641 -0.36154
/seq_02/frame_00501.png /seq_02/frame_00546.png -0.55054 0.00821 0.29611 0.75843 0.54702 0.05768 -0.34962
/seq_02/frame_00501.png /seq_02/frame_00547.png -0.57522 0.01325 0.28524 0.75284 0.56295 0.04873 -0.33756
/seq_02/frame_00501.png /seq_02/frame_00548.png -0.59744 0.01735 0.27736 0.74626 0.57651 0.04229 -0.33006
/seq_02/frame_00501.png /seq_02/frame_00549.png -0.61889 0.01859 0.26977 0.74213 0.58517 0.03595 -0.32484
/seq_02/frame_00501.png /seq_02/frame_00550.png -0.65487 0.02429 0.24694 0.73971 0.5998 0.03001 -0.30359
/seq_02/frame_00551.png /seq_02/frame_00552.png -0.00515 -0.00066 -0.00471 0.99978 0.0208 0.00066 0.00327
/seq_02/frame_00551.png /seq_02/frame_00553.png -0.01054 0.00202 -0.00755 0.99935 0.03576 0.00164 0.0049
/seq_02/frame_00551.png /seq_02/frame_00554.png -0.01559 0.00654 -0.01158 0.99932 0.03423 0.00977 0.00927
/seq_02/frame_00551.png /seq_02/frame_00555.png -0.01443 0.00799 -0.01755 0.99928 0.02913 0.02028 0.01343
/seq_02/frame_00551.png /seq_02/frame_00556.png -0.0015 0.00816 -0.02149 0.99966 0.00063 0.02037 0.01656
/seq_02/frame_00551.png /seq_02/frame_00557.png 0.02163 -0.05743 -0.02399 0.99958 -0.01973 0.01228 0.01747
/seq_02/frame_00551.png /seq_02/frame_00558.png 0.02575 0.00386 -0.02191 0.99865 -0.04237 0.0173 0.02439
/seq_02/frame_00551.png /seq_02/frame_00559.png 0.03871 -0.00017 -0.02209 0.99768 -0.06284 0.01366 0.02226
/seq_02/frame_00551.png /seq_02/frame_00560.png 0.03871 -0.00017 -0.02209 0.99768 -0.06284 0.01366 0.02226
/seq_02/frame_00551.png /seq_02/frame_00561.png 0.05284 0.00225 -0.02699 0.99616 -0.08047 0.01501 0.03098
/seq_02/frame_00551.png /seq_02/frame_00562.png 0.04705 0.00758 -0.02412 0.99856 -0.04759 0.01035 0.02253
/seq_02/frame_00551.png /seq_02/frame_00563.png 0.04705 0.00758 -0.02412 0.99856 -0.04759 0.01035 0.02253
/seq_02/frame_00551.png /seq_02/frame_00564.png 0.04705 0.00758 -0.02412 0.99856 -0.04759 0.01035 0.02253
/seq_02/frame_00551.png /seq_02/frame_00565.png -0.08938 0.01068 -0.03421 0.9991 0.03161 0.02752 0.00714
/seq_02/frame_00551.png /seq_02/frame_00566.png -0.13324 -0.00031 -0.03386 0.99748 0.06181 0.03438 0.00558
/seq_02/frame_00551.png /seq_02/frame_00567.png -0.16456 -0.01254 -0.02884 0.99581 0.08205 0.04023 0.00222
/seq_02/frame_00551.png /seq_02/frame_00568.png -0.2078 -0.0449 -0.01698 0.99237 0.11606 0.04078 -0.00803
/seq_02/frame_00551.png /seq_02/frame_00569.png -0.22825 -0.05795 -0.0148 0.98973 0.13678 0.04068 -0.00788
/seq_02/frame_00551.png /seq_02/frame_00570.png -0.25126 -0.07123 -0.01448 0.98725 0.15233 0.04498 -0.01045
/seq_02/frame_00551.png /seq_02/frame_00571.png -0.27234 -0.08165 -0.01393 0.98458 0.16786 0.04795 -0.01158
/seq_02/frame_00551.png /seq_02/frame_00572.png -0.29099 -0.08545 -0.01359 0.98231 0.18029 0.0491 -0.01266
/seq_02/frame_00551.png /seq_02/frame_00573.png -0.30545 -0.08553 -0.01733 0.97966 0.19328 0.05177 -0.01516
/seq_02/frame_00551.png /seq_02/frame_00574.png -0.31334 -0.07968 -0.02334 0.97463 0.21817 0.04901 -0.00996
/seq_02/frame_00551.png /seq_02/frame_00575.png -0.32589 -0.0762 -0.0287 0.96891 0.24093 0.05615 -0.00279
/seq_02/frame_00551.png /seq_02/frame_00576.png -0.33725 -0.07472 -0.03359 0.96365 0.25965 0.06272 0.00467
/seq_02/frame_00551.png /seq_02/frame_00577.png -0.34082 -0.07725 -0.03284 0.96042 0.272 0.06013 0.00171
/seq_02/frame_00551.png /seq_02/frame_00578.png -0.32985 -0.08027 -0.03567 0.95491 0.29218 0.05277 -0.00083
/seq_02/frame_00551.png /seq_02/frame_00579.png -0.31839 -0.07753 -0.03665 0.94972 0.30879 0.05176 0.00056
/seq_02/frame_00551.png /seq_02/frame_00580.png -0.28014 -0.05002 -0.03273 0.94682 0.31732 0.05334 0.00069
/seq_02/frame_00551.png /seq_02/frame_00581.png -0.28014 -0.05002 -0.03273 0.94682 0.31732 0.05334 0.00069
/seq_02/frame_00551.png /seq_02/frame_00582.png -0.21547 -0.03346 -0.02937 0.94186 0.33191 0.0523 0.00155
/seq_02/frame_00551.png /seq_02/frame_00583.png -0.21547 -0.03346 -0.02937 0.94186 0.33191 0.0523 0.00155
/seq_02/frame_00551.png /seq_02/frame_00584.png -0.18487 -0.03333 -0.0327 0.93562 0.34889 0.05348 -0.00472
/seq_02/frame_00551.png /seq_02/frame_00585.png -0.1945 -0.03827 -0.03695 0.93159 0.3588 0.05821 -0.00429
/seq_02/frame_00551.png /seq_02/frame_00586.png -0.22107 -0.04752 -0.03354 0.92367 0.37914 0.05505 -0.00766
/seq_02/frame_00551.png /seq_02/frame_00587.png -0.31735 -0.06779 -0.02941 0.91654 0.39602 0.05438 -0.01284
/seq_02/frame_00551.png /seq_02/frame_00588.png -0.31735 -0.06779 -0.02941 0.91654 0.39602 0.05438 -0.01284
/seq_02/frame_00551.png /seq_02/frame_00589.png -0.43935 -0.08475 -0.02379 0.92024 0.38601 0.06102 -0.02052
/seq_02/frame_00551.png /seq_02/frame_00590.png -0.49248 -0.09991 -0.01894 0.91946 0.38936 0.05103 -0.01999
/seq_02/frame_00551.png /seq_02/frame_00591.png -0.54155 -0.11167 -0.01642 0.92214 0.38283 0.05176 -0.02042
/seq_02/frame_00551.png /seq_02/frame_00592.png -0.60881 -0.12479 -0.02307 0.91981 0.38754 0.05859 -0.01813
/seq_02/frame_00551.png /seq_02/frame_00593.png -0.61896 -0.12521 -0.02524 0.92298 0.37938 0.06224 -0.01719
/seq_02/frame_00551.png /seq_02/frame_00594.png -0.61776 -0.12585 -0.02316 0.92247 0.38112 0.05883 -0.01851
/seq_02/frame_00551.png /seq_02/frame_00595.png -0.61776 -0.12585 -0.02316 0.92247 0.38112 0.05883 -0.01851
/seq_02/frame_00551.png /seq_02/frame_00596.png -0.6037 -0.13711 -0.02373 0.92962 0.36201 0.06573 -0.02081
/seq_02/frame_00551.png /seq_02/frame_00597.png -0.60788 -0.14488 -0.02166 0.93166 0.35731 0.06295 -0.01968
/seq_02/frame_00551.png /seq_02/frame_00598.png -0.63801 -0.13755 -0.01933 0.92583 0.37177 0.06081 -0.03043
/seq_02/frame_00551.png /seq_02/frame_00599.png -0.72888 -0.10796 -0.02987 0.91485 0.39482 0.07819 -0.03234
/seq_02/frame_00551.png /seq_02/frame_00600.png -0.76805 -0.09883 -0.03441 0.91492 0.39536 0.07787 -0.02358
/seq_02/frame_00601.png /seq_02/frame_00602.png -0.02777 0.00869 -0.00763 0.99996 -0.0078 0.00501 0.00123
/seq_02/frame_00601.png /seq_02/frame_00603.png -0.04415 0.03324 -0.00906 0.99986 -0.01403 0.00632 0.00667
/seq_02/frame_00601.png /seq_02/frame_00604.png -0.0548 0.06792 -0.0164 0.99977 -0.01437 0.008 0.01356
/seq_02/frame_00601.png /seq_02/frame_00605.png -0.07385 0.15991 -0.02786 0.99972 0.01029 0.01602 0.01377
/seq_02/frame_00601.png /seq_02/frame_00606.png -0.08295 0.2002 -0.02992 0.99932 0.02794 0.02066 0.0125
/seq_02/frame_00601.png /seq_02/frame_00607.png -0.08295 0.2002 -0.02992 0.99932 0.02794 0.02066 0.0125
/seq_02/frame_00601.png /seq_02/frame_00608.png -0.11219 0.25197 -0.03142 0.99884 0.03828 0.02605 0.01358
/seq_02/frame_00601.png /seq_02/frame_00609.png -0.1289 0.26221 -0.02783 0.99883 0.03937 0.02343 0.01534
/seq_02/frame_00601.png /seq_02/frame_00610.png -0.14985 0.27147 -0.0226 0.99822 0.05373 0.01671 0.01973
/seq_02/frame_00601.png /seq_02/frame_00611.png -0.21777 0.30969 -0.01632 0.99656 0.07817 0.02356 0.0143
/seq_02/frame_00601.png /seq_02/frame_00612.png -0.21777 0.30969 -0.01632 0.99656 0.07817 0.02356 0.0143
/seq_02/frame_00601.png /seq_02/frame_00613.png -0.21777 0.30969 -0.01632 0.99656 0.07817 0.02356 0.0143
/seq_02/frame_00601.png /seq_02/frame_00614.png -0.33916 0.33894 -0.02113 0.99368 0.10945 0.02266 0.01005
/seq_02/frame_00601.png /seq_02/frame_00615.png -0.37016 0.34374 -0.02507 0.99395 0.10661 0.0238 0.01184
/seq_02/frame_00601.png /seq_02/frame_00616.png -0.39449 0.34693 -0.02944 0.9946 0.10021 0.0227 0.01482
/seq_02/frame_00601.png /seq_02/frame_00617.png -0.42451 0.34506 -0.04805 0.99501 0.09218 0.03328 0.01871
/seq_02/frame_00601.png /seq_02/frame_00618.png -0.43062 0.34389 -0.05601 0.99468 0.08979 0.04022 0.03049
/seq_02/frame_00601.png /seq_02/frame_00619.png -0.43509 0.34792 -0.06028 0.99541 0.07805 0.0447 0.03272
/seq_02/frame_00601.png /seq_02/frame_00620.png -0.43858 0.35498 -0.0619 0.99591 0.07296 0.0436 0.03078
/seq_02/frame_00601.png /seq_02/frame_00621.png -0.44713 0.36807 -0.06577 0.99614 0.07153 0.0407 0.03066
/seq_02/frame_00601.png /seq_02/frame_00622.png -0.44713 0.36807 -0.06577 0.99614 0.07153 0.0407 0.03066
/seq_02/frame_00601.png /seq_02/frame_00623.png -0.50143 0.40625 -0.06657 0.99629 0.07049 0.03634 0.03335
/seq_02/frame_00601.png /seq_02/frame_00624.png -0.53052 0.4218 -0.06759 0.99667 0.06091 0.0392 0.03743
/seq_02/frame_00601.png /seq_02/frame_00625.png -0.55823 0.4355 -0.07162 0.99682 0.05343 0.04394 0.0395
/seq_02/frame_00601.png /seq_02/frame_00626.png -0.58227 0.45177 -0.07209 0.99635 0.05345 0.04548 0.04853
/seq_02/frame_00601.png /seq_02/frame_00627.png -0.59724 0.47514 -0.0689 0.99657 0.04882 0.04673 0.04768
/seq_02/frame_00601.png /seq_02/frame_00628.png -0.60908 0.51248 -0.06996 0.99636 0.05427 0.04456 0.0484
/seq_02/frame_00601.png /seq_02/frame_00629.png -0.63722 0.59564 -0.07749 0.99549 0.07017 0.05434 0.03359
/seq_02/frame_00601.png /seq_02/frame_00630.png -0.65604 0.62567 -0.07746 0.99508 0.0777 0.05171 0.03332
/seq_02/frame_00601.png /seq_02/frame_00631.png -0.67448 0.64564 -0.08048 0.9954 0.07578 0.04802 0.03362
/seq_02/frame_00601.png /seq_02/frame_00632.png -0.69058 0.65814 -0.08371 0.99553 0.07228 0.05248 0.03054
/seq_02/frame_00601.png /seq_02/frame_00633.png -0.69058 0.65814 -0.08371 0.99553 0.07228 0.05248 0.03054
/seq_02/frame_00601.png /seq_02/frame_00634.png -0.71927 0.67781 -0.08501 0.99612 0.06056 0.05333 0.03498
/seq_02/frame_00601.png /seq_02/frame_00635.png -0.74063 0.69301 -0.088 0.99687 0.04387 0.05464 0.03647
/seq_02/frame_00601.png /seq_02/frame_00636.png -0.74892 0.70201 -0.09013 0.9972 0.03349 0.05553 0.0373
/seq_02/frame_00601.png /seq_02/frame_00637.png -0.75768 0.7096 -0.09647 0.9975 0.02476 0.05248 0.04028
/seq_02/frame_00601.png /seq_02/frame_00638.png -0.76521 0.71852 -0.10346 0.99755 0.01352 0.05302 0.04358
/seq_02/frame_00601.png /seq_02/frame_00639.png -0.76521 0.71852 -0.10346 0.99755 0.01352 0.05302 0.04358
/seq_02/frame_00601.png /seq_02/frame_00640.png -0.77833 0.72668 -0.1092 0.99796 -0.0008 0.04116 0.04877
/seq_02/frame_00601.png /seq_02/frame_00641.png -0.78644 0.72558 -0.1113 0.99776 -0.00318 0.03797 0.055
/seq_02/frame_00601.png /seq_02/frame_00642.png -0.80988 0.71234 -0.12177 0.99753 -0.00093 0.04407 0.05473
/seq_02/frame_00601.png /seq_02/frame_00643.png -0.83213 0.70095 -0.12351 0.99757 -0.00409 0.0426 0.05489
/seq_02/frame_00601.png /seq_02/frame_00644.png -0.85991 0.6859 -0.12084 0.998 -0.00672 0.03281 0.05355
/seq_02/frame_00601.png /seq_02/frame_00645.png -0.89849 0.6667 -0.12014 0.99812 -0.00658 0.02987 0.05313
/seq_02/frame_00601.png /seq_02/frame_00646.png -0.94926 0.65086 -0.11912 0.99791 -0.00463 0.02408 0.05973
/seq_02/frame_00601.png /seq_02/frame_00647.png -1.00514 0.63456 -0.1272 0.99823 -0.00638 0.02486 0.05365
/seq_02/frame_00601.png /seq_02/frame_00648.png -1.11927 0.61337 -0.1239 0.99856 0.00077 0.00195 0.05354
/seq_02/frame_00601.png /seq_02/frame_00649.png -1.16546 0.60011 -0.11409 0.99823 -0.0017 -0.00657 0.05904
/seq_02/frame_00601.png /seq_02/frame_00650.png -1.16546 0.60011 -0.11409 0.99823 -0.0017 -0.00657 0.05904
/seq_02/frame_00651.png /seq_02/frame_00652.png -0.02061 0.00186 0.00202 0.99994 0.00284 -0.01039 0.00225
/seq_02/frame_00651.png /seq_02/frame_00653.png -0.08061 0.01742 -0.02432 0.99911 0.03568 -0.02154 0.00641
/seq_02/frame_00651.png /seq_02/frame_00654.png -0.1141 0.02676 -0.04029 0.99829 0.05154 -0.02464 0.01269
/seq_02/frame_00651.png /seq_02/frame_00655.png -0.1141 0.02676 -0.04029 0.99829 0.05154 -0.02464 0.01269
/seq_02/frame_00651.png /seq_02/frame_00656.png -0.16096 0.03712 -0.05882 0.99518 0.08286 -0.04761 0.02197
/seq_02/frame_00651.png /seq_02/frame_00657.png -0.18656 0.04621 -0.05568 0.99366 0.09568 -0.05235 0.02722
/seq_02/frame_00651.png /seq_02/frame_00658.png -0.21257 0.05371 -0.05347 0.99194 0.11102 -0.04929 0.03598
/seq_02/frame_00651.png /seq_02/frame_00659.png -0.23456 0.05662 -0.05327 0.99128 0.11873 -0.04746 0.0317
/seq_02/frame_00651.png /seq_02/frame_00660.png -0.25976 0.03101 -0.07557 0.98957 0.12623 -0.05107 0.04694
/seq_02/frame_00651.png /seq_02/frame_00661.png -0.27173 0.00247 -0.07922 0.98945 0.1271 -0.05652 0.04043
/seq_02/frame_00651.png /seq_02/frame_00662.png -0.29386 -0.00359 -0.08083 0.98789 0.13416 -0.06656 0.04047
/seq_02/frame_00651.png /seq_02/frame_00663.png -0.29481 -0.0511 -0.10214 0.98738 0.13668 -0.07053 0.03764
/seq_02/frame_00651.png /seq_02/frame_00664.png -0.30948 -0.06766 -0.12215 0.9895 0.12433 -0.0675 0.02946
/seq_02/frame_00651.png /seq_02/frame_00665.png -0.30948 -0.06766 -0.12215 0.9895 0.12433 -0.0675 0.02946
/seq_02/frame_00651.png /seq_02/frame_00666.png -0.33248 -0.08999 -0.17215 0.98969 0.12879 -0.0593 0.02041
/seq_02/frame_00651.png /seq_02/frame_00667.png -0.34299 -0.08422 -0.19584 0.99078 0.11945 -0.06202 0.01577
/seq_02/frame_00651.png /seq_02/frame_00668.png -0.35344 -0.07822 -0.21587 0.99037 0.12139 -0.06369 0.01937
/seq_02/frame_00651.png /seq_02/frame_00669.png -0.36217 -0.07127 -0.22577 0.99016 0.12076 -0.06761 0.02054
/seq_02/frame_00651.png /seq_02/frame_00670.png -0.36993 -0.06491 -0.23795 0.98936 0.12444 -0.07312 0.01825
/seq_02/frame_00651.png /seq_02/frame_00671.png -0.38256 -0.05616 -0.25349 0.98665 0.12247 -0.10402 0.02633
/seq_02/frame_00651.png /seq_02/frame_00672.png -0.38545 -0.06296 -0.30009 0.98469 0.11192 -0.13308 0.01259
/seq_02/frame_00651.png /seq_02/frame_00673.png -0.38545 -0.06296 -0.30009 0.98469 0.11192 -0.13308 0.01259
/seq_02/frame_00651.png /seq_02/frame_00674.png -0.39245 -0.0734 -0.35217 0.97807 0.11774 -0.16984 0.026
/seq_02/frame_00651.png /seq_02/frame_00675.png -0.39245 -0.0734 -0.35217 0.97807 0.11774 -0.16984 0.026
/seq_02/frame_00651.png /seq_02/frame_00676.png -0.41495 -0.07005 -0.38859 0.97075 0.14327 -0.18925 0.03606
/seq_02/frame_00651.png /seq_02/frame_00677.png -0.41495 -0.07005 -0.38859 0.97075 0.14327 -0.18925 0.03606
/seq_02/frame_00651.png /seq_02/frame_00678.png -0.43915 -0.05655 -0.40385 0.96475 0.16698 -0.20035 0.03521
/seq_02/frame_00651.png /seq_02/frame_00679.png -0.45605 -0.04984 -0.41139 0.96248 0.17546 -0.20434 0.03314
/seq_02/frame_00651.png /seq_02/frame_00680.png -0.45605 -0.04984 -0.41139 0.96248 0.17546 -0.20434 0.03314
/seq_02/frame_00651.png /seq_02/frame_00681.png -0.45862 -0.06306 -0.42136 0.95747 0.19083 -0.21254 0.04073
/seq_02/frame_00651.png /seq_02/frame_00682.png -0.45169 -0.07156 -0.42277 0.95481 0.19993 -0.21452 0.04835
/seq_02/frame_00651.png /seq_02/frame_00683.png -0.45169 -0.07156 -0.42277 0.95481 0.19993 -0.21452 0.04835
/seq_02/frame_00651.png /seq_02/frame_00684.png -0.45019 -0.09508 -0.40201 0.93851 0.24351 -0.2362 0.06407
/seq_02/frame_00651.png /seq_02/frame_00685.png -0.45019 -0.09508 -0.40201 0.93851 0.24351 -0.2362 0.06407
/seq_02/frame_00651.png /seq_02/frame_00686.png -0.43917 -0.10425 -0.39592 0.92949 0.26993 -0.24109 0.0712
/seq_02/frame_00651.png /seq_02/frame_00687.png -0.44357 -0.10842 -0.39569 0.92765 0.27281 -0.24295 0.07753
/seq_02/frame_00651.png /seq_02/frame_00688.png -0.4912 -0.09588 -0.39736 0.92238 0.28059 -0.2521 0.08322
/seq_02/frame_00651.png /seq_02/frame_00689.png -0.46296 -0.11923 -0.3914 0.91967 0.28411 -0.25868 0.08104
/seq_02/frame_00651.png /seq_02/frame_00690.png -0.47175 -0.1303 -0.38537 0.91124 0.29734 -0.27345 0.08032
/seq_02/frame_00651.png /seq_02/frame_00691.png -0.47175 -0.1303 -0.38537 0.91124 0.29734 -0.27345 0.08032
/seq_02/frame_00651.png /seq_02/frame_00692.png -0.48236 -0.13819 -0.38319 0.90334 0.30971 -0.28384 0.08648
/seq_02/frame_00651.png /seq_02/frame_00693.png -0.48236 -0.13819 -0.38319 0.90334 0.30971 -0.28384 0.08648
/seq_02/frame_00651.png /seq_02/frame_00694.png -0.49189 -0.1552 -0.3849 0.90163 0.31498 -0.2844 0.08352
/seq_02/frame_00651.png /seq_02/frame_00695.png -0.49881 -0.16642 -0.38775 0.90014 0.32113 -0.28249 0.08256
/seq_02/frame_00651.png /seq_02/frame_00696.png -0.50239 -0.19084 -0.39683 0.901 0.32976 -0.27168 0.07512
/seq_02/frame_00651.png /seq_02/frame_00697.png -0.50239 -0.19084 -0.39683 0.901 0.32976 -0.27168 0.07512
/seq_02/frame_00651.png /seq_02/frame_00698.png -0.49607 -0.21178 -0.41271 0.90198 0.34453 -0.24932 0.07458
/seq_02/frame_00651.png /seq_02/frame_00699.png -0.49326 -0.21797 -0.42219 0.90409 0.3482 -0.23723 0.07146
/seq_02/frame_00651.png /seq_02/frame_00700.png -0.49017 -0.22221 -0.43089 0.90762 0.34815 -0.22432 0.06859
/seq_02/frame_00701.png /seq_02/frame_00702.png 0.0129 -0.00592 -0.0103 0.99951 -0.01007 0.02604 -0.01426
/seq_02/frame_00701.png /seq_02/frame_00703.png 0.01798 -0.01337 -0.01759 0.99904 -0.00868 0.03872 -0.01872
/seq_02/frame_00701.png /seq_02/frame_00704.png 0.01847 -0.01725 -0.02598 0.99843 -0.00812 0.05023 -0.02323
/seq_02/frame_00701.png /seq_02/frame_00705.png 0.01832 -0.02079 -0.03734 0.99751 -0.00706 0.06283 -0.03124
/seq_02/frame_00701.png /seq_02/frame_00706.png 0.01833 -0.02734 -0.04722 0.9968 -0.0069 0.0699 -0.03819
/seq_02/frame_00701.png /seq_02/frame_00707.png 0.0164 -0.03092 -0.05373 0.99616 -0.01081 0.07572 -0.04259
/seq_02/frame_00701.png /seq_02/frame_00708.png 0.01828 -0.03875 -0.07413 0.99415 -0.01282 0.09239 -0.05451
/seq_02/frame_00701.png /seq_02/frame_00709.png 0.02145 -0.03317 -0.08137 0.9931 -0.01867 0.10133 -0.05605
/seq_02/frame_00701.png /seq_02/frame_00710.png 0.02425 -0.02587 -0.08884 0.9919 -0.02521 0.11072 -0.05694
/seq_02/frame_00701.png /seq_02/frame_00711.png 0.02815 -0.01769 -0.09525 0.99032 -0.03804 0.11898 -0.06047
/seq_02/frame_00701.png /seq_02/frame_00712.png 0.03179 -0.00901 -0.09862 0.98927 -0.05028 0.12388 -0.05891
/seq_02/frame_00701.png /seq_02/frame_00713.png 0.03179 -0.00901 -0.09862 0.98927 -0.05028 0.12388 -0.05891
/seq_02/frame_00701.png /seq_02/frame_00714.png 0.0379 0.01312 -0.10099 0.98478 -0.0952 0.13544 -0.053
/seq_02/frame_00701.png /seq_02/frame_00715.png 0.03858 0.02057 -0.09701 0.98392 -0.11006 0.13384 -0.04321
/seq_02/frame_00701.png /seq_02/frame_00716.png 0.03743 0.02882 -0.09065 0.98287 -0.12729 0.12924 -0.0325
/seq_02/frame_00701.png /seq_02/frame_00717.png 0.03547 0.03604 -0.08686 0.98093 -0.14372 0.12731 -0.0302
/seq_02/frame_00701.png /seq_02/frame_00718.png 0.03224 0.04099 -0.0838 0.97979 -0.1555 0.12312 -0.02583
/seq_02/frame_00701.png /seq_02/frame_00719.png 0.03191 0.04615 -0.08267 0.97727 -0.17066 0.12266 -0.02764
/seq_02/frame_00701.png /seq_02/frame_00720.png 0.03191 0.04615 -0.08267 0.97727 -0.17066 0.12266 -0.02764
/seq_02/frame_00701.png /seq_02/frame_00721.png 0.03354 0.05907 -0.08508 0.97323 -0.19075 0.12501 -0.0286
/seq_02/frame_00701.png /seq_02/frame_00722.png 0.03663 0.07261 -0.08793 0.9691 -0.20821 0.12896 -0.02953
/seq_02/frame_00701.png /seq_02/frame_00723.png 0.04173 0.08177 -0.08704 0.96694 -0.21746 0.13031 -0.02747
/seq_02/frame_00701.png /seq_02/frame_00724.png 0.04173 0.08177 -0.08704 0.96694 -0.21746 0.13031 -0.02747
/seq_02/frame_00701.png /seq_02/frame_00725.png 0.04311 0.10027 -0.08702 0.96029 -0.24561 0.12972 -0.02624
/seq_02/frame_00701.png /seq_02/frame_00726.png 0.04311 0.10027 -0.08702 0.96029 -0.24561 0.12972 -0.02624
/seq_02/frame_00701.png /seq_02/frame_00727.png 0.04462 0.12905 -0.0795 0.95374 -0.27359 0.12283 -0.02116
/seq_02/frame_00701.png /seq_02/frame_00728.png 0.04313 0.14233 -0.07622 0.95038 -0.28615 0.12025 -0.02079
/seq_02/frame_00701.png /seq_02/frame_00729.png 0.04313 0.14233 -0.07622 0.95038 -0.28615 0.12025 -0.02079
/seq_02/frame_00701.png /seq_02/frame_00730.png 0.04056 0.16014 -0.0732 0.942 -0.31338 0.11814 -0.02157
/seq_02/frame_00701.png /seq_02/frame_00731.png 0.04056 0.16014 -0.0732 0.942 -0.31338 0.11814 -0.02157
/seq_02/frame_00701.png /seq_02/frame_00732.png 0.03322 0.16688 -0.06909 0.93352 -0.33911 0.11483 -0.0192
/seq_02/frame_00701.png /seq_02/frame_00733.png 0.01356 0.17723 -0.07957 0.92232 -0.36707 0.11945 -0.01765
/seq_02/frame_00701.png /seq_02/frame_00734.png 0.01356 0.17723 -0.07957 0.92232 -0.36707 0.11945 -0.01765
/seq_02/frame_00701.png /seq_02/frame_00735.png 0.03374 0.16992 -0.06875 0.90338 -0.40834 0.12942 -0.02015
/seq_02/frame_00701.png /seq_02/frame_00736.png 0.03374 0.16992 -0.06875 0.90338 -0.40834 0.12942 -0.02015
/seq_02/frame_00701.png /seq_02/frame_00737.png 0.04327 0.17545 -0.05236 0.88273 -0.44968 0.13592 -0.01007
/seq_02/frame_00701.png /seq_02/frame_00738.png 0.04327 0.17545 -0.05236 0.88273 -0.44968 0.13592 -0.01007
/seq_02/frame_00701.png /seq_02/frame_00739.png 0.0544 0.18644 -0.04366 0.86564 -0.48279 0.13257 -0.00207
/seq_02/frame_00701.png /seq_02/frame_00740.png 0.07777 0.19537 -0.00306 0.84575 -0.50434 0.17379 -0.01182
/seq_02/frame_00701.png /seq_02/frame_00741.png 0.07777 0.19537 -0.00306 0.84575 -0.50434 0.17379 -0.01182
/seq_02/frame_00701.png /seq_02/frame_00742.png 0.09429 0.2057 0.10205 0.82738 -0.5208 0.21018 -0.00581
/seq_02/frame_00701.png /seq_02/frame_00743.png 0.10103 0.20883 0.16289 0.82159 -0.52229 0.22841 -0.00456
/seq_02/frame_00701.png /seq_02/frame_00744.png 0.09906 0.21216 0.21524 0.81745 -0.52332 0.24046 -0.00954
/seq_02/frame_00701.png /seq_02/frame_00745.png 0.07541 0.21962 0.3083 0.8104 -0.52097 0.26775 -0.01209
/seq_02/frame_00701.png /seq_02/frame_00746.png 0.0642 0.22604 0.34581 0.80622 -0.51952 0.28288 -0.00985
/seq_02/frame_00701.png /seq_02/frame_00747.png 0.04944 0.23451 0.37422 0.80347 -0.51696 0.29526 -0.00485
/seq_02/frame_00701.png /seq_02/frame_00748.png 0.04213 0.23598 0.39499 0.79957 -0.51561 0.30786 -0.00773
/seq_02/frame_00701.png /seq_02/frame_00749.png 0.03974 0.23203 0.40647 0.79305 -0.52199 0.314 -0.00195
/seq_02/frame_00701.png /seq_02/frame_00750.png 0.05189 0.20941 0.40861 0.77772 -0.54102 0.31994 0.00868
/seq_02/frame_00751.png /seq_02/frame_00752.png 0.01262 -0.05612 0.01225 0.9989 -0.04554 -0.01103 0.00263
/seq_02/frame_00751.png /seq_02/frame_00753.png 0.03107 -0.08465 0.00973 0.9973 -0.07127 -0.01678 -0.00543
/seq_02/frame_00751.png /seq_02/frame_00754.png 0.03107 -0.08465 0.00973 0.9973 -0.07127 -0.01678 -0.00543
/seq_02/frame_00751.png /seq_02/frame_00755.png 0.01925 -0.12512 0.034 0.99589 -0.08598 -0.02229 -0.01784
/seq_02/frame_00751.png /seq_02/frame_00756.png 0.02074 -0.14222 0.03878 0.99508 -0.09449 -0.01706 -0.02426
/seq_02/frame_00751.png /seq_02/frame_00757.png 0.0172 -0.17324 0.04291 0.99305 -0.10928 -0.03502 -0.02602
/seq_02/frame_00751.png /seq_02/frame_00758.png 0.0172 -0.17324 0.04291 0.99305 -0.10928 -0.03502 -0.02602
/seq_02/frame_00751.png /seq_02/frame_00759.png 0.01498 -0.18286 0.04981 0.98913 -0.13883 -0.04042 -0.0268
/seq_02/frame_00751.png /seq_02/frame_00760.png 0.01498 -0.18286 0.04981 0.98913 -0.13883 -0.04042 -0.0268
/seq_02/frame_00751.png /seq_02/frame_00761.png 0.01311 -0.19171 0.04947 0.98752 -0.1463 -0.04996 -0.03002
/seq_02/frame_00751.png /seq_02/frame_00762.png 0.01311 -0.19171 0.04947 0.98752 -0.1463 -0.04996 -0.03002
/seq_02/frame_00751.png /seq_02/frame_00763.png 0.01325 -0.22962 0.04868 0.98482 -0.16496 -0.0429 -0.03276
/seq_02/frame_00751.png /seq_02/frame_00764.png 0.0201 -0.28818 0.04685 0.98318 -0.17527 -0.03757 -0.03513
/seq_02/frame_00751.png /seq_02/frame_00765.png 0.02359 -0.31684 0.04624 0.98156 -0.18425 -0.03464 -0.03734
/seq_02/frame_00751.png /seq_02/frame_00766.png 0.02573 -0.34195 0.04643 0.98109 -0.18846 -0.03096 -0.03135
/seq_02/frame_00751.png /seq_02/frame_00767.png 0.02159 -0.36326 0.04806 0.97896 -0.20008 -0.02547 -0.03098
/seq_02/frame_00751.png /seq_02/frame_00768.png 0.01278 -0.38236 0.05119 0.97643 -0.21278 -0.01703 -0.03199
/seq_02/frame_00751.png /seq_02/frame_00769.png -0.00429 -0.42444 0.06412 0.97175 -0.23277 -0.0173 -0.03487
/seq_02/frame_00751.png /seq_02/frame_00770.png -0.00698 -0.43859 0.07502 0.97034 -0.23753 -0.02455 -0.0377
/seq_02/frame_00751.png /seq_02/frame_00771.png -0.00785 -0.44803 0.08278 0.96653 -0.25127 -0.02744 -0.04389
/seq_02/frame_00751.png /seq_02/frame_00772.png -0.00132 -0.4616 0.08847 0.96142 -0.269 -0.02706 -0.05077
/seq_02/frame_00751.png /seq_02/frame_00773.png 0.01228 -0.47684 0.08973 0.95389 -0.29505 -0.02259 -0.05037
/seq_02/frame_00751.png /seq_02/frame_00774.png 0.02187 -0.49895 0.09486 0.94563 -0.32019 -0.0278 -0.04996
/seq_02/frame_00751.png /seq_02/frame_00775.png 0.04773 -0.54847 0.10111 0.92846 -0.36583 -0.03541 -0.05368
/seq_02/frame_00751.png /seq_02/frame_00776.png 0.06781 -0.57577 0.09838 0.91682 -0.39423 -0.03438 -0.05332
/seq_02/frame_00751.png /seq_02/frame_00777.png 0.08886 -0.59686 0.09805 0.90372 -0.42264 -0.03528 -0.05852
/seq_02/frame_00751.png /seq_02/frame_00778.png 0.10922 -0.60458 0.1057 0.89069 -0.44899 -0.02985 -0.06475
/seq_02/frame_00751.png /seq_02/frame_00779.png 0.12703 -0.5946 0.11011 0.88078 -0.46656 -0.03091 -0.07478
/seq_02/frame_00751.png /seq_02/frame_00780.png 0.14916 -0.57284 0.10925 0.87073 -0.48408 -0.03314 -0.08
/seq_02/frame_00751.png /seq_02/frame_00781.png 0.14916 -0.57284 0.10925 0.87073 -0.48408 -0.03314 -0.08
/seq_02/frame_00751.png /seq_02/frame_00782.png 0.20373 -0.51697 0.11182 0.84726 -0.52215 -0.04606 -0.08602
/seq_02/frame_00751.png /seq_02/frame_00783.png 0.25008 -0.47747 0.12304 0.83299 -0.5393 -0.05331 -0.11156
/seq_02/frame_00751.png /seq_02/frame_00784.png 0.26818 -0.46288 0.12928 0.82719 -0.54542 -0.04788 -0.12637
/seq_02/frame_00751.png /seq_02/frame_00785.png 0.29291 -0.45228 0.13483 0.81583 -0.56041 -0.03782 -0.13758
/seq_02/frame_00751.png /seq_02/frame_00786.png 0.3314 -0.45043 0.14212 0.79836 -0.5819 -0.03813 -0.15018
/seq_02/frame_00751.png /seq_02/frame_00787.png 0.38683 -0.44758 0.14902 0.78119 -0.60236 -0.0332 -0.16064
/seq_02/frame_00751.png /seq_02/frame_00788.png 0.50894 -0.43935 0.16359 0.76026 -0.62354 -0.03571 -0.17867
/seq_02/frame_00751.png /seq_02/frame_00789.png 0.50894 -0.43935 0.16359 0.76026 -0.62354 -0.03571 -0.17867
/seq_02/frame_00751.png /seq_02/frame_00790.png 0.58425 -0.43202 0.17828 0.73553 -0.6429 -0.02809 -0.21186
/seq_02/frame_00751.png /seq_02/frame_00791.png 0.59549 -0.40782 0.18154 0.72102 -0.65552 -0.01811 -0.22381
/seq_02/frame_00751.png /seq_02/frame_00792.png 0.59549 -0.40782 0.18154 0.72102 -0.65552 -0.01811 -0.22381
/seq_02/frame_00751.png /seq_02/frame_00793.png 0.59549 -0.40782 0.18154 0.72102 -0.65552 -0.01811 -0.22381
/seq_02/frame_00751.png /seq_02/frame_00794.png 0.68727 -0.25708 0.19834 0.69198 -0.67056 -0.03021 -0.26569
/seq_02/frame_00751.png /seq_02/frame_00795.png 0.69644 -0.23824 0.20552 0.67979 -0.67918 -0.02409 -0.27571
/seq_02/frame_00751.png /seq_02/frame_00796.png 0.70575 -0.22596 0.21202 -0.67193 0.68242 0.02088 0.287
/seq_02/frame_00751.png /seq_02/frame_00797.png 0.71494 -0.22019 0.21912 -0.6505 0.69936 0.01222 0.29596
/seq_02/frame_00751.png /seq_02/frame_00798.png 0.72587 -0.20959 0.22589 -0.62543 0.71939 -0.00186 0.30218
/seq_02/frame_00751.png /seq_02/frame_00799.png 0.74271 -0.19649 0.23318 -0.59528 0.74027 -0.01145 0.31229
/seq_02/frame_00751.png /seq_02/frame_00800.png 0.78583 -0.16887 0.24122 -0.52841 0.78366 -0.03462 0.32474
/seq_02/frame_00801.png /seq_02/frame_00802.png 0.00921 0.00574 -0.00348 0.99912 -0.04111 -0.0055 0.00559
/seq_02/frame_00801.png /seq_02/frame_00803.png 0.0107 0.01045 -0.00881 0.99724 -0.07244 -0.01347 0.00954
/seq_02/frame_00801.png /seq_02/frame_00804.png -0.00449 0.0258 -0.0151 0.99408 -0.10448 -0.02609 0.01438
/seq_02/frame_00801.png /seq_02/frame_00805.png -0.0233 0.04791 -0.01959 0.99153 -0.12705 -0.02531 0.00899
/seq_02/frame_00801.png /seq_02/frame_00806.png -0.06535 0.11085 -0.01647 0.9867 -0.1614 -0.01935 -0.00033
/seq_02/frame_00801.png /seq_02/frame_00807.png -0.08533 0.14343 -0.01752 0.98387 -0.1782 -0.01576 0.00214
/seq_02/frame_00801.png /seq_02/frame_00808.png -0.1023 0.1658 -0.01701 0.9809 -0.19362 -0.01567 0.00969
/seq_02/frame_00801.png /seq_02/frame_00809.png -0.11114 0.17938 -0.01799 0.97686 -0.21289 -0.01542 0.01387
/seq_02/frame_00801.png /seq_02/frame_00810.png -0.11295 0.188 -0.02014 0.96947 -0.24358 -0.02098 0.01865
/seq_02/frame_00801.png /seq_02/frame_00811.png -0.11295 0.188 -0.02014 0.96947 -0.24358 -0.02098 0.01865
/seq_02/frame_00801.png /seq_02/frame_00812.png -0.07556 0.22594 -0.02625 0.9405 -0.33745 -0.03983 0.0029
/seq_02/frame_00801.png /seq_02/frame_00813.png -0.06781 0.2414 -0.02765 0.93221 -0.35945 -0.04196 0.00427
/seq_02/frame_00801.png /seq_02/frame_00814.png -0.05945 0.25411 -0.03066 0.92392 -0.3798 -0.0459 0.00414
/seq_02/frame_00801.png /seq_02/frame_00815.png -0.0476 0.26406 -0.03424 0.91704 -0.39589 -0.04791 0.00281
/seq_02/frame_00801.png /seq_02/frame_00816.png -0.03511 0.26851 -0.03709 0.90869 -0.41447 -0.04994 0.00091
/seq_02/frame_00801.png /seq_02/frame_00817.png -0.02705 0.26885 -0.03935 0.89761 -0.43753 -0.05363 -0.00048
/seq_02/frame_00801.png /seq_02/frame_00818.png -0.01574 0.26202 -0.04186 0.87648 -0.47817 -0.05591 -0.00272
/seq_02/frame_00801.png /seq_02/frame_00819.png -0.00882 0.2544 -0.04283 0.86711 -0.49518 -0.0538 -0.00597
/seq_02/frame_00801.png /seq_02/frame_00820.png 0.00428 0.2391 -0.04551 0.8581 -0.51025 -0.05602 -0.01318
/seq_02/frame_00801.png /seq_02/frame_00821.png 0.02499 0.2189 -0.04996 0.8493 -0.52427 -0.06065 -0.01259
/seq_02/frame_00801.png /seq_02/frame_00822.png 0.02499 0.2189 -0.04996 0.8493 -0.52427 -0.06065 -0.01259
/seq_02/frame_00801.png /seq_02/frame_00823.png 0.09205 0.16201 -0.05938 0.84591 -0.52801 -0.0737 -0.01429
/seq_02/frame_00801.png /seq_02/frame_00824.png 0.16975 0.10396 -0.07425 0.84461 -0.5287 -0.08405 -0.00756
/seq_02/frame_00801.png /seq_02/frame_00825.png 0.19767 0.08938 -0.08528 0.84491 -0.52656 -0.09386 -0.00641
/seq_02/frame_00801.png /seq_02/frame_00826.png 0.21887 0.07877 -0.09763 0.84637 -0.52286 -0.10069 -0.01156
/seq_02/frame_00801.png /seq_02/frame_00827.png 0.23715 0.06582 -0.11128 0.84521 -0.52395 -0.10441 -0.01353
/seq_02/frame_00801.png /seq_02/frame_00828.png 0.25086 0.05513 -0.12755 0.84266 -0.52785 -0.10562 -0.01177
/seq_02/frame_00801.png /seq_02/frame_00829.png 0.26338 0.04582 -0.14291 0.84056 -0.53213 -0.10055 -0.0137
/seq_02/frame_00801.png /seq_02/frame_00830.png 0.27837 0.03106 -0.18394 0.83663 -0.53675 -0.10767 -0.01881
/seq_02/frame_00801.png /seq_02/frame_00831.png 0.28401 0.02949 -0.20269 0.83222 -0.54272 -0.11279 -0.01193
/seq_02/frame_00801.png /seq_02/frame_00832.png 0.29233 0.03151 -0.21404 0.83506 -0.54322 -0.08683 -0.00678
/seq_02/frame_00801.png /seq_02/frame_00833.png 0.30103 0.02883 -0.22931 0.84074 -0.53476 -0.08354 -0.01432
/seq_02/frame_00801.png /seq_02/frame_00834.png 0.31114 0.02496 -0.24662 0.84112 -0.53351 -0.08591 -0.02242
/seq_02/frame_00801.png /seq_02/frame_00835.png 0.32332 0.01625 -0.26522 0.83831 -0.536 -0.09536 -0.02897
/seq_02/frame_00801.png /seq_02/frame_00836.png 0.34847 0.00187 -0.31283 0.82698 -0.55085 -0.11059 -0.02091
/seq_02/frame_00801.png /seq_02/frame_00837.png 0.34847 0.00187 -0.31283 0.82698 -0.55085 -0.11059 -0.02091
/seq_02/frame_00801.png /seq_02/frame_00838.png 0.36404 0.00204 -0.35891 0.82483 -0.55176 -0.12187 -0.01891
/seq_02/frame_00801.png /seq_02/frame_00839.png 0.36726 -0.0008 -0.37248 0.81755 -0.55743 -0.14284 -0.0219
/seq_02/frame_00801.png /seq_02/frame_00840.png 0.36812 -0.00297 -0.38001 0.80845 -0.56732 -0.15533 -0.02064
/seq_02/frame_00801.png /seq_02/frame_00841.png 0.36873 -0.0074 -0.38534 0.8002 -0.57663 -0.1635 -0.02144
/seq_02/frame_00801.png /seq_02/frame_00842.png 0.36338 -0.00822 -0.386 0.78454 -0.59633 -0.16854 -0.02182
/seq_02/frame_00801.png /seq_02/frame_00843.png 0.32234 0.00772 -0.37324 0.75716 -0.6314 -0.16444 -0.03167
/seq_02/frame_00801.png /seq_02/frame_00844.png 0.29385 0.01848 -0.35939 0.75144 -0.63939 -0.15894 -0.03553
/seq_02/frame_00801.png /seq_02/frame_00845.png 0.26719 0.02811 -0.34489 0.74283 -0.64798 -0.16398 -0.03777
/seq_02/frame_00801.png /seq_02/frame_00846.png 0.24358 0.04159 -0.32777 0.72944 -0.6633 -0.16373 -0.03379
/seq_02/frame_00801.png /seq_02/frame_00847.png 0.22409 0.05268 -0.30558 0.71989 -0.67658 -0.1523 -0.02817
/seq_02/frame_00801.png /seq_02/frame_00848.png 0.20344 0.06399 -0.28066 0.70903 -0.69164 -0.1358 -0.0219
/seq_02/frame_00801.png /seq_02/frame_00849.png 0.16127 0.07824 -0.24196 -0.68532 0.71673 0.12706 0.02204
/seq_02/frame_00801.png /seq_02/frame_00850.png 0.13946 0.0769 -0.22318 -0.66973 0.73117 0.12749 0.02452
/seq_02/frame_00851.png /seq_02/frame_00852.png 0.0 0.0 0.0 1.0 0.0 0.0 0.0
/seq_02/frame_00851.png /seq_02/frame_00853.png -0.06321 -0.05245 0.03315 0.99907 -0.04225 0.00634 0.00578
/seq_02/frame_00851.png /seq_02/frame_00854.png -0.09623 -0.08585 0.0498 0.99725 -0.07395 0.00332 0.00212
/seq_02/frame_00851.png /seq_02/frame_00855.png -0.15244 -0.15145 0.08558 0.99043 -0.13793 0.00438 0.00202
/seq_02/frame_00851.png /seq_02/frame_00856.png -0.17319 -0.1714 0.10207 0.9868 -0.16149 0.0103 0.00651
/seq_02/frame_00851.png /seq_02/frame_00857.png -0.19442 -0.18061 0.12191 0.98427 -0.17618 0.01299 0.00293
/seq_02/frame_00851.png /seq_02/frame_00858.png -0.22205 -0.19092 0.14454 0.97889 -0.20362 0.00907 0.01536
/seq_02/frame_00851.png /seq_02/frame_00859.png -0.26018 -0.21283 0.16519 0.975 -0.22096 0.01348 0.01906
/seq_02/frame_00851.png /seq_02/frame_00860.png -0.31171 -0.22582 0.18789 0.963 -0.2682 0.00951 0.02456
/seq_02/frame_00851.png /seq_02/frame_00861.png -0.4279 -0.22762 0.23015 0.94186 -0.33297 0.0161 0.04206
/seq_02/frame_00851.png /seq_02/frame_00862.png -0.47535 -0.22228 0.24865 0.92855 -0.36746 0.01874 0.04907
/seq_02/frame_00851.png /seq_02/frame_00863.png -0.50945 -0.21965 0.26074 0.92066 -0.38627 0.01859 0.05319
/seq_02/frame_00851.png /seq_02/frame_00864.png -0.53394 -0.22049 0.27132 0.90699 -0.41719 0.00315 0.0575
/seq_02/frame_00851.png /seq_02/frame_00865.png -0.54749 -0.23363 0.27961 0.90144 -0.42819 0.0003 0.06376
/seq_02/frame_00851.png /seq_02/frame_00866.png -0.55537 -0.25724 0.28558 0.889 -0.45333 -0.00346 0.06445
/seq_02/frame_00851.png /seq_02/frame_00867.png -0.57579 -0.31448 0.30666 0.86577 -0.49385 0.00281 0.08084
/seq_02/frame_00851.png /seq_02/frame_00868.png -0.58673 -0.34933 0.3177 0.8539 -0.51398 0.00886 0.08121
/seq_02/frame_00851.png /seq_02/frame_00869.png -0.59512 -0.3813 0.32929 0.83956 -0.53562 0.01392 0.08976
/seq_02/frame_00851.png /seq_02/frame_00870.png -0.59966 -0.40962 0.33575 0.8216 -0.56104 0.01594 0.09973
/seq_02/frame_00851.png /seq_02/frame_00871.png -0.60055 -0.43649 0.34154 0.81062 -0.57629 0.01649 0.10253
/seq_02/frame_00851.png /seq_02/frame_00872.png -0.60502 -0.45498 0.35021 0.79695 -0.59373 0.00799 0.11082
/seq_02/frame_00851.png /seq_02/frame_00873.png -0.62971 -0.47862 0.37601 0.75241 -0.64705 0.00233 0.1233
/seq_02/frame_00851.png /seq_02/frame_00874.png -0.65463 -0.48741 0.38133 0.7244 -0.68025 0.00017 0.11179
/seq_02/frame_00851.png /seq_02/frame_00875.png -0.65463 -0.48741 0.38133 0.7244 -0.68025 0.00017 0.11179
/seq_02/frame_00851.png /seq_02/frame_00876.png -0.71324 -0.48998 0.3811 -0.68113 0.72641 0.00926 -0.09114
/seq_02/frame_00851.png /seq_02/frame_00877.png -0.72748 -0.48322 0.37105 -0.66849 0.73947 0.00281 -0.07935
/seq_02/frame_00851.png /seq_02/frame_00878.png -0.73807 -0.47234 0.35539 -0.65376 0.75398 0.00418 -0.06405
/seq_02/frame_00851.png /seq_02/frame_00879.png -0.7384 -0.44708 0.32062 -0.63169 0.77367 -0.00256 -0.04897
/seq_02/frame_00851.png /seq_02/frame_00880.png -0.72793 -0.42748 0.2985 -0.62725 0.77773 -0.00699 -0.04054
/seq_02/frame_00851.png /seq_02/frame_00881.png -0.71502 -0.40326 0.27853 -0.61594 0.78604 0.00065 -0.05244
/seq_02/frame_00851.png /seq_02/frame_00882.png -0.71502 -0.40326 0.27853 -0.61594 0.78604 0.00065 -0.05244
/seq_02/frame_00851.png /seq_02/frame_00883.png -0.66411 -0.35203 0.22361 -0.61354 0.78858 -0.00426 -0.0411
/seq_02/frame_00851.png /seq_02/frame_00884.png -0.66411 -0.35203 0.22361 -0.61354 0.78858 -0.00426 -0.0411
/seq_02/frame_00851.png /seq_02/frame_00885.png -0.6349 -0.25094 0.14542 -0.61056 0.7916 -0.01505 -0.0188
/seq_02/frame_00851.png /seq_02/frame_00886.png -0.63478 -0.21502 0.11846 -0.60361 0.79686 -0.02525 -0.00553
/seq_02/frame_00851.png /seq_02/frame_00887.png -0.6367 -0.18495 0.10177 -0.59841 0.80063 -0.02917 -0.00659
/seq_02/frame_00851.png /seq_02/frame_00888.png -0.6367 -0.18495 0.10177 -0.59841 0.80063 -0.02917 -0.00659
/seq_02/frame_00851.png /seq_02/frame_00889.png -0.64131 -0.13661 0.07851 -0.58849 0.80706 -0.04825 -0.0029
/seq_02/frame_00851.png /seq_02/frame_00890.png -0.64131 -0.13661 0.07851 -0.58849 0.80706 -0.04825 -0.0029
/seq_02/frame_00851.png /seq_02/frame_00891.png -0.68683 -0.1429 0.03249 -0.52771 0.84881 -0.03243 0.00085
/seq_02/frame_00851.png /seq_02/frame_00892.png -0.68683 -0.1429 0.03249 -0.52771 0.84881 -0.03243 0.00085
/seq_02/frame_00851.png /seq_02/frame_00893.png -0.73529 -0.15973 0.00269 -0.50149 0.86399 -0.04495 0.00296
/seq_02/frame_00851.png /seq_02/frame_00894.png -0.7558 -0.1732 -0.00553 -0.4875 0.87232 -0.03708 0.00557
/seq_02/frame_00851.png /seq_02/frame_00895.png -0.77219 -0.18719 -0.01337 -0.47889 0.87712 -0.03577 0.00698
/seq_02/frame_00851.png /seq_02/frame_00896.png -0.78173 -0.20385 -0.02738 -0.47545 0.87894 -0.03295 0.01796
/seq_02/frame_00851.png /seq_02/frame_00897.png -0.80091 -0.22553 -0.06764 -0.45773 0.88733 -0.03485 0.0437
/seq_02/frame_00851.png /seq_02/frame_00898.png -0.80249 -0.22984 -0.08482 -0.47373 0.87916 -0.04918 0.01528
/seq_02/frame_00851.png /seq_02/frame_00899.png -0.79556 -0.24004 -0.09939 -0.46675 0.88283 -0.04642 0.0247
/seq_02/frame_00851.png /seq_02/frame_00900.png -0.7923 -0.25179 -0.11129 -0.45157 0.89073 -0.03526 0.03789
