/seq_01/frame_00001.png /seq_01/frame_00002.png 0.03826 0.00468 0.00233 0.99997 -0.00112 -0.00782 0.00154
/seq_01/frame_00001.png /seq_01/frame_00003.png 0.03826 0.00468 0.00233 0.99997 -0.00112 -0.00782 0.00154
/seq_01/frame_00001.png /seq_01/frame_00004.png 0.14084 0.01608 -0.0012 0.99993 -0.0043 -0.00353 0.0109
/seq_01/frame_00001.png /seq_01/frame_00005.png 0.18228 0.01292 -0.00568 0.99987 0.0067 -0.00243 0.01459
/seq_01/frame_00001.png /seq_01/frame_00006.png 0.21903 0.00781 -0.01093 0.99966 0.01627 -0.00071 0.02034
/seq_01/frame_00001.png /seq_01/frame_00007.png 0.27605 0.02519 -0.01173 0.99898 0.04145 -0.00379 0.01762
/seq_01/frame_00001.png /seq_01/frame_00008.png 0.30843 0.05222 -0.01688 0.99902 0.04203 -0.00792 0.01115
/seq_01/frame_00001.png /seq_01/frame_00009.png 0.33913 0.08719 -0.02308 0.99951 0.0256 -0.01432 0.01062
/seq_01/frame_00001.png /seq_01/frame_00010.png 0.3653 0.11226 -0.02263 0.99975 0.00942 -0.02044 0.00067
/seq_01/frame_00001.png /seq_01/frame_00011.png 0.43328 0.14688 -0.01769 0.99986 0.00518 -0.01325 -0.00934
/seq_01/frame_00001.png /seq_01/frame_00012.png 0.47671 0.15184 -0.01368 0.99973 -0.01041 -0.01893 -0.00907
/seq_01/frame_00001.png /seq_01/frame_00013.png 0.52518 0.1526 -0.00971 0.99912 -0.02876 -0.02975 -0.00671
/seq_01/frame_00001.png /seq_01/frame_00014.png 0.56887 0.14955 -0.00775 0.99814 -0.05055 -0.03391 -0.00305
/seq_01/frame_00001.png /seq_01/frame_00015.png 0.61284 0.14659 -0.00749 0.99737 -0.06523 -0.03152 0.00287
/seq_01/frame_00001.png /seq_01/frame_00016.png 0.68245 0.14251 -0.00795 0.99553 -0.08977 -0.02863 0.00695
/seq_01/frame_00001.png /seq_01/frame_00017.png 0.70306 0.14223 -0.01173 0.99378 -0.10815 -0.02426 0.01048
/seq_01/frame_00001.png /seq_01/frame_00018.png 0.71797 0.14298 -0.01349 0.99217 -0.12301 -0.01809 0.01157
/seq_01/frame_00001.png /seq_01/frame_00019.png 0.7299 0.14065 -0.01836 0.99082 -0.1335 -0.01241 0.01714
/seq_01/frame_00001.png /seq_01/frame_00020.png 0.74947 0.15448 -0.02517 0.98872 -0.14633 -0.00808 0.03104
/seq_01/frame_00001.png /seq_01/frame_00021.png 0.74947 0.15448 -0.02517 0.98872 -0.14633 -0.00808 0.03104
/seq_01/frame_00001.png /seq_01/frame_00022.png 0.77549 0.19815 -0.02993 0.98603 -0.16059 -0.02185 0.03842
/seq_01/frame_00001.png /seq_01/frame_00023.png 0.78544 0.22038 -0.03352 0.98226 -0.18109 -0.01895 0.04478
/seq_01/frame_00001.png /seq_01/frame_00024.png 0.79535 0.23596 -0.03837 0.9788 -0.19787 -0.02075 0.04873
/seq_01/frame_00001.png /seq_01/frame_00025.png 0.81655 0.24536 -0.04358 0.97292 -0.22541 -0.00907 0.05031
/seq_01/frame_00001.png /seq_01/frame_00026.png 0.84227 0.24201 -0.04258 0.9687 -0.24242 -0.01077 0.05228
/seq_01/frame_00001.png /seq_01/frame_00027.png 0.87882 0.23508 -0.03979 0.9622 -0.2665 -0.01305 0.0546
/seq_01/frame_00001.png /seq_01/frame_00028.png 0.92002 0.22463 -0.0401 0.95762 -0.28237 -0.02066 0.05292
/seq_01/frame_00001.png /seq_01/frame_00029.png 0.99995 0.21196 -0.03722 0.94961 -0.30724 -0.02195 0.05804
/seq_01/frame_00001.png /seq_01/frame_00030.png 1.02813 0.20865 -0.03567 0.94827 -0.31125 -0.02238 0.0583
/seq_01/frame_00031.png /seq_01/frame_00032.png 0.01385 -0.00073 0.00852 0.99977 0.01387 0.00863 -0.0137
/seq_01/frame_00031.png /seq_01/frame_00033.png 0.04025 0.00785 0.02237 0.9987 0.03639 0.02148 -0.02839
/seq_01/frame_00031.png /seq_01/frame_00034.png 0.05122 0.01447 0.02953 0.99751 0.0514 0.02676 -0.04029
/seq_01/frame_00031.png /seq_01/frame_00035.png 0.05488 0.02051 0.03625 0.99641 0.06096 0.03051 -0.05022
/seq_01/frame_00031.png /seq_01/frame_00036.png 0.05283 0.02639 0.04313 0.99531 0.06655 0.03482 -0.06097
/seq_01/frame_00031.png /seq_01/frame_00037.png 0.04531 0.03459 0.05068 0.99515 0.06553 0.03851 -0.0624
/seq_01/frame_00031.png /seq_01/frame_00038.png 0.01567 0.05315 0.06744 0.99148 0.08912 0.03678 -0.08756
/seq_01/frame_00031.png /seq_01/frame_00039.png -0.00793 0.06159 0.07595 0.98917 0.10001 0.04009 -0.09963
/seq_01/frame_00031.png /seq_01/frame_00040.png -0.00793 0.06159 0.07595 0.98917 0.10001 0.04009 -0.09963
/seq_01/frame_00031.png /seq_01/frame_00041.png -0.00793 0.06159 0.07595 0.98917 0.10001 0.04009 -0.09963
/seq_01/frame_00031.png /seq_01/frame_00042.png -0.08102 0.07591 0.09044 0.98262 0.12769 0.04284 -0.12773
/seq_01/frame_00031.png /seq_01/frame_00043.png -0.09026 0.07608 0.0934 0.98028 0.1353 0.04235 -0.13765
/seq_01/frame_00031.png /seq_01/frame_00044.png -0.09882 0.07574 0.09969 0.97779 0.1404 0.0432 -0.14946
/seq_01/frame_00031.png /seq_01/frame_00045.png -0.1048 0.07439 0.1054 0.97514 0.14156 0.04592 -0.16417
/seq_01/frame_00031.png /seq_01/frame_00046.png -0.10719 0.07382 0.11021 0.9722 0.14601 0.04707 -0.1769
/seq_01/frame_00031.png /seq_01/frame_00047.png -0.10605 0.07211 0.11915 0.96858 0.14481 0.05289 -0.19516
/seq_01/frame_00031.png /seq_01/frame_00048.png -0.10435 0.0703 0.12707 0.9663 0.14345 0.05625 -0.20621
/seq_01/frame_00031.png /seq_01/frame_00049.png -0.10075 0.06823 0.13427 0.96441 0.14158 0.06057 -0.21496
/seq_01/frame_00031.png /seq_01/frame_00050.png -0.09513 0.06983 0.1397 0.96378 0.13662 0.06653 -0.21919
/seq_01/frame_00031.png /seq_01/frame_00051.png -0.07879 0.06453 0.15402 0.95944 0.12779 0.07745 -0.23906
/seq_01/frame_00031.png /seq_01/frame_00052.png -0.06981 0.06363 0.15988 0.95774 0.12294 0.08201 -0.24675
/seq_01/frame_00031.png /seq_01/frame_00053.png -0.06118 0.06229 0.1627 0.95513 0.12505 0.08357 -0.25515
/seq_01/frame_00031.png /seq_01/frame_00054.png -0.05552 0.05936 0.16545 0.9528 0.12719 0.08384 -0.2626
/seq_01/frame_00031.png /seq_01/frame_00055.png -0.05211 0.05522 0.16879 0.95017 0.13178 0.08578 -0.26917
/seq_01/frame_00031.png /seq_01/frame_00056.png -0.05545 0.04554 0.1742 0.94281 0.14786 0.07759 -0.28849
/seq_01/frame_00031.png /seq_01/frame_00057.png -0.05959 0.04657 0.17376 0.94015 0.16111 0.06931 -0.29216
/seq_01/frame_00031.png /seq_01/frame_00058.png -0.06673 0.04772 0.17318 0.93793 0.17248 0.06283 -0.29427
/seq_01/frame_00031.png /seq_01/frame_00059.png -0.07348 0.04968 0.17187 0.93494 0.18744 0.05629 -0.29593
/seq_01/frame_00031.png /seq_01/frame_00060.png -0.08616 0.05468 0.16858 0.92943 0.21287 0.05118 -0.29702
/seq_01/frame_00061.png /seq_01/frame_00062.png -0.00383 0.00244 -0.00244 0.99991 0.01281 -0.00092 0.00285
/seq_01/frame_00061.png /seq_01/frame_00063.png -0.00527 0.00489 -0.00316 0.99964 0.02646 -0.00138 0.00465
/seq_01/frame_00061.png /seq_01/frame_00064.png -0.01052 0.00453 -0.00341 0.9987 0.05056 -0.00465 0.00538
/seq_01/frame_00061.png /seq_01/frame_00065.png -0.00987 0.00497 -0.00382 0.99812 0.06102 -0.00486 0.00352
/seq_01/frame_00061.png /seq_01/frame_00066.png -0.00966 0.00672 -0.00562 0.9976 0.06907 -0.00493 0.00134
/seq_01/frame_00061.png /seq_01/frame_00067.png -0.00932 0.00834 -0.00687 0.99702 0.07682 -0.00483 -0.00426
/seq_01/frame_00061.png /seq_01/frame_00068.png -0.00814 0.01101 -0.00774 0.99645 0.08394 -0.00412 -0.00545
/seq_01/frame_00061.png /seq_01/frame_00069.png 0.00105 0.0166 -0.01016 0.99367 0.11171 -0.00667 -0.01017
/seq_01/frame_00061.png /seq_01/frame_00070.png 0.00105 0.0166 -0.01016 0.99367 0.11171 -0.00667 -0.01017
/seq_01/frame_00061.png /seq_01/frame_00071.png 0.01221 0.01692 -0.01413 0.99088 0.13448 -0.00633 -0.00573
/seq_01/frame_00061.png /seq_01/frame_00072.png 0.01806 0.01441 -0.01638 0.98972 0.14289 -0.0052 -0.00249
/seq_01/frame_00061.png /seq_01/frame_00073.png 0.03044 0.00924 -0.02544 0.98649 0.16298 -0.00124 0.01676
/seq_01/frame_00061.png /seq_01/frame_00074.png 0.03504 0.00604 -0.03172 0.98478 0.17098 0.00295 0.03093
/seq_01/frame_00061.png /seq_01/frame_00075.png 0.03104 -0.0002 -0.03659 0.98449 0.17052 0.00637 0.0408
/seq_01/frame_00061.png /seq_01/frame_00076.png 0.0276 -0.0063 -0.04285 0.98362 0.1723 0.01138 0.05177
/seq_01/frame_00061.png /seq_01/frame_00077.png 0.0276 -0.0063 -0.04285 0.98362 0.1723 0.01138 0.05177
/seq_01/frame_00061.png /seq_01/frame_00078.png 0.01969 -0.01864 -0.0614 0.98074 0.17544 0.01943 0.08357
/seq_01/frame_00061.png /seq_01/frame_00079.png 0.0243 -0.04033 -0.07284 0.97796 0.17951 0.02531 0.10354
/seq_01/frame_00061.png /seq_01/frame_00080.png 0.0243 -0.04033 -0.07284 0.97796 0.17951 0.02531 0.10354
/seq_01/frame_00061.png /seq_01/frame_00081.png 0.0243 -0.04033 -0.07284 0.97796 0.17951 0.02531 0.10354
/seq_01/frame_00061.png /seq_01/frame_00082.png 0.04579 -0.14722 -0.09057 0.97412 0.17281 0.04279 0.13927
/seq_01/frame_00061.png /seq_01/frame_00083.png 0.04579 -0.14722 -0.09057 0.97412 0.17281 0.04279 0.13927
/seq_01/frame_00061.png /seq_01/frame_00084.png 0.03172 -0.23224 -0.10657 0.97097 0.17926 0.04672 0.1513
/seq_01/frame_00061.png /seq_01/frame_00085.png 0.02532 -0.25805 -0.11237 0.97111 0.17316 0.04876 0.15677
/seq_01/frame_00061.png /seq_01/frame_00086.png 0.01668 -0.26959 -0.1191 0.9703 0.1674 0.0573 0.16496
/seq_01/frame_00061.png /seq_01/frame_00087.png -0.02133 -0.25493 -0.12663 0.96338 0.1886 0.05886 0.18126
/seq_01/frame_00061.png /seq_01/frame_00088.png -0.04961 -0.2391 -0.13292 0.95966 0.19964 0.06718 0.18623
/seq_01/frame_00061.png /seq_01/frame_00089.png -0.0777 -0.22798 -0.14158 0.95524 0.20436 0.07698 0.19958
/seq_01/frame_00061.png /seq_01/frame_00090.png -0.10295 -0.22195 -0.14914 0.9509 0.21379 0.07857 0.20957
/seq_01/frame_00091.png /seq_01/frame_00092.png -0.01517 -0.00661 -0.00518 0.99994 0.00762 0.00358 0.00668
/seq_01/frame_00091.png /seq_01/frame_00093.png -0.03047 -0.01405 -0.00835 0.99984 0.01082 0.00697 0.01224
/seq_01/frame_00091.png /seq_01/frame_00094.png -0.03047 -0.01405 -0.00835 0.99984 0.01082 0.00697 0.01224
/seq_01/frame_00091.png /seq_01/frame_00095.png -0.04282 -0.04987 -0.00853 0.99924 0.03445 0.00938 0.01549
/seq_01/frame_00091.png /seq_01/frame_00096.png -0.04133 -0.0581 -0.00954 0.99912 0.03637 0.01033 0.01805
/seq_01/frame_00091.png /seq_01/frame_00097.png -0.03688 -0.06529 -0.01496 0.99887 0.04044 0.01304 0.02119
/seq_01/frame_00091.png /seq_01/frame_00098.png -0.02883 -0.07216 -0.01764 0.99824 0.05265 0.01285 0.02424
/seq_01/frame_00091.png /seq_01/frame_00099.png -0.02261 -0.07636 -0.0211 0.99755 0.06261 0.01612 0.02689
/seq_01/frame_00091.png /seq_01/frame_00100.png -0.00271 -0.08924 -0.02309 0.99552 0.09078 0.01731 0.02022
/seq_01/frame_00091.png /seq_01/frame_00101.png 0.01437 -0.09455 -0.02031 0.99404 0.10727 0.01309 0.01403
/seq_01/frame_00091.png /seq_01/frame_00102.png 0.03589 -0.10061 -0.01491 0.99255 0.12165 0.00454 0.0045
/seq_01/frame_00091.png /seq_01/frame_00103.png 0.06305 -0.1065 -0.00788 0.99134 0.1313 -0.00126 -0.00296
/seq_01/frame_00091.png /seq_01/frame_00104.png 0.09871 -0.11341 -0.00151 0.98975 0.14227 -0.00767 -0.01
/seq_01/frame_00091.png /seq_01/frame_00105.png 0.18445 -0.12682 0.0121 0.98932 0.14151 -0.02518 -0.02406
/seq_01/frame_00091.png /seq_01/frame_00106.png 0.18445 -0.12682 0.0121 0.98932 0.14151 -0.02518 -0.02406
/seq_01/frame_00091.png /seq_01/frame_00107.png 0.28405 -0.15025 0.02259 0.99047 0.13003 -0.03322 -0.03109
/seq_01/frame_00091.png /seq_01/frame_00108.png 0.28405 -0.15025 0.02259 0.99047 0.13003 -0.03322 -0.03109
/seq_01/frame_00091.png /seq_01/frame_00109.png 0.44666 -0.13888 0.02555 0.98665 0.1542 -0.03697 -0.03707
/seq_01/frame_00091.png /seq_01/frame_00110.png 0.51221 -0.11901 0.0309 0.98639 0.15468 -0.04095 -0.03778
/seq_01/frame_00091.png /seq_01/frame_00111.png 0.57785 -0.09254 0.03696 0.98679 0.15139 -0.04249 -0.03899
/seq_01/frame_00091.png /seq_01/frame_00112.png 0.64253 -0.072 0.04079 0.98596 0.15446 -0.04682 -0.04289
/seq_01/frame_00091.png /seq_01/frame_00113.png 0.76818 -0.04803 0.03914 0.98642 0.15144 -0.04155 -0.04811
/seq_01/frame_00091.png /seq_01/frame_00114.png 0.84684 -0.04301 0.03774 0.98846 0.13528 -0.0448 -0.05141
/seq_01/frame_00091.png /seq_01/frame_00115.png 0.93871 -0.04469 0.0405 0.9909 0.11764 -0.04708 -0.04533
/seq_01/frame_00091.png /seq_01/frame_00116.png 1.02591 -0.05076 0.05134 0.99241 0.10017 -0.05544 -0.04479
/seq_01/frame_00091.png /seq_01/frame_00117.png 1.1049 -0.04903 0.05419 0.99364 0.08722 -0.0578 -0.04173
/seq_01/frame_00091.png /seq_01/frame_00118.png 1.17241 -0.03881 0.0532 0.99411 0.08507 -0.05384 -0.04013
/seq_01/frame_00091.png /seq_01/frame_00119.png 1.3118 0.02843 0.0478 0.99396 0.08613 -0.05623 -0.03827
/seq_01/frame_00091.png /seq_01/frame_00120.png 1.3118 0.02843 0.0478 0.99396 0.08613 -0.05623 -0.03827
/seq_01/frame_00121.png /seq_01/frame_00122.png 0.29279 0.20636 0.00073 0.9999 0.00598 0.00295 -0.01229
/seq_01/frame_00121.png /seq_01/frame_00123.png 0.37594 0.24108 -0.00101 0.99985 -0.00913 0.00414 -0.01437
/seq_01/frame_00121.png /seq_01/frame_00124.png 0.47073 0.27451 0.00194 0.99973 -0.02172 0.00316 -0.00737
/seq_01/frame_00121.png /seq_01/frame_00125.png 0.56311 0.29837 0.0103 0.99941 -0.03385 -0.00257 -0.00553
/seq_01/frame_00121.png /seq_01/frame_00126.png 0.69288 0.34436 0.01325 0.99903 -0.04395 -0.00371 -0.00076
/seq_01/frame_00121.png /seq_01/frame_00127.png 0.73792 0.37826 0.01071 0.999 -0.04479 -0.00022 0.00028
/seq_01/frame_00121.png /seq_01/frame_00128.png 0.78785 0.42718 0.00576 0.99918 -0.04038 -9e-05 0.00117
/seq_01/frame_00121.png /seq_01/frame_00129.png 0.83861 0.49219 0.00752 0.99934 -0.03512 -0.00721 -0.00515
/seq_01/frame_00121.png /seq_01/frame_00130.png 0.88826 0.5637 0.01054 0.99957 -0.02801 -0.0051 -0.00737
/seq_01/frame_00121.png /seq_01/frame_00131.png 0.92821 0.62466 0.01087 0.99973 -0.02066 -0.00363 -0.01028
/seq_01/frame_00121.png /seq_01/frame_00132.png 0.99557 0.7141 0.00926 0.99978 -0.02081 0.00124 -0.00385
/seq_01/frame_00121.png /seq_01/frame_00133.png 1.0354 0.75216 0.00827 0.99976 -0.02167 -0.00126 -0.00134
/seq_01/frame_00121.png /seq_01/frame_00134.png 1.08425 0.79098 0.00951 0.99964 -0.02646 -0.00121 -0.00429
/seq_01/frame_00121.png /seq_01/frame_00135.png 1.19809 0.85841 0.02753 0.99962 -0.01308 -0.01317 -0.0204
/seq_01/frame_00121.png /seq_01/frame_00136.png 1.24437 0.88082 0.03099 0.9996 0.00249 -0.01971 -0.0202
/seq_01/frame_00121.png /seq_01/frame_00137.png 1.27944 0.89929 0.0317 0.9996 0.01591 -0.01672 -0.01621
/seq_01/frame_00121.png /seq_01/frame_00138.png 1.30584 0.91947 0.03082 0.99933 0.03188 -0.01325 -0.01194
/seq_01/frame_00121.png /seq_01/frame_00139.png 1.30584 0.91947 0.03082 0.99933 0.03188 -0.01325 -0.01194
/seq_01/frame_00121.png /seq_01/frame_00140.png 1.3407 1.00299 0.03116 0.99616 0.08649 -0.00702 -0.01135
/seq_01/frame_00121.png /seq_01/frame_00141.png 1.34371 1.02754 0.02962 0.99545 0.09488 -0.00397 -0.00717
/seq_01/frame_00121.png /seq_01/frame_00142.png 1.34529 1.04561 0.02707 0.99486 0.10116 -0.00281 -0.00236
/seq_01/frame_00121.png /seq_01/frame_00143.png 1.34786 1.05752 0.02356 0.99388 0.11048 0.00152 0.00065
/seq_01/frame_00121.png /seq_01/frame_00144.png 1.35128 1.07525 0.01531 0.99178 0.12727 0.00924 0.00942
/seq_01/frame_00121.png /seq_01/frame_00145.png 1.34672 1.07235 0.01347 0.99092 0.13334 0.01155 0.01273
/seq_01/frame_00121.png /seq_01/frame_00146.png 1.34407 1.07193 0.01109 0.99045 0.13605 0.01641 0.01492
/seq_01/frame_00121.png /seq_01/frame_00147.png 1.34159 1.07185 0.0064 0.99024 0.13655 0.02189 0.01729
/seq_01/frame_00121.png /seq_01/frame_00148.png 1.33897 1.07174 0.00199 0.98968 0.13939 0.0263 0.02032
/seq_01/frame_00121.png /seq_01/frame_00149.png 1.33138 1.06703 -0.00407 0.98857 0.14375 0.03854 0.02394
/seq_01/frame_00121.png /seq_01/frame_00150.png 1.32443 1.06355 -0.00574 0.98754 0.14903 0.04332 0.02597
/seq_01/frame_00151.png /seq_01/frame_00152.png -0.00961 -0.00323 -0.00295 0.99994 0.01062 0.00318 -0.0011
/seq_01/frame_00151.png /seq_01/frame_00153.png -0.03069 -0.02214 -0.01078 0.99937 0.03306 0.01266 -0.00315
/seq_01/frame_00151.png /seq_01/frame_00154.png -0.04392 -0.04529 -0.01239 0.99876 0.04808 0.01237 -0.00336
/seq_01/frame_00151.png /seq_01/frame_00155.png -0.05932 -0.07701 -0.01232 0.99804 0.06079 0.01395 -0.00436
/seq_01/frame_00151.png /seq_01/frame_00156.png -0.08089 -0.12233 -0.01264 0.99669 0.07951 0.01667 -0.00418
/seq_01/frame_00151.png /seq_01/frame_00157.png -0.12988 -0.21287 -0.01816 0.99063 0.13533 0.01806 -0.00445
/seq_01/frame_00151.png /seq_01/frame_00158.png -0.15263 -0.25098 -0.02082 0.98628 0.16391 0.0185 -0.00695
/seq_01/frame_00151.png /seq_01/frame_00159.png -0.16629 -0.28269 -0.02595 0.98134 0.19017 0.02575 -0.01197
/seq_01/frame_00151.png /seq_01/frame_00160.png -0.17509 -0.31122 -0.02957 0.97334 0.22683 0.02899 -0.01757
/seq_01/frame_00151.png /seq_01/frame_00161.png -0.18045 -0.33846 -0.03111 0.96056 0.27613 0.02619 -0.01988
/seq_01/frame_00151.png /seq_01/frame_00162.png -0.17759 -0.39915 -0.03101 0.91891 0.39322 0.02314 -0.0213
/seq_01/frame_00151.png /seq_01/frame_00163.png -0.17161 -0.41806 -0.02438 0.89381 0.44759 0.0158 -0.02276
/seq_01/frame_00151.png /seq_01/frame_00164.png -0.17202 -0.43283 -0.02023 0.86837 0.49525 0.01064 -0.02343
/seq_01/frame_00151.png /seq_01/frame_00165.png -0.17049 -0.44384 -0.01975 0.8435 0.53659 0.00609 -0.02317
/seq_01/frame_00151.png /seq_01/frame_00166.png -0.1696 -0.46019 -0.01944 0.79212 0.61011 -7e-05 -0.01752
/seq_01/frame_00151.png /seq_01/frame_00167.png -0.17212 -0.46939 -0.02135 0.7719 0.63553 -0.00037 -0.01641
/seq_01/frame_00151.png /seq_01/frame_00168.png -0.17389 -0.47876 -0.02263 0.76288 0.64634 -0.00123 -0.01623
/seq_01/frame_00151.png /seq_01/frame_00169.png -0.18375 -0.49592 -0.02092 0.75959 0.65028 -0.00351 -0.01245
/seq_01/frame_00151.png /seq_01/frame_00170.png -0.2017 -0.52904 -0.0166 0.75969 0.65016 -0.00659 -0.01103
/seq_01/frame_00151.png /seq_01/frame_00171.png -0.26461 -0.64272 -0.00944 0.77521 0.63133 -0.02161 0.00374
/seq_01/frame_00151.png /seq_01/frame_00172.png -0.29452 -0.70005 -0.01098 0.78299 0.62166 -0.01979 0.0089
/seq_01/frame_00151.png /seq_01/frame_00173.png -0.31347 -0.74988 -0.01221 0.78464 0.61976 -0.01352 0.00677
/seq_01/frame_00151.png /seq_01/frame_00174.png -0.32255 -0.79769 -0.01283 0.78355 0.6212 -0.01228 0.00319
/seq_01/frame_00151.png /seq_01/frame_00175.png -0.30506 -0.92411 -0.01578 0.77927 0.62646 -0.01206 0.01224
/seq_01/frame_00151.png /seq_01/frame_00176.png -0.30506 -0.92411 -0.01578 0.77927 0.62646 -0.01206 0.01224
/seq_01/frame_00151.png /seq_01/frame_00177.png -0.26329 -1.06655 -0.01672 0.7871 0.61654 -0.014 0.01242
/seq_01/frame_00151.png /seq_01/frame_00178.png -0.26329 -1.06655 -0.01672 0.7871 0.61654 -0.014 0.01242
/seq_01/frame_00151.png /seq_01/frame_00179.png -0.23294 -1.1827 -0.01521 0.78401 0.62039 -0.02021 0.006
/seq_01/frame_00151.png /seq_01/frame_00180.png -0.23352 -1.2761 -0.01593 0.79221 0.60977 -0.02429 0.00089
/seq_01/frame_00181.png /seq_01/frame_00182.png -0.01035 -0.06811 0.00296 0.99984 -0.01693 0.00512 5e-05
/seq_01/frame_00181.png /seq_01/frame_00183.png -0.02316 -0.13859 0.00631 0.99947 -0.03181 0.00394 0.0061
/seq_01/frame_00181.png /seq_01/frame_00184.png -0.03397 -0.19492 0.00217 0.99897 -0.04323 0.01074 0.00829
/seq_01/frame_00181.png /seq_01/frame_00185.png -0.03389 -0.30569 -0.00405 0.99904 -0.04057 0.01595 -0.00422
/seq_01/frame_00181.png /seq_01/frame_00186.png -0.0176 -0.34663 -0.00519 0.9991 -0.0385 0.01783 -0.00245
/seq_01/frame_00181.png /seq_01/frame_00187.png 0.01094 -0.39353 -0.00545 0.99881 -0.04366 0.02143 0.00369
/seq_01/frame_00181.png /seq_01/frame_00188.png 0.04344 -0.4441 -0.00689 0.99853 -0.04669 0.02534 0.01038
/seq_01/frame_00181.png /seq_01/frame_00189.png 0.09638 -0.52219 -0.00219 0.99829 -0.05405 0.01836 0.01224
/seq_01/frame_00181.png /seq_01/frame_00190.png 0.11116 -0.5522 0.00113 0.99863 -0.04922 0.01561 0.00858
/seq_01/frame_00181.png /seq_01/frame_00191.png 0.12408 -0.58904 0.00581 0.99828 -0.0575 0.01049 0.00549
/seq_01/frame_00181.png /seq_01/frame_00192.png 0.13532 -0.63292 0.01005 0.99759 -0.06861 0.00801 0.00656
/seq_01/frame_00181.png /seq_01/frame_00193.png 0.14084 -0.68311 0.01384 0.99673 -0.08022 0.00659 0.0071
/seq_01/frame_00181.png /seq_01/frame_00194.png 0.14845 -0.80425 0.01973 0.99461 -0.10268 0.01278 0.00594
/seq_01/frame_00181.png /seq_01/frame_00195.png 0.14845 -0.80425 0.01973 0.99461 -0.10268 0.01278 0.00594
/seq_01/frame_00181.png /seq_01/frame_00196.png 0.14648 -0.9039 0.02011 0.99311 -0.11542 0.01995 0.00192
/seq_01/frame_00181.png /seq_01/frame_00197.png 0.14681 -0.9404 0.02027 0.99293 -0.11645 0.02309 -0.00207
/seq_01/frame_00181.png /seq_01/frame_00198.png 0.15962 -0.99556 0.01699 0.99471 -0.09914 0.02408 -0.01237
/seq_01/frame_00181.png /seq_01/frame_00199.png 0.17315 -1.01333 0.0112 0.99562 -0.08828 0.02642 -0.01563
/seq_01/frame_00181.png /seq_01/frame_00200.png 0.19384 -1.02313 0.01011 0.99642 -0.07894 0.02767 -0.01229
/seq_01/frame_00181.png /seq_01/frame_00201.png 0.21862 -1.03508 0.01153 0.99692 -0.07131 0.0302 -0.0125
/seq_01/frame_00181.png /seq_01/frame_00202.png 0.23796 -1.04594 0.01451 0.99753 -0.06136 0.03263 -0.01058
/seq_01/frame_00181.png /seq_01/frame_00203.png 0.26775 -1.07035 0.01523 0.9982 -0.04394 0.03861 -0.01314
/seq_01/frame_00181.png /seq_01/frame_00204.png 0.27814 -1.0788 0.01243 0.99851 -0.0356 0.03822 -0.01567
/seq_01/frame_00181.png /seq_01/frame_00205.png 0.28787 -1.09062 0.01037 0.99877 -0.02796 0.03486 -0.02147
/seq_01/frame_00181.png /seq_01/frame_00206.png 0.29822 -1.1032 0.01206 0.9991 -0.0187 0.03145 -0.0213
/seq_01/frame_00181.png /seq_01/frame_00207.png 0.31838 -1.13585 0.00949 0.9995 -0.00131 0.02425 -0.0203
/seq_01/frame_00181.png /seq_01/frame_00208.png 0.31838 -1.13585 0.00949 0.9995 -0.00131 0.02425 -0.0203
/seq_01/frame_00181.png /seq_01/frame_00209.png 0.32652 -1.17557 0.00995 0.99951 0.0171 0.01983 -0.01691
/seq_01/frame_00181.png /seq_01/frame_00210.png 0.32434 -1.20364 0.00969 0.99944 0.0195 0.01645 -0.02164
/seq_01/frame_00211.png /seq_01/frame_00212.png -0.01708 -0.04673 0.00165 0.99999 0.00329 0.00164 -0.00254
/seq_01/frame_00211.png /seq_01/frame_00213.png -0.03529 -0.08847 0.0046 0.99998 0.00618 0.00084 -0.00074
/seq_01/frame_00211.png /seq_01/frame_00214.png -0.05298 -0.12172 0.00933 0.99995 0.00798 -0.00335 0.00412
/seq_01/frame_00211.png /seq_01/frame_00215.png -0.07023 -0.15249 0.01314 0.99986 0.01101 -0.00779 0.00979
/seq_01/frame_00211.png /seq_01/frame_00216.png -0.07983 -0.19207 0.01687 0.99962 0.02142 -0.01496 0.00932
/seq_01/frame_00211.png /seq_01/frame_00217.png -0.07063 -0.21621 0.01593 0.99942 0.03123 -0.01135 0.00749
/seq_01/frame_00211.png /seq_01/frame_00218.png -0.05211 -0.254 0.01451 0.99903 0.04282 -0.00773 0.00742
/seq_01/frame_00211.png /seq_01/frame_00219.png -0.05211 -0.254 0.01451 0.99903 0.04282 -0.00773 0.00742
/seq_01/frame_00211.png /seq_01/frame_00220.png -0.00069 -0.3444 0.0175 0.99788 0.06347 -0.00614 0.01275
/seq_01/frame_00211.png /seq_01/frame_00221.png 0.05562 -0.42452 0.01622 0.9968 0.07796 -0.00659 0.01611
/seq_01/frame_00211.png /seq_01/frame_00222.png 0.07819 -0.44986 0.01374 0.99646 0.08178 -0.00753 0.01823
/seq_01/frame_00211.png /seq_01/frame_00223.png 0.07819 -0.44986 0.01374 0.99646 0.08178 -0.00753 0.01823
/seq_01/frame_00211.png /seq_01/frame_00224.png 0.10532 -0.4942 0.0124 0.99629 0.08292 -0.01064 0.02025
/seq_01/frame_00211.png /seq_01/frame_00225.png 0.11807 -0.57869 0.015 0.99726 0.068 -0.01692 0.02371
/seq_01/frame_00211.png /seq_01/frame_00226.png 0.11807 -0.57869 0.015 0.99726 0.068 -0.01692 0.02371
/seq_01/frame_00211.png /seq_01/frame_00227.png 0.11395 -0.70849 0.02853 0.99768 0.05976 -0.01346 0.02981
/seq_01/frame_00211.png /seq_01/frame_00228.png 0.11395 -0.70849 0.02853 0.99768 0.05976 -0.01346 0.02981
/seq_01/frame_00211.png /seq_01/frame_00229.png 0.09569 -0.81851 0.03294 0.99745 0.05947 -0.01747 0.03549
/seq_01/frame_00211.png /seq_01/frame_00230.png 0.10041 -0.8922 0.03069 0.9974 0.06508 -0.01516 0.02712
/seq_01/frame_00211.png /seq_01/frame_00231.png 0.11415 -0.93467 0.02808 0.99673 0.07512 -0.0137 0.02626
/seq_01/frame_00211.png /seq_01/frame_00232.png 0.1398 -0.97808 0.0278 0.99561 0.08722 -0.01332 0.03138
/seq_01/frame_00211.png /seq_01/frame_00233.png 0.17054 -1.02343 0.0297 0.99472 0.09693 -0.01255 0.03131
/seq_01/frame_00211.png /seq_01/frame_00234.png 0.23348 -1.09974 0.0318 0.99357 0.10871 -0.01246 0.02901
/seq_01/frame_00211.png /seq_01/frame_00235.png 0.23348 -1.09974 0.0318 0.99357 0.10871 -0.01246 0.02901
/seq_01/frame_00211.png /seq_01/frame_00236.png 0.28324 -1.14536 0.03536 0.99319 0.11157 -0.01319 0.03082
/seq_01/frame_00211.png /seq_01/frame_00237.png 0.28324 -1.14536 0.03536 0.99319 0.11157 -0.01319 0.03082
/seq_01/frame_00211.png /seq_01/frame_00238.png 0.28324 -1.14536 0.03536 0.99319 0.11157 -0.01319 0.03082
/seq_01/frame_00211.png /seq_01/frame_00239.png 0.33323 -1.18162 0.02629 0.9926 0.11859 -0.00516 0.02569
/seq_01/frame_00211.png /seq_01/frame_00240.png 0.34275 -1.1822 0.02301 0.99303 0.11516 0.00219 0.02498
/seq_01/frame_00241.png /seq_01/frame_00242.png 0.01621 -0.026 -0.00628 0.99961 -0.02507 0.00993 0.00676
/seq_01/frame_00241.png /seq_01/frame_00243.png 0.01621 -0.026 -0.00628 0.99961 -0.02507 0.00993 0.00676
/seq_01/frame_00241.png /seq_01/frame_00244.png 0.01304 -0.07148 -0.01194 0.99938 -0.02509 0.02239 0.01014
/seq_01/frame_00241.png /seq_01/frame_00245.png 0.01453 -0.09178 -0.01444 0.9993 -0.02824 0.02372 0.00599
/seq_01/frame_00241.png /seq_01/frame_00246.png 0.01453 -0.09178 -0.01444 0.9993 -0.02824 0.02372 0.00599
/seq_01/frame_00241.png /seq_01/frame_00247.png 0.02667 -0.14236 -0.01536 0.99932 -0.02917 0.02252 0.00073
/seq_01/frame_00241.png /seq_01/frame_00248.png 0.02841 -0.19461 -0.01142 0.99924 -0.03375 0.01895 -0.00377
/seq_01/frame_00241.png /seq_01/frame_00249.png 0.0243 -0.21826 -0.00524 0.99925 -0.03677 0.01248 -0.00056
/seq_01/frame_00241.png /seq_01/frame_00250.png 0.00926 -0.23862 -0.00186 0.99945 -0.03236 0.00663 0.0042
/seq_01/frame_00241.png /seq_01/frame_00251.png -0.01725 -0.27731 0.00989 0.99947 -0.02958 -0.00589 0.0119
/seq_01/frame_00241.png /seq_01/frame_00252.png -0.02357 -0.29835 0.01746 0.99956 -0.02125 -0.01223 0.01642
/seq_01/frame_00241.png /seq_01/frame_00253.png -0.02256 -0.30772 0.02432 0.99953 -0.00528 -0.02036 0.02208
/seq_01/frame_00241.png /seq_01/frame_00254.png -0.01166 -0.31578 0.03051 0.99919 0.01227 -0.0279 0.02625
/seq_01/frame_00241.png /seq_01/frame_00255.png 0.01318 -0.32162 0.03453 0.99826 0.04226 -0.02858 0.02949
/seq_01/frame_00241.png /seq_01/frame_00256.png 0.08165 -0.31847 0.03862 0.99577 0.08282 -0.03042 0.02545
/seq_01/frame_00241.png /seq_01/frame_00257.png 0.1034 -0.30582 0.03522 0.99501 0.09334 -0.02844 0.0208
/seq_01/frame_00241.png /seq_01/frame_00258.png 0.1034 -0.30582 0.03522 0.99501 0.09334 -0.02844 0.0208
/seq_01/frame_00241.png /seq_01/frame_00259.png 0.11865 -0.28695 0.02681 0.99236 0.12075 -0.021 0.01423
/seq_01/frame_00241.png /seq_01/frame_00260.png 0.1184 -0.27904 0.01692 0.98877 0.14882 -0.01313 0.00284
/seq_01/frame_00241.png /seq_01/frame_00261.png 0.1184 -0.27904 0.01692 0.98877 0.14882 -0.01313 0.00284
/seq_01/frame_00241.png /seq_01/frame_00262.png 0.11607 -0.2704 0.00556 0.98556 0.16875 -0.00946 -0.01021
/seq_01/frame_00241.png /seq_01/frame_00263.png 0.11607 -0.2704 0.00556 0.98556 0.16875 -0.00946 -0.01021
/seq_01/frame_00241.png /seq_01/frame_00264.png 0.10014 -0.25005 -0.00509 0.98076 0.19381 -0.00746 -0.02232
/seq_01/frame_00241.png /seq_01/frame_00265.png 0.0623 -0.20977 -0.01253 0.97539 0.2187 -0.01146 -0.02541
/seq_01/frame_00241.png /seq_01/frame_00266.png 0.0623 -0.20977 -0.01253 0.97539 0.2187 -0.01146 -0.02541
/seq_01/frame_00241.png /seq_01/frame_00267.png 0.0151 -0.1505 -0.01603 0.97027 0.23919 -0.01578 -0.03343
/seq_01/frame_00241.png /seq_01/frame_00268.png 0.0151 -0.1505 -0.01603 0.97027 0.23919 -0.01578 -0.03343
/seq_01/frame_00241.png /seq_01/frame_00269.png -0.01715 -0.09506 -0.02328 0.96142 0.27159 -0.01835 -0.03964
/seq_01/frame_00241.png /seq_01/frame_00270.png -0.03039 -0.05702 -0.02796 0.95427 0.29412 -0.02366 -0.04797
/seq_01/frame_00271.png /seq_01/frame_00272.png -0.00032 0.00478 -0.00425 0.99985 0.01631 0.00039 -0.00591
/seq_01/frame_00271.png /seq_01/frame_00273.png 0.00462 0.0036 -0.00977 0.99807 0.05921 -0.0009 -0.01887
/seq_01/frame_00271.png /seq_01/frame_00274.png 0.01187 0.00173 -0.01278 0.99725 0.07013 -0.00528 -0.0234
/seq_01/frame_00271.png /seq_01/frame_00275.png 0.01724 0.00489 -0.01416 0.99609 0.08511 -0.00389 -0.02336
/seq_01/frame_00271.png /seq_01/frame_00276.png 0.02201 0.0055 -0.01391 0.99474 0.10039 -7e-05 -0.02027
/seq_01/frame_00271.png /seq_01/frame_00277.png 0.02692 0.00802 -0.01129 0.99337 0.11383 0.00323 -0.01591
/seq_01/frame_00271.png /seq_01/frame_00278.png 0.02692 0.00802 -0.01129 0.99337 0.11383 0.00323 -0.01591
/seq_01/frame_00271.png /seq_01/frame_00279.png 0.02692 0.00802 -0.01129 0.99337 0.11383 0.00323 -0.01591
/seq_01/frame_00271.png /seq_01/frame_00280.png 0.02692 0.00802 -0.01129 0.99337 0.11383 0.00323 -0.01591
/seq_01/frame_00271.png /seq_01/frame_00281.png 0.07496 0.03868 0.00698 0.98452 0.17336 0.0205 0.01586
/seq_01/frame_00271.png /seq_01/frame_00282.png 0.08285 0.04415 0.01429 0.98112 0.18909 0.02915 0.02818
/seq_01/frame_00271.png /seq_01/frame_00283.png 0.08345 0.04343 0.01541 0.9808 0.19009 0.03132 0.03021
/seq_01/frame_00271.png /seq_01/frame_00284.png 0.07848 0.03862 0.0179 0.98086 0.18852 0.0325 0.0364
/seq_01/frame_00271.png /seq_01/frame_00285.png 0.06628 0.03341 0.02048 0.98013 0.19027 0.03585 0.04314
/seq_01/frame_00271.png /seq_01/frame_00286.png 0.04238 0.02334 0.024 0.97947 0.19119 0.03515 0.05333
/seq_01/frame_00271.png /seq_01/frame_00287.png 0.01007 0.00655 0.03245 0.9786 0.1895 0.03881 0.07013
/seq_01/frame_00271.png /seq_01/frame_00288.png -0.06807 -0.03432 0.04544 0.97446 0.20192 0.04321 0.08821
/seq_01/frame_00271.png /seq_01/frame_00289.png -0.10113 -0.05449 0.04819 0.97301 0.20402 0.04407 0.09838
/seq_01/frame_00271.png /seq_01/frame_00290.png -0.12773 -0.07477 0.05227 0.97145 0.20699 0.04643 0.10624
/seq_01/frame_00271.png /seq_01/frame_00291.png -0.16097 -0.14075 0.05384 0.96839 0.22018 0.04705 0.1074
/seq_01/frame_00271.png /seq_01/frame_00292.png -0.17344 -0.1946 0.05673 0.96219 0.24257 0.05334 0.11181
/seq_01/frame_00271.png /seq_01/frame_00293.png -0.1648 -0.24831 0.0589 0.95499 0.26861 0.05387 0.11378
/seq_01/frame_00271.png /seq_01/frame_00294.png -0.17925 -0.31702 0.06338 0.94841 0.29123 0.05527 0.11246
/seq_01/frame_00271.png /seq_01/frame_00295.png -0.17072 -0.36668 0.06298 0.94453 0.30349 0.05936 0.11064
/seq_01/frame_00271.png /seq_01/frame_00296.png -0.15935 -0.4252 0.04844 0.93948 0.32268 0.05897 0.09886
/seq_01/frame_00271.png /seq_01/frame_00297.png -0.1617 -0.44926 0.04541 0.93696 0.33047 0.06287 0.09455
/seq_01/frame_00271.png /seq_01/frame_00298.png -0.17049 -0.46564 0.04338 0.93681 0.33187 0.06246 0.09139
/seq_01/frame_00271.png /seq_01/frame_00299.png -0.18312 -0.48957 0.03916 0.93708 0.33214 0.06119 0.08848
/seq_01/frame_00271.png /seq_01/frame_00300.png -0.21773 -0.54247 0.02918 0.92786 0.35895 0.05912 0.08208
/seq_01/frame_00301.png /seq_01/frame_00302.png -0.01981 -0.03104 -0.00085 0.99964 0.02505 -0.00541 0.00768
/seq_01/frame_00301.png /seq_01/frame_00303.png -0.03194 -0.06135 -0.00242 0.99869 0.04945 -0.00585 0.01183
/seq_01/frame_00301.png /seq_01/frame_00304.png -0.02973 -0.09966 0.00321 0.99664 0.08103 -0.00734 0.00906
/seq_01/frame_00301.png /seq_01/frame_00305.png -0.01598 -0.11603 0.00621 0.9941 0.10792 -0.00634 0.00883
/seq_01/frame_00301.png /seq_01/frame_00306.png 0.00152 -0.14148 0.01118 0.98944 0.14419 -0.00264 0.01462
/seq_01/frame_00301.png /seq_01/frame_00307.png 0.02467 -0.16757 0.01428 0.98579 0.16687 0.00624 0.01818
/seq_01/frame_00301.png /seq_01/frame_00308.png 0.04876 -0.18916 0.0144 0.98326 0.1806 0.01299 0.02052
/seq_01/frame_00301.png /seq_01/frame_00309.png 0.09728 -0.22276 0.00968 0.97856 0.20393 0.02009 0.02084
/seq_01/frame_00301.png /seq_01/frame_00310.png 0.11908 -0.22447 0.00623 0.97586 0.2163 0.02218 0.02073
/seq_01/frame_00301.png /seq_01/frame_00311.png 0.1374 -0.22328 0.0031 0.97323 0.22814 0.01986 0.01956
/seq_01/frame_00301.png /seq_01/frame_00312.png 0.1374 -0.22328 0.0031 0.97323 0.22814 0.01986 0.01956
/seq_01/frame_00301.png /seq_01/frame_00313.png 0.17591 -0.19329 -0.00622 0.96459 0.26293 0.01103 0.0177
/seq_01/frame_00301.png /seq_01/frame_00314.png 0.18585 -0.17499 -0.00742 0.96516 0.26075 0.00668 0.02068
/seq_01/frame_00301.png /seq_01/frame_00315.png 0.19685 -0.15045 -0.00603 0.96271 0.26973 0.00857 0.01904
/seq_01/frame_00301.png /seq_01/frame_00316.png 0.20827 -0.12323 -0.00658 0.96153 0.27413 0.00033 0.01772
/seq_01/frame_00301.png /seq_01/frame_00317.png 0.22362 -0.09837 -0.0055 0.95911 0.28254 -0.00484 0.01588
/seq_01/frame_00301.png /seq_01/frame_00318.png 0.23838 -0.07955 -0.00635 0.95579 0.2933 -0.01091 0.01786
/seq_01/frame_00301.png /seq_01/frame_00319.png 0.23838 -0.07955 -0.00635 0.95579 0.2933 -0.01091 0.01786
/seq_01/frame_00301.png /seq_01/frame_00320.png 0.23838 -0.07955 -0.00635 0.95579 0.2933 -0.01091 0.01786
/seq_01/frame_00301.png /seq_01/frame_00321.png 0.23838 -0.07955 -0.00635 0.95579 0.2933 -0.01091 0.01786
/seq_01/frame_00301.png /seq_01/frame_00322.png 0.21912 -0.24755 -0.02043 0.895 0.44527 -0.01047 0.02429
/seq_01/frame_00301.png /seq_01/frame_00323.png 0.22402 -0.28485 -0.01994 0.88885 0.45791 -0.00975 0.01296
/seq_01/frame_00301.png /seq_01/frame_00324.png 0.22901 -0.30722 -0.01917 0.88409 0.4672 -0.00888 0.00569
/seq_01/frame_00301.png /seq_01/frame_00325.png 0.2353 -0.32254 -0.0197 0.87959 0.47566 -0.00792 1e-05
/seq_01/frame_00301.png /seq_01/frame_00326.png 0.24346 -0.3353 -0.02051 0.87514 0.48373 -0.01161 0.00044
/seq_01/frame_00301.png /seq_01/frame_00327.png 0.25162 -0.34287 -0.01811 0.87118 0.49069 -0.01544 -0.00548
/seq_01/frame_00301.png /seq_01/frame_00328.png 0.25499 -0.33717 -0.01544 0.87529 0.48328 -0.01625 -0.0068
/seq_01/frame_00301.png /seq_01/frame_00329.png 0.25499 -0.33717 -0.01544 0.87529 0.48328 -0.01625 -0.0068
/seq_01/frame_00301.png /seq_01/frame_00330.png 0.26444 -0.31483 -0.00733 0.88662 0.4619 -0.01702 -0.01601
/seq_01/frame_00331.png /seq_01/frame_00332.png -0.00175 -0.02524 0.00013 0.99965 0.02647 0.00111 0.00144
/seq_01/frame_00331.png /seq_01/frame_00333.png -0.00462 -0.06142 0.00227 0.99814 0.0606 0.00362 0.00616
/seq_01/frame_00331.png /seq_01/frame_00334.png -0.00371 -0.0977 0.00083 0.99619 0.08684 0.00469 0.00639
/seq_01/frame_00331.png /seq_01/frame_00335.png 0.00174 -0.12819 -0.00406 0.99422 0.10723 -0.0011 0.00598
/seq_01/frame_00331.png /seq_01/frame_00336.png 0.02352 -0.1735 -0.01221 0.99071 0.13538 -0.00872 0.00939
/seq_01/frame_00331.png /seq_01/frame_00337.png 0.03843 -0.1845 -0.01325 0.98807 0.15322 -0.01124 0.01063
/seq_01/frame_00331.png /seq_01/frame_00338.png 0.05014 -0.19456 -0.01362 0.98601 0.16596 -0.00977 0.01229
/seq_01/frame_00331.png /seq_01/frame_00339.png 0.05778 -0.20221 -0.01595 0.98462 0.1737 -0.01228 0.0141
/seq_01/frame_00331.png /seq_01/frame_00340.png 0.07571 -0.21194 -0.01461 0.98058 0.19532 -0.01179 0.01292
/seq_01/frame_00331.png /seq_01/frame_00341.png 0.07571 -0.21194 -0.01461 0.98058 0.19532 -0.01179 0.01292
/seq_01/frame_00331.png /seq_01/frame_00342.png 0.0947 -0.21663 -0.00408 0.9767 0.21442 0.00527 0.00719
/seq_01/frame_00331.png /seq_01/frame_00343.png 0.0947 -0.21663 -0.00408 0.9767 0.21442 0.00527 0.00719
/seq_01/frame_00331.png /seq_01/frame_00344.png 0.11025 -0.20994 0.00378 0.97139 0.23664 0.01962 0.00339
/seq_01/frame_00331.png /seq_01/frame_00345.png 0.12129 -0.20094 0.01716 0.9686 0.24582 0.03715 -0.00397
/seq_01/frame_00331.png /seq_01/frame_00346.png 0.12417 -0.19682 0.02373 0.96766 0.24747 0.04777 -0.01074
/seq_01/frame_00331.png /seq_01/frame_00347.png 0.12645 -0.19278 0.02991 0.96528 0.25441 0.05585 -0.01958
/seq_01/frame_00331.png /seq_01/frame_00348.png 0.12577 -0.19168 0.03553 0.96327 0.25882 0.06527 -0.02925
/seq_01/frame_00331.png /seq_01/frame_00349.png 0.11831 -0.19294 0.04773 0.96129 0.25865 0.08559 -0.04124
/seq_01/frame_00331.png /seq_01/frame_00350.png 0.11446 -0.19391 0.05743 0.95979 0.25889 0.09626 -0.05016
/seq_01/frame_00331.png /seq_01/frame_00351.png 0.10856 -0.19308 0.06518 0.95756 0.26182 0.10475 -0.05966
/seq_01/frame_00331.png /seq_01/frame_00352.png 0.10256 -0.19212 0.07447 0.95504 0.26438 0.11501 -0.06913
/seq_01/frame_00331.png /seq_01/frame_00353.png 0.09223 -0.19771 0.08728 0.95556 0.25205 0.13302 -0.07542
/seq_01/frame_00331.png /seq_01/frame_00354.png 0.08884 -0.1997 0.09099 0.95697 0.24356 0.13951 -0.07367
/seq_01/frame_00331.png /seq_01/frame_00355.png 0.08789 -0.20467 0.09325 0.95899 0.23196 0.14465 -0.07483
/seq_01/frame_00331.png /seq_01/frame_00356.png 0.08951 -0.21157 0.09196 0.96107 0.22038 0.14889 -0.07486
/seq_01/frame_00331.png /seq_01/frame_00357.png 0.09019 -0.21538 0.08964 0.96392 0.2072 0.15077 -0.07207
/seq_01/frame_00331.png /seq_01/frame_00358.png 0.0859 -0.20951 0.09225 0.97038 0.17508 0.15414 -0.06292
/seq_01/frame_00331.png /seq_01/frame_00359.png 0.08298 -0.19981 0.09479 0.97192 0.16654 0.15466 -0.06092
/seq_01/frame_00331.png /seq_01/frame_00360.png 0.08021 -0.18333 0.09587 0.9728 0.16025 0.15588 -0.06061
/seq_01/frame_00361.png /seq_01/frame_00362.png -0.01517 0.04877 0.00396 0.99924 -0.03835 0.00669 -0.00011
/seq_01/frame_00361.png /seq_01/frame_00363.png -0.01926 0.07875 0.00544 0.99822 -0.05922 0.00752 0.00136
/seq_01/frame_00361.png /seq_01/frame_00364.png -0.02399 0.10851 0.00622 0.99711 -0.0757 0.00514 0.00242
/seq_01/frame_00361.png /seq_01/frame_00365.png -0.02853 0.13632 0.00683 0.99549 -0.09481 0.00182 0.00317
/seq_01/frame_00361.png /seq_01/frame_00366.png -0.03117 0.1633 0.0055 0.99275 -0.12014 0.00244 0.00166
/seq_01/frame_00361.png /seq_01/frame_00367.png -0.04409 0.21011 -0.00266 0.98484 -0.17328 -0.00777 -8e-05
/seq_01/frame_00361.png /seq_01/frame_00368.png -0.0607 0.22132 -0.0025 0.98149 -0.19111 -0.01269 0.00072
/seq_01/frame_00361.png /seq_01/frame_00369.png -0.0607 0.22132 -0.0025 0.98149 -0.19111 -0.01269 0.00072
/seq_01/frame_00361.png /seq_01/frame_00370.png -0.13657 0.21979 -0.00622 0.97952 -0.19926 -0.02753 0.00866
/seq_01/frame_00361.png /seq_01/frame_00371.png -0.24141 0.19478 -0.00898 0.97574 -0.21804 -0.01938 0.00343
/seq_01/frame_00361.png /seq_01/frame_00372.png -0.28525 0.18607 -0.01601 0.96957 -0.24346 -0.02531 0.00532
/seq_01/frame_00361.png /seq_01/frame_00373.png -0.32515 0.18483 -0.02269 0.96083 -0.2747 -0.03612 0.00709
/seq_01/frame_00361.png /seq_01/frame_00374.png -0.37174 0.19824 -0.02708 0.94954 -0.30983 -0.04727 0.01164
/seq_01/frame_00361.png /seq_01/frame_00375.png -0.44888 0.24727 -0.02411 0.92216 -0.3824 -0.05823 0.00242
/seq_01/frame_00361.png /seq_01/frame_00376.png -0.48289 0.27107 -0.02941 0.91497 -0.39863 -0.06266 0.00036
/seq_01/frame_00361.png /seq_01/frame_00377.png -0.51952 0.27702 -0.03493 0.90666 -0.41559 -0.07226 0.00503
/seq_01/frame_00361.png /seq_01/frame_00378.png -0.55546 0.26627 -0.0405 0.89829 -0.43266 -0.07644 0.00594
/seq_01/frame_00361.png /seq_01/frame_00379.png -0.55546 0.26627 -0.0405 0.89829 -0.43266 -0.07644 0.00594
/seq_01/frame_00361.png /seq_01/frame_00380.png -0.67773 0.14311 -0.051 0.87694 -0.47199 -0.09052 0.00311
/seq_01/frame_00361.png /seq_01/frame_00381.png -0.71856 0.08769 -0.05552 0.87059 -0.48215 -0.09787 0.00445
/seq_01/frame_00361.png /seq_01/frame_00382.png -0.75476 0.03855 -0.06255 0.86805 -0.48573 -0.10272 0.0026
/seq_01/frame_00361.png /seq_01/frame_00383.png -0.78855 -0.00019 -0.0737 0.8667 -0.48536 -0.11509 0.00347
/seq_01/frame_00361.png /seq_01/frame_00384.png -0.85919 -0.05708 -0.09065 0.85191 -0.50406 -0.14198 0.00406
/seq_01/frame_00361.png /seq_01/frame_00385.png -0.90949 -0.08437 -0.09001 0.84512 -0.51608 -0.13936 0.00251
/seq_01/frame_00361.png /seq_01/frame_00386.png -0.97211 -0.10401 -0.08216 0.84528 -0.51735 -0.1336 0.00206
/seq_01/frame_00361.png /seq_01/frame_00387.png -1.04299 -0.1241 -0.08213 0.8487 -0.51336 -0.12714 0.00224
/seq_01/frame_00361.png /seq_01/frame_00388.png -1.10016 -0.14049 -0.08113 0.853 -0.50635 -0.12649 0.00161
/seq_01/frame_00361.png /seq_01/frame_00389.png -1.20457 -0.18764 -0.08869 0.8735 -0.469 -0.13042 0.00538
/seq_01/frame_00361.png /seq_01/frame_00390.png -1.26981 -0.22433 -0.09107 0.8897 -0.43618 -0.13388 0.01594
/seq_01/frame_00391.png /seq_01/frame_00392.png -0.05069 -0.03682 -0.0003 0.99947 0.03162 0.00713 0.00142
/seq_01/frame_00391.png /seq_01/frame_00393.png -0.15167 -0.07384 -0.00367 0.9979 0.06462 0.00245 -0.00411
/seq_01/frame_00391.png /seq_01/frame_00394.png -0.2112 -0.07538 -0.00604 0.99754 0.06948 0.0081 -0.00351
/seq_01/frame_00391.png /seq_01/frame_00395.png -0.28346 -0.06617 -0.00094 0.99704 0.07612 0.01066 0.00123
/seq_01/frame_00391.png /seq_01/frame_00396.png -0.35666 -0.05155 0.00386 0.99667 0.07971 0.01653 0.00433
/seq_01/frame_00391.png /seq_01/frame_00397.png -0.35666 -0.05155 0.00386 0.99667 0.07971 0.01653 0.00433
/seq_01/frame_00391.png /seq_01/frame_00398.png -0.50556 -0.03351 0.00094 0.99482 0.10097 0.01061 -0.00407
/seq_01/frame_00391.png /seq_01/frame_00399.png -0.55569 -0.03785 -0.00091 0.99399 0.10863 0.01124 -0.0069
/seq_01/frame_00391.png /seq_01/frame_00400.png -0.61418 -0.04675 0.00021 0.99263 0.12011 0.01476 -0.00656
/seq_01/frame_00391.png /seq_01/frame_00401.png -0.67205 -0.06113 0.00315 0.99086 0.13406 0.01397 -0.00436
/seq_01/frame_00391.png /seq_01/frame_00402.png -0.77835 -0.09631 0.00036 0.98665 0.16188 0.01768 -0.00042
/seq_01/frame_00391.png /seq_01/frame_00403.png -0.82246 -0.11459 -0.00624 0.98434 0.17545 0.0168 -0.0011
/seq_01/frame_00391.png /seq_01/frame_00404.png -0.85794 -0.12892 -0.01274 0.9831 0.1829 0.00803 -0.00241
/seq_01/frame_00391.png /seq_01/frame_00405.png -0.88288 -0.13405 -0.01526 0.98223 0.18756 0.00282 -0.00558
/seq_01/frame_00391.png /seq_01/frame_00406.png -0.92942 -0.13146 -0.01827 0.97909 0.20317 -0.00082 -0.01047
/seq_01/frame_00391.png /seq_01/frame_00407.png -0.96646 -0.12522 -0.02091 0.97584 0.21833 -0.00465 -0.00697
/seq_01/frame_00391.png /seq_01/frame_00408.png -1.00548 -0.11717 -0.02464 0.97036 0.2414 -0.01147 -0.00014
/seq_01/frame_00391.png /seq_01/frame_00409.png -1.00548 -0.11717 -0.02464 0.97036 0.2414 -0.01147 -0.00014
/seq_01/frame_00391.png /seq_01/frame_00410.png -1.06611 -0.10082 -0.02448 0.95796 0.28663 -0.01223 0.0028
/seq_01/frame_00391.png /seq_01/frame_00411.png -1.08152 -0.09597 -0.02728 0.95227 0.3045 -0.02155 0.00027
/seq_01/frame_00391.png /seq_01/frame_00412.png -1.10174 -0.10086 -0.03255 0.94096 0.33725 -0.02938 0.00099
/seq_01/frame_00391.png /seq_01/frame_00413.png -1.12295 -0.11068 -0.0362 0.93213 0.36019 -0.03711 0.00486
/seq_01/frame_00391.png /seq_01/frame_00414.png -1.15341 -0.12541 -0.03933 0.92069 0.38779 -0.04282 0.01053
/seq_01/frame_00391.png /seq_01/frame_00415.png -1.20521 -0.16513 -0.04078 0.89841 0.43699 -0.04147 0.01316
/seq_01/frame_00391.png /seq_01/frame_00416.png -1.22561 -0.18083 -0.04521 0.88911 0.4555 -0.04292 0.01292
/seq_01/frame_00391.png /seq_01/frame_00417.png -1.24377 -0.19885 -0.04833 0.88199 0.46937 -0.04105 0.01013
/seq_01/frame_00391.png /seq_01/frame_00418.png -1.25732 -0.21639 -0.05141 0.87451 0.48308 -0.04186 0.01043
/seq_01/frame_00391.png /seq_01/frame_00419.png -1.26793 -0.2295 -0.05286 0.86766 0.49531 -0.04178 0.00985
/seq_01/frame_00391.png /seq_01/frame_00420.png -1.26793 -0.2295 -0.05286 0.86766 0.49531 -0.04178 0.00985
/seq_01/frame_00421.png /seq_01/frame_00422.png -0.03019 0.02287 -0.00162 0.9999 0.01429 -0.00042 -0.00015
/seq_01/frame_00421.png /seq_01/frame_00423.png -0.06457 0.05122 0.00186 0.99968 0.02474 0.00428 0.00264
/seq_01/frame_00421.png /seq_01/frame_00424.png -0.12555 0.1159 0.00765 0.99834 0.05729 0.00219 -0.00597
/seq_01/frame_00421.png /seq_01/frame_00425.png -0.14755 0.14398 0.00564 0.99789 0.06465 0.00269 -0.00467
/seq_01/frame_00421.png /seq_01/frame_00426.png -0.14755 0.14398 0.00564 0.99789 0.06465 0.00269 -0.00467
/seq_01/frame_00421.png /seq_01/frame_00427.png -0.17999 0.18678 0.00619 0.99628 0.08599 -0.00543 -0.00246
/seq_01/frame_00421.png /seq_01/frame_00428.png -0.20138 0.2032 0.00792 0.99395 0.1092 -0.00493 -0.01032
/seq_01/frame_00421.png /seq_01/frame_00429.png -0.26603 0.23253 0.01119 0.98879 0.14922 -0.00369 -0.00454
/seq_01/frame_00421.png /seq_01/frame_00430.png -0.29624 0.24131 0.01562 0.98704 0.16037 -0.00176 -0.00507
/seq_01/frame_00421.png /seq_01/frame_00431.png -0.32063 0.24416 0.02169 0.98534 0.17017 0.00117 -0.01245
/seq_01/frame_00421.png /seq_01/frame_00432.png -0.34398 0.24606 0.02832 0.98329 0.18045 0.00375 -0.02368
/seq_01/frame_00421.png /seq_01/frame_00433.png -0.38341 0.25048 0.03731 0.97999 0.19315 0.01552 -0.04551
/seq_01/frame_00421.png /seq_01/frame_00434.png -0.3994 0.25475 0.04068 0.97926 0.19451 0.01906 -0.0535
/seq_01/frame_00421.png /seq_01/frame_00435.png -0.3994 0.25475 0.04068 0.97926 0.19451 0.01906 -0.0535
/seq_01/frame_00421.png /seq_01/frame_00436.png -0.41789 0.26326 0.05292 0.97818 0.19184 0.03338 -0.07244
/seq_01/frame_00421.png /seq_01/frame_00437.png -0.42575 0.28243 0.06702 0.97666 0.1872 0.05688 -0.08864
/seq_01/frame_00421.png /seq_01/frame_00438.png -0.42622 0.30164 0.0724 0.97401 0.19225 0.06842 -0.09827
/seq_01/frame_00421.png /seq_01/frame_00439.png -0.42519 0.32989 0.07555 0.97303 0.19606 0.07277 -0.09732
/seq_01/frame_00421.png /seq_01/frame_00440.png -0.42519 0.32989 0.07555 0.97303 0.19606 0.07277 -0.09732
/seq_01/frame_00421.png /seq_01/frame_00441.png -0.41396 0.40835 0.08728 0.9701 0.19935 0.08348 -0.11045
/seq_01/frame_00421.png /seq_01/frame_00442.png -0.38719 0.46932 0.08782 0.96526 0.22154 0.08134 -0.11219
/seq_01/frame_00421.png /seq_01/frame_00443.png -0.38471 0.48745 0.0876 0.96247 0.23564 0.07853 -0.10933
/seq_01/frame_00421.png /seq_01/frame_00444.png -0.39183 0.50213 0.08575 0.95996 0.24835 0.07372 -0.10656
/seq_01/frame_00421.png /seq_01/frame_00445.png -0.39183 0.50213 0.08575 0.95996 0.24835 0.07372 -0.10656
/seq_01/frame_00421.png /seq_01/frame_00446.png -0.4412 0.53618 0.09066 0.94963 0.28477 0.06405 -0.11409
/seq_01/frame_00421.png /seq_01/frame_00447.png -0.4412 0.53618 0.09066 0.94963 0.28477 0.06405 -0.11409
/seq_01/frame_00421.png /seq_01/frame_00448.png -0.45765 0.54807 0.08909 0.94146 0.31227 0.05661 -0.11373
/seq_01/frame_00421.png /seq_01/frame_00449.png -0.45765 0.54807 0.08909 0.94146 0.31227 0.05661 -0.11373
/seq_01/frame_00421.png /seq_01/frame_00450.png -0.46975 0.55335 0.08334 0.93589 0.33223 0.04948 -0.10621
/seq_01/frame_00451.png /seq_01/frame_00452.png 0.0 0.0 0.0 1.0 0.0 0.0 0.0
/seq_01/frame_00451.png /seq_01/frame_00453.png -0.00239 0.00161 -0.00333 0.99973 0.023 -0.00095 0.00368
/seq_01/frame_00451.png /seq_01/frame_00454.png -0.00239 0.00161 -0.00333 0.99973 0.023 -0.00095 0.00368
/seq_01/frame_00451.png /seq_01/frame_00455.png -0.00585 0.0021 -0.00735 0.99915 0.04035 -0.00364 0.00787
/seq_01/frame_00451.png /seq_01/frame_00456.png -0.00869 0.00841 -0.0126 0.99818 0.05821 -0.00218 0.01569
/seq_01/frame_00451.png /seq_01/frame_00457.png -0.00869 0.00841 -0.0126 0.99818 0.05821 -0.00218 0.01569
/seq_01/frame_00451.png /seq_01/frame_00458.png -0.00712 0.02229 -0.02055 0.99606 0.08561 -0.00406 0.02262
/seq_01/frame_00451.png /seq_01/frame_00459.png -0.00712 0.02229 -0.02055 0.99606 0.08561 -0.00406 0.02262
/seq_01/frame_00451.png /seq_01/frame_00460.png -0.00664 0.04177 -0.03079 0.99322 0.10972 -0.00694 0.03788
/seq_01/frame_00451.png /seq_01/frame_00461.png -0.00546 0.05624 -0.03837 0.98867 0.13968 -0.01281 0.05347
/seq_01/frame_00451.png /seq_01/frame_00462.png -0.00546 0.05624 -0.03837 0.98867 0.13968 -0.01281 0.05347
/seq_01/frame_00451.png /seq_01/frame_00463.png -0.005 0.06596 -0.04632 0.98348 0.16752 -0.01471 0.06703
/seq_01/frame_00451.png /seq_01/frame_00464.png -0.00431 0.0648 -0.0518 0.97713 0.19731 -0.01877 0.07706
/seq_01/frame_00451.png /seq_01/frame_00465.png -0.00431 0.0648 -0.0518 0.97713 0.19731 -0.01877 0.07706
/seq_01/frame_00451.png /seq_01/frame_00466.png -0.00034 0.0609 -0.06016 0.97072 0.22103 -0.01732 0.09242
/seq_01/frame_00451.png /seq_01/frame_00467.png 0.00369 0.06185 -0.06285 0.96984 0.22234 -0.01652 0.09847
/seq_01/frame_00451.png /seq_01/frame_00468.png 0.02703 0.05585 -0.07 0.96517 0.23699 -0.00571 0.11072
/seq_01/frame_00451.png /seq_01/frame_00469.png 0.04443 0.04778 -0.07285 0.96326 0.24316 0.00116 0.11403
/seq_01/frame_00451.png /seq_01/frame_00470.png 0.06001 0.03701 -0.07461 0.96061 0.25253 0.00567 0.11585
/seq_01/frame_00451.png /seq_01/frame_00471.png 0.07297 0.0266 -0.07766 0.95906 0.25612 0.00889 0.12055
/seq_01/frame_00451.png /seq_01/frame_00472.png 0.07297 0.0266 -0.07766 0.95906 0.25612 0.00889 0.12055
/seq_01/frame_00451.png /seq_01/frame_00473.png 0.10141 -0.01292 -0.08234 0.95352 0.27075 0.01857 0.13099
/seq_01/frame_00451.png /seq_01/frame_00474.png 0.10434 -0.02617 -0.08478 0.9522 0.27368 0.02271 0.13378
/seq_01/frame_00451.png /seq_01/frame_00475.png 0.10434 -0.02617 -0.08478 0.9522 0.27368 0.02271 0.13378
/seq_01/frame_00451.png /seq_01/frame_00476.png 0.1067 -0.05144 -0.09079 0.947 0.28603 0.03449 0.14208
/seq_01/frame_00451.png /seq_01/frame_00477.png 0.10604 -0.08117 -0.08981 0.94489 0.29194 0.04401 0.14151
/seq_01/frame_00451.png /seq_01/frame_00478.png 0.10768 -0.09731 -0.08797 0.94293 0.2995 0.04329 0.13893
/seq_01/frame_00451.png /seq_01/frame_00479.png 0.11099 -0.11496 -0.087 0.94162 0.30464 0.04219 0.13699
/seq_01/frame_00451.png /seq_01/frame_00480.png 0.11519 -0.13629 -0.08332 0.94029 0.31138 0.04116 0.13115
/seq_01/frame_00481.png /seq_01/frame_00482.png 0.00438 -0.02039 0.00127 1.0 0.00166 -0.00077 -0.00167
/seq_01/frame_00481.png /seq_01/frame_00483.png 0.00438 -0.02039 0.00127 1.0 0.00166 -0.00077 -0.00167
/seq_01/frame_00481.png /seq_01/frame_00484.png 0.01928 -0.05407 0.0123 0.9995 0.00846 -0.01142 -0.02808
/seq_01/frame_00481.png /seq_01/frame_00485.png 0.02329 -0.05493 0.01484 0.99927 0.00827 -0.01691 -0.0333
/seq_01/frame_00481.png /seq_01/frame_00486.png 0.02375 -0.03401 0.01828 0.99882 -0.00078 -0.03257 -0.03612
/seq_01/frame_00481.png /seq_01/frame_00487.png 0.02198 -0.01213 0.02129 0.99854 -0.01021 -0.03491 -0.03988
/seq_01/frame_00481.png /seq_01/frame_00488.png 0.02079 0.01821 0.02545 0.99814 -0.00995 -0.03855 -0.04618
/seq_01/frame_00481.png /seq_01/frame_00489.png 0.01846 0.05408 0.03021 0.99769 -0.00948 -0.04498 -0.04996
/seq_01/frame_00481.png /seq_01/frame_00490.png 0.01687 0.09465 0.0355 0.99719 -0.01289 -0.04915 -0.05506
/seq_01/frame_00481.png /seq_01/frame_00491.png 0.00527 0.17438 0.03971 0.99662 -0.02337 -0.05104 -0.06003
/seq_01/frame_00481.png /seq_01/frame_00492.png -0.00421 0.21107 0.03885 0.9961 -0.03525 -0.05095 -0.06289
/seq_01/frame_00481.png /seq_01/frame_00493.png -0.01377 0.24849 0.03722 0.99537 -0.04686 -0.05054 -0.06698
/seq_01/frame_00481.png /seq_01/frame_00494.png -0.01928 0.27956 0.03581 0.99476 -0.05473 -0.04775 -0.07194
/seq_01/frame_00481.png /seq_01/frame_00495.png -0.00881 0.33746 0.0341 0.99359 -0.07748 -0.04106 -0.07135
/seq_01/frame_00481.png /seq_01/frame_00496.png 0.01135 0.3754 0.03598 0.9919 -0.09231 -0.04046 -0.07725
/seq_01/frame_00481.png /seq_01/frame_00497.png 0.0426 0.41821 0.04066 0.98978 -0.11154 -0.04324 -0.07765
/seq_01/frame_00481.png /seq_01/frame_00498.png 0.07867 0.45965 0.04804 0.98703 -0.13244 -0.04447 -0.07905
/seq_01/frame_00481.png /seq_01/frame_00499.png 0.14696 0.52526 0.06321 0.97984 -0.16715 -0.04868 -0.09799
/seq_01/frame_00481.png /seq_01/frame_00500.png 0.16998 0.55175 0.06421 0.9762 -0.1858 -0.04915 -0.10045
/seq_01/frame_00481.png /seq_01/frame_00501.png 0.18668 0.5729 0.06071 0.97294 -0.20399 -0.04886 -0.09688
/seq_01/frame_00481.png /seq_01/frame_00502.png 0.18668 0.5729 0.06071 0.97294 -0.20399 -0.04886 -0.09688
/seq_01/frame_00481.png /seq_01/frame_00503.png 0.19778 0.6092 0.06147 0.96656 -0.23286 -0.04484 -0.09758
/seq_01/frame_00481.png /seq_01/frame_00504.png 0.19349 0.68344 0.06819 0.9599 -0.25384 -0.0502 -0.10787
/seq_01/frame_00481.png /seq_01/frame_00505.png 0.18953 0.7291 0.07596 0.95542 -0.2645 -0.05324 -0.11989
/seq_01/frame_00481.png /seq_01/frame_00506.png 0.18773 0.77175 0.08516 0.95193 -0.26943 -0.05332 -0.13565
/seq_01/frame_00481.png /seq_01/frame_00507.png 0.18886 0.81018 0.08961 0.94985 -0.27151 -0.05136 -0.14638
/seq_01/frame_00481.png /seq_01/frame_00508.png 0.18919 0.84659 0.09286 0.94938 -0.26648 -0.05543 -0.15682
/seq_01/frame_00481.png /seq_01/frame_00509.png 0.1869 0.90257 0.09619 0.94757 -0.25865 -0.06253 -0.17691
/seq_01/frame_00481.png /seq_01/frame_00510.png 0.18387 0.92425 0.09544 0.94768 -0.25646 -0.0642 -0.17892
/seq_01/frame_00511.png /seq_01/frame_00512.png 0.0 0.0 0.0 1.0 0.0 0.0 0.0
/seq_01/frame_00511.png /seq_01/frame_00513.png 0.03627 0.09313 0.00719 0.9997 -0.02438 -0.00061 0.00228
/seq_01/frame_00511.png /seq_01/frame_00514.png 0.05851 0.14241 0.01129 0.99925 -0.03833 -0.00462 0.00361
/seq_01/frame_00511.png /seq_01/frame_00515.png 0.07995 0.19146 0.01595 0.9984 -0.05573 -0.00891 0.00471
/seq_01/frame_00511.png /seq_01/frame_00516.png 0.10082 0.2339 0.01629 0.99756 -0.06857 -0.01108 0.00709
/seq_01/frame_00511.png /seq_01/frame_00517.png 0.12712 0.29246 0.00901 0.99419 -0.10464 -0.015 0.0203
/seq_01/frame_00511.png /seq_01/frame_00518.png 0.12976 0.31687 0.00446 0.99212 -0.12189 -0.0118 0.02645
/seq_01/frame_00511.png /seq_01/frame_00519.png 0.12509 0.34713 0.00098 0.99079 -0.1313 -0.01306 0.03032
/seq_01/frame_00511.png /seq_01/frame_00520.png 0.11451 0.38523 -0.00058 0.9896 -0.13957 -0.01572 0.03117
/seq_01/frame_00511.png /seq_01/frame_00521.png 0.11451 0.38523 -0.00058 0.9896 -0.13957 -0.01572 0.03117
/seq_01/frame_00511.png /seq_01/frame_00522.png 0.06704 0.5076 0.00071 0.98483 -0.17047 -0.01862 0.02663
/seq_01/frame_00511.png /seq_01/frame_00523.png 0.04998 0.54489 -0.00355 0.98329 -0.17937 -0.01543 0.02711
/seq_01/frame_00511.png /seq_01/frame_00524.png 0.04998 0.54489 -0.00355 0.98329 -0.17937 -0.01543 0.02711
/seq_01/frame_00511.png /seq_01/frame_00525.png 0.03472 0.60318 -0.00835 0.97879 -0.20178 -0.00975 0.03413
/seq_01/frame_00511.png /seq_01/frame_00526.png 0.04074 0.67429 -0.00639 0.96776 -0.24894 -0.00853 0.03738
/seq_01/frame_00511.png /seq_01/frame_00527.png 0.0563 0.71356 -0.00143 0.96079 -0.27453 -0.0099 0.03764
/seq_01/frame_00511.png /seq_01/frame_00528.png 0.07514 0.74962 0.00492 0.95502 -0.29432 -0.01394 0.03346
/seq_01/frame_00511.png /seq_01/frame_00529.png 0.09488 0.78309 0.00797 0.94668 -0.32029 -0.01284 0.03247
/seq_01/frame_00511.png /seq_01/frame_00530.png 0.11194 0.81245 0.00712 0.93749 -0.34609 -0.01518 0.03322
/seq_01/frame_00511.png /seq_01/frame_00531.png 0.14236 0.85311 0.00382 0.91334 -0.40568 -0.01727 0.03065
/seq_01/frame_00511.png /seq_01/frame_00532.png 0.14982 0.8655 0.00157 0.90116 -0.43211 -0.01662 0.03028
/seq_01/frame_00511.png /seq_01/frame_00533.png 0.14976 0.87896 -0.00049 0.89179 -0.45119 -0.0109 0.03185
/seq_01/frame_00511.png /seq_01/frame_00534.png 0.13937 0.89756 -0.00497 0.88343 -0.46676 -0.00827 0.04023
/seq_01/frame_00511.png /seq_01/frame_00535.png 0.09381 0.94697 -0.00484 0.86586 -0.499 -0.01953 0.03011
/seq_01/frame_00511.png /seq_01/frame_00536.png 0.09381 0.94697 -0.00484 0.86586 -0.499 -0.01953 0.03011
/seq_01/frame_00511.png /seq_01/frame_00537.png 0.03787 1.00461 -0.00065 0.84212 -0.53865 -0.01596 0.02089
/seq_01/frame_00511.png /seq_01/frame_00538.png 0.01235 1.03149 0.00181 0.83581 -0.54854 -0.01519 0.01681
/seq_01/frame_00511.png /seq_01/frame_00539.png -0.02531 1.065 0.00055 0.81907 -0.57333 -0.0101 0.01792
/seq_01/frame_00511.png /seq_01/frame_00540.png -0.03731 1.07816 -0.00051 0.80534 -0.59245 -0.00875 0.01894
/seq_01/frame_00541.png /seq_01/frame_00542.png -0.01025 0.02711 0.00157 0.99952 -0.03082 -0.00154 -0.00237
/seq_01/frame_00541.png /seq_01/frame_00543.png -0.02105 0.05839 0.0044 0.99788 -0.06476 -0.00531 -0.0032
/seq_01/frame_00541.png /seq_01/frame_00544.png -0.02105 0.05839 0.0044 0.99788 -0.06476 -0.00531 -0.0032
/seq_01/frame_00541.png /seq_01/frame_00545.png -0.02105 0.05839 0.0044 0.99788 -0.06476 -0.00531 -0.0032
/seq_01/frame_00541.png /seq_01/frame_00546.png -0.02105 0.05839 0.0044 0.99788 -0.06476 -0.00531 -0.0032
/seq_01/frame_00541.png /seq_01/frame_00547.png -0.0481 0.20795 -0.00485 0.98406 -0.17343 -0.03925 -0.00405
/seq_01/frame_00541.png /seq_01/frame_00548.png -0.04841 0.23921 -0.0087 0.97553 -0.21563 -0.04301 -0.00077
/seq_01/frame_00541.png /seq_01/frame_00549.png -0.06148 0.24434 -0.01085 0.97119 -0.2342 -0.04408 -0.00067
/seq_01/frame_00541.png /seq_01/frame_00550.png -0.0774 0.24585 -0.01298 0.96478 -0.26004 -0.03959 0.00168
/seq_01/frame_00541.png /seq_01/frame_00551.png -0.10124 0.24933 -0.01358 0.95831 -0.28294 -0.0398 -0.00243
/seq_01/frame_00541.png /seq_01/frame_00552.png -0.12915 0.25868 -0.01458 0.95295 -0.30014 -0.04092 -0.01153
/seq_01/frame_00541.png /seq_01/frame_00553.png -0.18859 0.2774 -0.01356 0.93797 -0.34353 -0.04197 -0.021
/seq_01/frame_00541.png /seq_01/frame_00554.png -0.21364 0.28609 -0.01259 0.92462 -0.37841 -0.03707 -0.02242
/seq_01/frame_00541.png /seq_01/frame_00555.png -0.22847 0.29543 -0.00952 0.91436 -0.40341 -0.02696 -0.0221
/seq_01/frame_00541.png /seq_01/frame_00556.png -0.23013 0.29889 -0.00517 0.90344 -0.42788 -0.01899 -0.01866
/seq_01/frame_00541.png /seq_01/frame_00557.png -0.22623 0.304 -0.00101 0.87017 -0.49235 -0.01155 -0.01625
/seq_01/frame_00541.png /seq_01/frame_00558.png -0.22471 0.31462 0.0022 0.85249 -0.52236 -0.01072 -0.0166
/seq_01/frame_00541.png /seq_01/frame_00559.png -0.22384 0.33319 0.00551 0.83784 -0.54549 -0.01251 -0.01764
/seq_01/frame_00541.png /seq_01/frame_00560.png -0.22058 0.35782 0.00615 0.82412 -0.56599 -0.01294 -0.01784
/seq_01/frame_00541.png /seq_01/frame_00561.png -0.22058 0.35782 0.00615 0.82412 -0.56599 -0.01294 -0.01784
/seq_01/frame_00541.png /seq_01/frame_00562.png -0.19898 0.43634 -0.00312 0.78754 -0.61584 -0.01582 -0.01646
/seq_01/frame_00541.png /seq_01/frame_00563.png -0.18759 0.46008 -0.00588 0.77255 -0.63446 -0.01906 -0.01596
/seq_01/frame_00541.png /seq_01/frame_00564.png -0.18759 0.46008 -0.00588 0.77255 -0.63446 -0.01906 -0.01596
/seq_01/frame_00541.png /seq_01/frame_00565.png -0.17008 0.49366 -0.00596 0.7494 -0.66168 -0.01814 -0.01595
/seq_01/frame_00541.png /seq_01/frame_00566.png -0.14806 0.50953 -0.00488 0.72852 -0.6845 -0.0246 -0.0106
/seq_01/frame_00541.png /seq_01/frame_00567.png -0.14806 0.50953 -0.00488 0.72852 -0.6845 -0.0246 -0.0106
/seq_01/frame_00541.png /seq_01/frame_00568.png -0.12196 0.53284 -0.00544 0.72106 -0.69178 -0.0354 -0.01592
/seq_01/frame_00541.png /seq_01/frame_00569.png -0.10934 0.55803 -0.00562 0.72358 -0.68894 -0.03797 -0.01872
/seq_01/frame_00541.png /seq_01/frame_00570.png -0.07707 0.61226 -0.00869 0.71146 -0.70093 -0.04172 -0.02801
/seq_01/frame_00571.png /seq_01/frame_00572.png 0.01253 0.02937 -0.00786 0.99995 -0.00524 -0.00389 -0.00783
/seq_01/frame_00571.png /seq_01/frame_00573.png 0.02036 0.06113 -0.01088 0.99989 -0.0068 -0.00645 -0.01191
/seq_01/frame_00571.png /seq_01/frame_00574.png 0.02619 0.09292 -0.01011 0.99981 -0.01511 -0.00352 -0.01213
/seq_01/frame_00571.png /seq_01/frame_00575.png 0.01603 0.15743 -0.01033 0.99947 -0.02695 -0.01084 -0.01449
/seq_01/frame_00571.png /seq_01/frame_00576.png 0.00125 0.19387 -0.01051 0.9987 -0.04848 -0.00774 -0.01373
/seq_01/frame_00571.png /seq_01/frame_00577.png -0.02017 0.24268 -0.00834 0.99696 -0.07571 -0.00705 -0.01689
/seq_01/frame_00571.png /seq_01/frame_00578.png -0.02017 0.24268 -0.00834 0.99696 -0.07571 -0.00705 -0.01689
/seq_01/frame_00571.png /seq_01/frame_00579.png -0.06511 0.37601 -0.00539 0.99292 -0.11839 -0.00779 -0.00592
/seq_01/frame_00571.png /seq_01/frame_00580.png -0.06729 0.39958 -0.00723 0.99132 -0.13036 -0.01357 -0.01058
/seq_01/frame_00571.png /seq_01/frame_00581.png -0.06385 0.42521 -0.00646 0.99035 -0.13753 -0.01551 -0.00698
/seq_01/frame_00571.png /seq_01/frame_00582.png -0.06042 0.45384 -0.00914 0.98894 -0.14719 -0.01463 -0.01069
/seq_01/frame_00571.png /seq_01/frame_00583.png -0.05573 0.48388 -0.01659 0.9865 -0.16228 -0.01399 -0.01701
/seq_01/frame_00571.png /seq_01/frame_00584.png -0.05282 0.5127 -0.01806 0.98326 -0.18015 -0.01872 -0.01999
/seq_01/frame_00571.png /seq_01/frame_00585.png -0.05282 0.5127 -0.01806 0.98326 -0.18015 -0.01872 -0.01999
/seq_01/frame_00571.png /seq_01/frame_00586.png -0.05282 0.5127 -0.01806 0.98326 -0.18015 -0.01872 -0.01999
/seq_01/frame_00571.png /seq_01/frame_00587.png -0.05282 0.5127 -0.01806 0.98326 -0.18015 -0.01872 -0.01999
/seq_01/frame_00571.png /seq_01/frame_00588.png -0.0117 0.7029 0.00392 0.96751 -0.25254 -0.00426 0.01144
/seq_01/frame_00571.png /seq_01/frame_00589.png -0.00999 0.71548 0.00162 0.96289 -0.26951 -0.00402 0.01408
/seq_01/frame_00571.png /seq_01/frame_00590.png -0.00971 0.72445 -0.00097 0.95815 -0.28587 -0.00227 0.01495
/seq_01/frame_00571.png /seq_01/frame_00591.png -0.01006 0.72805 -0.00182 0.95526 -0.29541 -0.00295 0.01412
/seq_01/frame_00571.png /seq_01/frame_00592.png -0.00873 0.73038 -0.00118 0.95246 -0.3042 -0.00394 0.0163
/seq_01/frame_00571.png /seq_01/frame_00593.png -0.00264 0.73134 -0.00136 0.94601 -0.3238 -0.0038 0.01439
/seq_01/frame_00571.png /seq_01/frame_00594.png 0.00096 0.72758 -0.0016 0.9426 -0.33361 -0.00547 0.01303
/seq_01/frame_00571.png /seq_01/frame_00595.png 0.00132 0.72267 -0.00157 0.94161 -0.33638 -0.00639 0.01299
/seq_01/frame_00571.png /seq_01/frame_00596.png 0.00132 0.72267 -0.00157 0.94161 -0.33638 -0.00639 0.01299
/seq_01/frame_00571.png /seq_01/frame_00597.png 0.01 0.69782 -0.00047 0.93777 -0.34683 -0.00935 0.01453
/seq_01/frame_00571.png /seq_01/frame_00598.png 0.01 0.69782 -0.00047 0.93777 -0.34683 -0.00935 0.01453
/seq_01/frame_00571.png /seq_01/frame_00599.png 0.0316 0.68609 0.00359 0.93259 -0.36004 -0.00986 0.02347
/seq_01/frame_00571.png /seq_01/frame_00600.png 0.04449 0.67794 0.00756 0.92982 -0.36666 -0.00901 0.03024
/seq_01/frame_00601.png /seq_01/frame_00602.png 0.01313 -0.02326 0.00431 0.99984 -0.01763 -0.00066 0.0031
/seq_01/frame_00601.png /seq_01/frame_00603.png 0.02563 -0.05412 0.00949 0.99929 -0.03745 -0.00206 0.00308
/seq_01/frame_00601.png /seq_01/frame_00604.png 0.0303 -0.08772 0.01883 0.99876 -0.04858 -0.00556 0.00945
/seq_01/frame_00601.png /seq_01/frame_00605.png 0.02856 -0.10861 0.02826 0.99823 -0.05674 -0.00746 0.01614
/seq_01/frame_00601.png /seq_01/frame_00606.png 0.03955 -0.14086 0.03093 0.99747 -0.06751 -0.0123 0.01875
/seq_01/frame_00601.png /seq_01/frame_00607.png 0.06079 -0.17574 0.03996 0.99477 -0.0974 -0.01507 0.02697
/seq_01/frame_00601.png /seq_01/frame_00608.png 0.06079 -0.17574 0.03996 0.99477 -0.0974 -0.01507 0.02697
/seq_01/frame_00601.png /seq_01/frame_00609.png 0.0819 -0.1877 0.04097 0.9915 -0.12543 -0.00991 0.033
/seq_01/frame_00601.png /seq_01/frame_00610.png 0.10676 -0.17744 0.03735 0.98559 -0.16665 -0.00811 0.02786
/seq_01/frame_00601.png /seq_01/frame_00611.png 0.10676 -0.17744 0.03735 0.98559 -0.16665 -0.00811 0.02786
/seq_01/frame_00601.png /seq_01/frame_00612.png 0.14126 -0.15701 0.03619 0.98292 -0.18215 -0.00714 0.02539
/seq_01/frame_00601.png /seq_01/frame_00613.png 0.16983 -0.14014 0.03629 0.98175 -0.18844 -0.00635 0.02492
/seq_01/frame_00601.png /seq_01/frame_00614.png 0.16983 -0.14014 0.03629 0.98175 -0.18844 -0.00635 0.02492
/seq_01/frame_00601.png /seq_01/frame_00615.png 0.24831 -0.09545 0.03987 0.98332 -0.1794 -0.00799 0.02894
/seq_01/frame_00601.png /seq_01/frame_00616.png 0.33502 -0.04239 0.03191 0.98175 -0.18749 -0.00956 0.0303
/seq_01/frame_00601.png /seq_01/frame_00617.png 0.33502 -0.04239 0.03191 0.98175 -0.18749 -0.00956 0.0303
/seq_01/frame_00601.png /seq_01/frame_00618.png 0.41486 0.00285 0.02297 0.97262 -0.23033 -0.01905 0.02444
/seq_01/frame_00601.png /seq_01/frame_00619.png 0.48453 0.02484 0.02095 0.9576 -0.28675 -0.01315 0.02464
/seq_01/frame_00601.png /seq_01/frame_00620.png 0.52662 0.03088 0.01818 0.94972 -0.31211 -0.00879 0.0231
/seq_01/frame_00601.png /seq_01/frame_00621.png 0.57836 0.03303 0.0169 0.94278 -0.33287 -0.00474 0.01843
/seq_01/frame_00601.png /seq_01/frame_00622.png 0.57836 0.03303 0.0169 0.94278 -0.33287 -0.00474 0.01843
/seq_01/frame_00601.png /seq_01/frame_00623.png 0.68798 0.03643 0.02114 0.93402 -0.35707 -0.00767 0.00685
/seq_01/frame_00601.png /seq_01/frame_00624.png 0.73486 0.03929 0.02103 0.93042 -0.36625 -0.01347 -0.00069
/seq_01/frame_00601.png /seq_01/frame_00625.png 0.80389 0.05751 0.02211 0.92464 -0.38068 -0.01084 0.00274
/seq_01/frame_00601.png /seq_01/frame_00626.png 0.82051 0.06373 0.0207 0.92212 -0.38675 -0.01078 0.00194
/seq_01/frame_00601.png /seq_01/frame_00627.png 0.84549 0.07267 0.01723 0.91791 -0.39674 0.00021 -0.00638
/seq_01/frame_00601.png /seq_01/frame_00628.png 0.9115 0.09621 0.01369 0.92225 -0.38568 0.01753 -0.02017
/seq_01/frame_00601.png /seq_01/frame_00629.png 0.95492 0.11822 0.01186 0.93233 -0.36049 0.01374 -0.02472
/seq_01/frame_00601.png /seq_01/frame_00630.png 1.00016 0.14542 0.00899 0.94004 -0.3397 0.01338 -0.02728
/seq_01/frame_00631.png /seq_01/frame_00632.png 0.0577 0.0435 -0.00925 0.99978 0.01977 0.00524 0.00422
/seq_01/frame_00631.png /seq_01/frame_00633.png 0.08134 0.05831 -0.01187 0.9998 0.01807 0.00789 0.00254
/seq_01/frame_00631.png /seq_01/frame_00634.png 0.11031 0.06506 -0.01091 0.99983 0.01605 0.00906 0.00073
/seq_01/frame_00631.png /seq_01/frame_00635.png 0.14715 0.07294 -0.00872 0.99988 0.01413 0.00458 0.00397
/seq_01/frame_00631.png /seq_01/frame_00636.png 0.19227 0.07437 -0.01007 0.99985 0.01607 0.00622 0.00327
/seq_01/frame_00631.png /seq_01/frame_00637.png 0.29945 0.07815 -0.01111 0.99962 0.02658 0.00698 0.00251
/seq_01/frame_00631.png /seq_01/frame_00638.png 0.34165 0.07789 -0.0069 0.99959 0.02869 0.00243 0.00014
/seq_01/frame_00631.png /seq_01/frame_00639.png 0.37001 0.07345 -0.00644 0.9993 0.03711 0.00385 -0.00339
/seq_01/frame_00631.png /seq_01/frame_00640.png 0.39977 0.07672 -0.0083 0.99876 0.04912 0.00858 0.00024
/seq_01/frame_00631.png /seq_01/frame_00641.png 0.47756 0.09577 -0.01347 0.99628 0.08298 0.02316 -0.0032
/seq_01/frame_00631.png /seq_01/frame_00642.png 0.52819 0.11353 -0.01494 0.99411 0.10429 0.02742 -0.01038
/seq_01/frame_00631.png /seq_01/frame_00643.png 0.57555 0.1347 -0.01286 0.99227 0.11885 0.03054 -0.01853
/seq_01/frame_00631.png /seq_01/frame_00644.png 0.61458 0.16078 -0.01023 0.99047 0.13242 0.03221 -0.01977
/seq_01/frame_00631.png /seq_01/frame_00645.png 0.61458 0.16078 -0.01023 0.99047 0.13242 0.03221 -0.01977
/seq_01/frame_00631.png /seq_01/frame_00646.png 0.696 0.23176 -0.01592 0.98464 0.16838 0.04034 -0.02242
/seq_01/frame_00631.png /seq_01/frame_00647.png 0.71502 0.25125 -0.0173 0.98205 0.18333 0.03735 -0.02407
/seq_01/frame_00631.png /seq_01/frame_00648.png 0.71502 0.25125 -0.0173 0.98205 0.18333 0.03735 -0.02407
/seq_01/frame_00631.png /seq_01/frame_00649.png 0.71502 0.25125 -0.0173 0.98205 0.18333 0.03735 -0.02407
/seq_01/frame_00631.png /seq_01/frame_00650.png 0.71502 0.25125 -0.0173 0.98205 0.18333 0.03735 -0.02407
/seq_01/frame_00631.png /seq_01/frame_00651.png 0.80258 0.23507 -0.00794 0.97693 0.21125 0.02534 -0.01846
/seq_01/frame_00631.png /seq_01/frame_00652.png 0.80258 0.23507 -0.00794 0.97693 0.21125 0.02534 -0.01846
/seq_01/frame_00631.png /seq_01/frame_00653.png 0.84423 0.19843 -0.00123 0.97286 0.22972 0.02072 -0.01842
/seq_01/frame_00631.png /seq_01/frame_00654.png 0.84423 0.19843 -0.00123 0.97286 0.22972 0.02072 -0.01842
/seq_01/frame_00631.png /seq_01/frame_00655.png 0.86924 0.17042 -0.0011 0.96659 0.25474 0.02137 -0.01887
/seq_01/frame_00631.png /seq_01/frame_00656.png 0.88983 0.14964 0.00301 0.96363 0.26582 0.02002 -0.01909
/seq_01/frame_00631.png /seq_01/frame_00657.png 0.88983 0.14964 0.00301 0.96363 0.26582 0.02002 -0.01909
/seq_01/frame_00631.png /seq_01/frame_00658.png 0.90666 0.12836 0.00456 0.96121 0.27457 0.01884 -0.01808
/seq_01/frame_00631.png /seq_01/frame_00659.png 0.92424 0.12207 0.00069 0.9572 0.28653 0.03424 -0.02235
/seq_01/frame_00631.png /seq_01/frame_00660.png 0.94225 0.12759 0.0033 0.95297 0.30035 0.03495 -0.02044
/seq_01/frame_00661.png /seq_01/frame_00662.png 0.0 0.0 0.0 1.0 0.0 0.0 0.0
/seq_01/frame_00661.png /seq_01/frame_00663.png 0.04231 0.02216 0.00379 0.99975 0.02224 0.00253 0.00123
/seq_01/frame_00661.png /seq_01/frame_00664.png 0.07478 0.04228 0.00291 0.99917 0.04056 0.00328 0.00163
/seq_01/frame_00661.png /seq_01/frame_00665.png 0.07478 0.04228 0.00291 0.99917 0.04056 0.00328 0.00163
/seq_01/frame_00661.png /seq_01/frame_00666.png 0.10589 0.06205 -0.00698 0.99839 0.05625 0.00718 -0.00308
/seq_01/frame_00661.png /seq_01/frame_00667.png 0.10589 0.06205 -0.00698 0.99839 0.05625 0.00718 -0.00308
/seq_01/frame_00661.png /seq_01/frame_00668.png 0.1281 0.07669 -0.01675 0.99722 0.07222 0.01637 -0.00884
/seq_01/frame_00661.png /seq_01/frame_00669.png 0.14443 0.08129 -0.02003 0.99557 0.0899 0.02398 -0.01331
/seq_01/frame_00661.png /seq_01/frame_00670.png 0.14443 0.08129 -0.02003 0.99557 0.0899 0.02398 -0.01331
/seq_01/frame_00661.png /seq_01/frame_00671.png 0.14139 0.07314 -0.02926 0.99229 0.11713 0.03058 -0.02648
/seq_01/frame_00661.png /seq_01/frame_00672.png 0.13067 0.06935 -0.03066 0.98939 0.13829 0.03396 -0.02897
/seq_01/frame_00661.png /seq_01/frame_00673.png 0.12407 0.06721 -0.03269 0.98808 0.14627 0.03536 -0.03241
/seq_01/frame_00661.png /seq_01/frame_00674.png 0.12407 0.06721 -0.03269 0.98808 0.14627 0.03536 -0.03241
/seq_01/frame_00661.png /seq_01/frame_00675.png 0.10972 0.06168 -0.03753 0.98411 0.16714 0.04144 -0.04322
/seq_01/frame_00661.png /seq_01/frame_00676.png 0.10972 0.06168 -0.03753 0.98411 0.16714 0.04144 -0.04322
/seq_01/frame_00661.png /seq_01/frame_00677.png 0.08681 0.06022 -0.03788 0.982 0.17893 0.0399 -0.04551
/seq_01/frame_00661.png /seq_01/frame_00678.png 0.05306 0.074 -0.0339 0.98143 0.18411 0.03475 -0.04107
/seq_01/frame_00661.png /seq_01/frame_00679.png 0.03099 0.08834 -0.03493 0.98196 0.18106 0.03016 -0.04544
/seq_01/frame_00661.png /seq_01/frame_00680.png 0.03099 0.08834 -0.03493 0.98196 0.18106 0.03016 -0.04544
/seq_01/frame_00661.png /seq_01/frame_00681.png -0.01328 0.14172 -0.03269 0.98098 0.18559 0.03159 -0.04739
/seq_01/frame_00661.png /seq_01/frame_00682.png -0.04812 0.21265 -0.0334 0.98074 0.18552 0.02898 -0.05373
/seq_01/frame_00661.png /seq_01/frame_00683.png -0.05892 0.24149 -0.0337 0.98052 0.18637 0.02601 -0.05632
/seq_01/frame_00661.png /seq_01/frame_00684.png -0.05892 0.24149 -0.0337 0.98052 0.18637 0.02601 -0.05632
/seq_01/frame_00661.png /seq_01/frame_00685.png -0.06147 0.28009 -0.02402 0.97981 0.19277 0.01813 -0.04982
/seq_01/frame_00661.png /seq_01/frame_00686.png -0.01772 0.2996 -0.01699 0.97544 0.21589 0.01361 -0.0416
/seq_01/frame_00661.png /seq_01/frame_00687.png -0.01772 0.2996 -0.01699 0.97544 0.21589 0.01361 -0.0416
/seq_01/frame_00661.png /seq_01/frame_00688.png -0.01772 0.2996 -0.01699 0.97544 0.21589 0.01361 -0.0416
/seq_01/frame_00661.png /seq_01/frame_00689.png 0.08221 0.3611 -0.00672 0.96409 0.26401 0.00894 -0.02732
/seq_01/frame_00661.png /seq_01/frame_00690.png 0.08221 0.3611 -0.00672 0.96409 0.26401 0.00894 -0.02732
/seq_01/frame_00691.png /seq_01/frame_00692.png 0.05145 0.06984 -0.00765 0.99847 0.05416 0.00193 0.01138
/seq_01/frame_00691.png /seq_01/frame_00693.png 0.05145 0.06984 -0.00765 0.99847 0.05416 0.00193 0.01138
/seq_01/frame_00691.png /seq_01/frame_00694.png 0.04568 0.1039 -0.00623 0.99804 0.05939 0.00623 0.01884
/seq_01/frame_00691.png /seq_01/frame_00695.png 0.03847 0.16597 -0.00457 0.99706 0.07317 -0.00198 0.02275
/seq_01/frame_00691.png /seq_01/frame_00696.png 0.04634 0.20422 -0.00267 0.99649 0.07879 -0.00237 0.02836
/seq_01/frame_00691.png /seq_01/frame_00697.png 0.04634 0.20422 -0.00267 0.99649 0.07879 -0.00237 0.02836
/seq_01/frame_00691.png /seq_01/frame_00698.png 0.07224 0.2769 0.00496 0.99485 0.09318 0.00345 0.03962
/seq_01/frame_00691.png /seq_01/frame_00699.png 0.07224 0.2769 0.00496 0.99485 0.09318 0.00345 0.03962
/seq_01/frame_00691.png /seq_01/frame_00700.png 0.1191 0.34818 0.03012 0.99269 0.09926 0.01079 0.06785
/seq_01/frame_00691.png /seq_01/frame_00701.png 0.1191 0.34818 0.03012 0.99269 0.09926 0.01079 0.06785
/seq_01/frame_00691.png /seq_01/frame_00702.png 0.16991 0.35796 0.03504 0.9871 0.14039 0.00778 0.07655
/seq_01/frame_00691.png /seq_01/frame_00703.png 0.16991 0.35796 0.03504 0.9871 0.14039 0.00778 0.07655
/seq_01/frame_00691.png /seq_01/frame_00704.png 0.34055 0.34931 0.03184 0.97249 0.21537 0.00345 0.08874
/seq_01/frame_00691.png /seq_01/frame_00705.png 0.38753 0.35527 0.0269 0.96793 0.23685 0.00743 0.08342
/seq_01/frame_00691.png /seq_01/frame_00706.png 0.38753 0.35527 0.0269 0.96793 0.23685 0.00743 0.08342
/seq_01/frame_00691.png /seq_01/frame_00707.png 0.42047 0.38681 0.01851 0.9648 0.25042 0.01695 0.07858
/seq_01/frame_00691.png /seq_01/frame_00708.png 0.41703 0.41945 0.02171 0.96325 0.25616 0.0189 0.07864
/seq_01/frame_00691.png /seq_01/frame_00709.png 0.40664 0.53029 0.02236 0.96517 0.25182 0.01948 0.06826
/seq_01/frame_00691.png /seq_01/frame_00710.png 0.40664 0.53029 0.02236 0.96517 0.25182 0.01948 0.06826
/seq_01/frame_00691.png /seq_01/frame_00711.png 0.40252 0.65533 0.02412 0.96756 0.24069 0.02844 0.07131
/seq_01/frame_00691.png /seq_01/frame_00712.png 0.40461 0.70469 0.03058 0.96759 0.2391 0.02602 0.07702
/seq_01/frame_00691.png /seq_01/frame_00713.png 0.4157 0.74422 0.03452 0.96602 0.24265 0.02842 0.08439
/seq_01/frame_00691.png /seq_01/frame_00714.png 0.4601 0.8007 0.03628 0.96639 0.24162 0.03217 0.08165
/seq_01/frame_00691.png /seq_01/frame_00715.png 0.4601 0.8007 0.03628 0.96639 0.24162 0.03217 0.08165
/seq_01/frame_00691.png /seq_01/frame_00716.png 0.51239 0.87483 0.03724 0.96479 0.24944 0.03197 0.07704
/seq_01/frame_00691.png /seq_01/frame_00717.png 0.558 0.94849 0.02852 0.95863 0.27662 0.03458 0.05758
/seq_01/frame_00691.png /seq_01/frame_00718.png 0.57635 0.97919 0.02935 0.9549 0.28925 0.03486 0.05732
/seq_01/frame_00691.png /seq_01/frame_00719.png 0.58444 1.00439 0.03059 0.95069 0.30278 0.03427 0.05783
/seq_01/frame_00691.png /seq_01/frame_00720.png 0.59156 1.02947 0.026 0.949 0.30931 0.0311 0.05243
/seq_01/frame_00721.png /seq_01/frame_00722.png 0.01489 0.12014 -0.00216 0.99993 0.00814 0.00335 0.00835
/seq_01/frame_00721.png /seq_01/frame_00723.png 0.02248 0.19376 -0.0059 0.99986 0.01649 0.00132 0.00162
/seq_01/frame_00721.png /seq_01/frame_00724.png 0.03207 0.25507 -0.00799 0.99925 0.03813 0.003 -0.00589
/seq_01/frame_00721.png /seq_01/frame_00725.png 0.04124 0.30391 -0.0052 0.99812 0.06064 0.00695 -0.00499
/seq_01/frame_00721.png /seq_01/frame_00726.png 0.05423 0.35522 -0.00159 0.99258 0.12081 0.01326 -0.00226
/seq_01/frame_00721.png /seq_01/frame_00727.png 0.06053 0.34563 0.00418 0.98756 0.15654 0.01448 0.00369
/seq_01/frame_00721.png /seq_01/frame_00728.png 0.0699 0.33612 0.0053 0.98264 0.18498 0.01379 0.00324
/seq_01/frame_00721.png /seq_01/frame_00729.png 0.07967 0.33198 0.00353 0.97763 0.20998 0.01192 0.00108
/seq_01/frame_00721.png /seq_01/frame_00730.png 0.0866 0.33623 0.00287 0.97155 0.23641 0.01423 0.00184
/seq_01/frame_00721.png /seq_01/frame_00731.png 0.10152 0.35287 0.00359 0.95629 0.29174 0.01975 0.00335
/seq_01/frame_00721.png /seq_01/frame_00732.png 0.10848 0.35944 0.00446 0.94753 0.31871 0.02364 0.00789
/seq_01/frame_00721.png /seq_01/frame_00733.png 0.11754 0.36676 0.00517 0.93647 0.34938 0.02888 0.01086
/seq_01/frame_00721.png /seq_01/frame_00734.png 0.12791 0.37391 0.0066 0.92446 0.3797 0.03252 0.01231
/seq_01/frame_00721.png /seq_01/frame_00735.png 0.14245 0.37894 0.00805 0.90526 0.42277 0.03931 0.01496
/seq_01/frame_00721.png /seq_01/frame_00736.png 0.1506 0.38425 0.00987 0.89558 0.44225 0.04561 0.01649
/seq_01/frame_00721.png /seq_01/frame_00737.png 0.16003 0.39012 0.01236 0.88532 0.46175 0.05172 0.01798
/seq_01/frame_00721.png /seq_01/frame_00738.png 0.16763 0.39259 0.01434 0.87477 0.48051 0.05952 0.01844
/seq_01/frame_00721.png /seq_01/frame_00739.png 0.16988 0.39039 0.01742 0.86794 0.49157 0.06818 0.01973
/seq_01/frame_00721.png /seq_01/frame_00740.png 0.17531 0.38805 0.02364 0.85108 0.51775 0.0844 0.02184
/seq_01/frame_00721.png /seq_01/frame_00741.png 0.17197 0.38492 0.02177 0.84269 0.53002 0.09191 0.02248
/seq_01/frame_00721.png /seq_01/frame_00742.png 0.16034 0.38672 0.01794 0.83621 0.54006 0.09273 0.02196
/seq_01/frame_00721.png /seq_01/frame_00743.png 0.14731 0.38671 0.0146 0.83012 0.54975 0.09099 0.01984
/seq_01/frame_00721.png /seq_01/frame_00744.png 0.09726 0.39745 0.01389 0.81526 0.57046 0.09646 0.02491
/seq_01/frame_00721.png /seq_01/frame_00745.png 0.06272 0.40989 0.01522 0.80989 0.57714 0.10238 0.02236
/seq_01/frame_00721.png /seq_01/frame_00746.png 0.0238 0.42464 0.01744 0.80437 0.58481 0.10299 0.01963
/seq_01/frame_00721.png /seq_01/frame_00747.png -0.01233 0.44477 0.0182 0.7978 0.59396 0.10152 0.02072
/seq_01/frame_00721.png /seq_01/frame_00748.png -0.06287 0.46378 0.00916 0.79761 0.59647 0.08747 0.01946
/seq_01/frame_00721.png /seq_01/frame_00749.png -0.0709 0.45708 0.00297 0.79491 0.60229 0.07208 0.01316
/seq_01/frame_00721.png /seq_01/frame_00750.png -0.07089 0.44273 0.00048 0.78532 0.61624 0.05859 0.00918
/seq_01/frame_00751.png /seq_01/frame_00752.png 0.0 0.0 0.0 1.0 0.0 0.0 0.0
/seq_01/frame_00751.png /seq_01/frame_00753.png 0.0 0.0 0.0 1.0 0.0 0.0 0.0
/seq_01/frame_00751.png /seq_01/frame_00754.png 0.04088 -0.08839 -0.01689 0.99836 0.04447 -0.03373 0.01304
/seq_01/frame_00751.png /seq_01/frame_00755.png 0.05381 -0.11208 -0.02189 0.99797 0.048 -0.03822 0.01702
/seq_01/frame_00751.png /seq_01/frame_00756.png 0.06826 -0.136 -0.02805 0.99749 0.04973 -0.0442 0.02414
/seq_01/frame_00751.png /seq_01/frame_00757.png 0.10415 -0.15764 -0.03596 0.99601 0.05957 -0.05572 0.03609
/seq_01/frame_00751.png /seq_01/frame_00758.png 0.10415 -0.15764 -0.03596 0.99601 0.05957 -0.05572 0.03609
/seq_01/frame_00751.png /seq_01/frame_00759.png 0.13772 -0.12534 -0.03613 0.99708 0.0386 -0.05548 0.03556
/seq_01/frame_00751.png /seq_01/frame_00760.png 0.16049 -0.08537 -0.03937 0.9979 0.01045 -0.0575 0.02794
/seq_01/frame_00751.png /seq_01/frame_00761.png 0.18267 -0.04173 -0.04422 0.99747 -0.01517 -0.066 0.02184
/seq_01/frame_00751.png /seq_01/frame_00762.png 0.21827 0.02671 -0.04986 0.99471 -0.05347 -0.08356 0.0265
/seq_01/frame_00751.png /seq_01/frame_00763.png 0.22111 0.04779 -0.05213 0.99337 -0.06739 -0.08886 0.02807
/seq_01/frame_00751.png /seq_01/frame_00764.png 0.21301 0.06074 -0.05472 0.99218 -0.07811 -0.09256 0.03015
/seq_01/frame_00751.png /seq_01/frame_00765.png 0.19591 0.08001 -0.06037 0.99043 -0.08631 -0.104 0.02799
/seq_01/frame_00751.png /seq_01/frame_00766.png 0.14697 0.13541 -0.07321 0.98528 -0.10433 -0.13175 0.03132
/seq_01/frame_00751.png /seq_01/frame_00767.png 0.12176 0.16475 -0.08158 0.98043 -0.12832 -0.14549 0.03349
/seq_01/frame_00751.png /seq_01/frame_00768.png 0.10286 0.1921 -0.08929 0.97663 -0.14726 -0.15423 0.02687
/seq_01/frame_00751.png /seq_01/frame_00769.png 0.09173 0.22032 -0.09545 0.97261 -0.16806 -0.15906 0.02206
/seq_01/frame_00751.png /seq_01/frame_00770.png 0.08161 0.25068 -0.10087 0.96708 -0.19121 -0.16547 0.0286
/seq_01/frame_00751.png /seq_01/frame_00771.png 0.06929 0.3403 -0.10693 0.95708 -0.23458 -0.16739 0.03095
/seq_01/frame_00751.png /seq_01/frame_00772.png 0.06505 0.4038 -0.11313 0.94481 -0.27293 -0.18063 0.01454
/seq_01/frame_00751.png /seq_01/frame_00773.png 0.06877 0.47302 -0.11935 0.93345 -0.30302 -0.19191 0.00521
/seq_01/frame_00751.png /seq_01/frame_00774.png 0.07201 0.53149 -0.12034 0.92483 -0.32454 -0.19834 0.00481
/seq_01/frame_00751.png /seq_01/frame_00775.png 0.05286 0.61449 -0.12734 0.91001 -0.36088 -0.20402 0.00552
/seq_01/frame_00751.png /seq_01/frame_00776.png 0.02481 0.63647 -0.13368 0.90253 -0.37617 -0.2096 -0.00336
/seq_01/frame_00751.png /seq_01/frame_00777.png -0.01536 0.65203 -0.14017 0.89197 -0.39719 -0.21537 -0.01546
/seq_01/frame_00751.png /seq_01/frame_00778.png -0.01536 0.65203 -0.14017 0.89197 -0.39719 -0.21537 -0.01546
/seq_01/frame_00751.png /seq_01/frame_00779.png -0.12532 0.67004 -0.12916 0.86802 -0.44587 -0.21472 -0.04032
/seq_01/frame_00751.png /seq_01/frame_00780.png -0.12532 0.67004 -0.12916 0.86802 -0.44587 -0.21472 -0.04032
/seq_01/frame_00781.png /seq_01/frame_00782.png -0.02691 0.00954 0.00166 0.99999 -0.00535 4e-05 0.00076
/seq_01/frame_00781.png /seq_01/frame_00783.png -0.06019 0.02387 -0.0002 0.99961 -0.02456 -0.01072 0.00728
/seq_01/frame_00781.png /seq_01/frame_00784.png -0.10039 0.04053 -0.00388 0.99911 -0.03593 -0.02178 0.00464
/seq_01/frame_00781.png /seq_01/frame_00785.png -0.19008 0.08762 -0.00206 0.99848 -0.04926 -0.02466 0.0015
/seq_01/frame_00781.png /seq_01/frame_00786.png -0.19008 0.08762 -0.00206 0.99848 -0.04926 -0.02466 0.0015
/seq_01/frame_00781.png /seq_01/frame_00787.png -0.27456 0.1341 0.00013 0.9983 -0.054 -0.02011 0.00851
/seq_01/frame_00781.png /seq_01/frame_00788.png -0.31662 0.14601 -0.00084 0.99893 -0.03943 -0.0216 0.01119
/seq_01/frame_00781.png /seq_01/frame_00789.png -0.39909 0.134 0.00201 0.99958 -0.00257 -0.02036 0.02063
/seq_01/frame_00781.png /seq_01/frame_00790.png -0.39909 0.134 0.00201 0.99958 -0.00257 -0.02036 0.02063
/seq_01/frame_00781.png /seq_01/frame_00791.png -0.5015 0.08612 0.00711 0.99814 0.0508 -0.01684 0.02935
/seq_01/frame_00781.png /seq_01/frame_00792.png -0.55165 0.05865 0.00756 0.99644 0.07608 -0.01318 0.03389
/seq_01/frame_00781.png /seq_01/frame_00793.png -0.59472 0.04598 0.00564 0.9951 0.0911 -0.01378 0.03598
/seq_01/frame_00781.png /seq_01/frame_00794.png -0.59472 0.04598 0.00564 0.9951 0.0911 -0.01378 0.03598
/seq_01/frame_00781.png /seq_01/frame_00795.png -0.59472 0.04598 0.00564 0.9951 0.0911 -0.01378 0.03598
/seq_01/frame_00781.png /seq_01/frame_00796.png -0.80875 0.11799 0.03173 0.99502 0.07348 0.03247 0.05906
/seq_01/frame_00781.png /seq_01/frame_00797.png -0.89428 0.1598 0.05385 0.99184 0.08057 0.06698 0.07269
/seq_01/frame_00781.png /seq_01/frame_00798.png -0.92642 0.1556 0.05572 0.99048 0.09276 0.06662 0.0769
/seq_01/frame_00781.png /seq_01/frame_00799.png -0.96928 0.1443 0.05693 0.9881 0.1068 0.07552 0.08096
/seq_01/frame_00781.png /seq_01/frame_00800.png -1.02773 0.12188 0.06179 0.98534 0.1223 0.08378 0.08447
/seq_01/frame_00781.png /seq_01/frame_00801.png -1.08894 0.09316 0.06609 0.98211 0.14103 0.09094 0.08549
/seq_01/frame_00781.png /seq_01/frame_00802.png -1.19757 0.05295 0.06359 0.9762 0.17085 0.10039 0.0881
/seq_01/frame_00781.png /seq_01/frame_00803.png -1.25012 0.05552 0.06352 0.97444 0.17969 0.10326 0.08673
/seq_01/frame_00781.png /seq_01/frame_00804.png -1.31106 0.07215 0.06255 0.97373 0.17877 0.10757 0.09126
/seq_01/frame_00781.png /seq_01/frame_00805.png -1.38136 0.09908 0.06639 0.97521 0.171 0.10587 0.09232
/seq_01/frame_00781.png /seq_01/frame_00806.png -1.44804 0.12604 0.06799 0.97796 0.15239 0.1116 0.08893
/seq_01/frame_00781.png /seq_01/frame_00807.png -1.54659 0.15333 0.06593 0.98472 0.11262 0.09985 0.08756
/seq_01/frame_00781.png /seq_01/frame_00808.png -1.59688 0.15352 0.06227 0.98652 0.10171 0.09256 0.08864
/seq_01/frame_00781.png /seq_01/frame_00809.png -1.65721 0.14355 0.0566 0.98827 0.09322 0.08893 0.08201
/seq_01/frame_00781.png /seq_01/frame_00810.png -1.79392 0.10703 0.04588 0.99279 0.05667 0.08172 0.06688
/seq_01/frame_00811.png /seq_01/frame_00812.png -0.03853 -0.00668 -0.00862 0.99975 -0.01638 -0.01523 0.00072
/seq_01/frame_00811.png /seq_01/frame_00813.png -0.08933 -0.00993 -0.01534 0.99906 -0.03887 -0.01915 -0.00104
/seq_01/frame_00811.png /seq_01/frame_00814.png -0.14139 -0.01087 -0.01847 0.99705 -0.07241 -0.02482 -0.00609
/seq_01/frame_00811.png /seq_01/frame_00815.png -0.23915 -0.00237 -0.01984 0.98782 -0.14625 -0.04438 -0.02911
/seq_01/frame_00811.png /seq_01/frame_00816.png -0.27708 0.00094 -0.02273 0.98084 -0.18631 -0.04563 -0.03408
/seq_01/frame_00811.png /seq_01/frame_00817.png -0.30407 -0.00672 -0.02531 0.97218 -0.22605 -0.04997 -0.03572
/seq_01/frame_00811.png /seq_01/frame_00818.png -0.30407 -0.00672 -0.02531 0.97218 -0.22605 -0.04997 -0.03572
/seq_01/frame_00811.png /seq_01/frame_00819.png -0.38992 -0.12428 -0.02418 0.94341 -0.32524 -0.04774 -0.04387
/seq_01/frame_00811.png /seq_01/frame_00820.png -0.41774 -0.1788 -0.01676 0.93654 -0.34574 -0.03738 -0.0443
/seq_01/frame_00811.png /seq_01/frame_00821.png -0.43534 -0.23146 -0.01572 0.92938 -0.36572 -0.02675 -0.04239
/seq_01/frame_00811.png /seq_01/frame_00822.png -0.43961 -0.27533 -0.01564 0.91707 -0.39566 -0.02505 -0.04261
/seq_01/frame_00811.png /seq_01/frame_00823.png -0.44337 -0.31284 -0.0139 0.90274 -0.42746 -0.02421 -0.0419
/seq_01/frame_00811.png /seq_01/frame_00824.png -0.465 -0.38883 -0.0062 0.86016 -0.50813 -0.01593 -0.04106
/seq_01/frame_00811.png /seq_01/frame_00825.png -0.465 -0.38883 -0.0062 0.86016 -0.50813 -0.01593 -0.04106
/seq_01/frame_00811.png /seq_01/frame_00826.png -0.51713 -0.46648 0.01311 0.8176 -0.57461 -0.00752 -0.03611
/seq_01/frame_00811.png /seq_01/frame_00827.png -0.54108 -0.49754 0.02425 0.79257 -0.60933 -0.00155 -0.02345
/seq_01/frame_00811.png /seq_01/frame_00828.png -0.56 -0.53808 0.0342 0.74934 -0.66214 -0.00262 -0.00716
/seq_01/frame_00811.png /seq_01/frame_00829.png -0.56356 -0.55793 0.03594 0.73231 -0.68095 -0.00503 -0.00189
/seq_01/frame_00811.png /seq_01/frame_00830.png -0.55898 -0.58265 0.03428 0.71595 -0.69809 -0.00868 -0.00281
/seq_01/frame_00811.png /seq_01/frame_00831.png -0.5473 -0.61608 0.03501 -0.69542 0.7186 0.00152 -0.00168
/seq_01/frame_00811.png /seq_01/frame_00832.png -0.53261 -0.66169 0.0372 -0.67392 0.73872 -0.00918 -0.0066
/seq_01/frame_00811.png /seq_01/frame_00833.png -0.50184 -0.77167 0.04411 -0.64594 0.76302 -0.02117 -0.01097
/seq_01/frame_00811.png /seq_01/frame_00834.png -0.48923 -0.82079 0.04787 -0.63717 0.76989 -0.02381 -0.02678
/seq_01/frame_00811.png /seq_01/frame_00835.png -0.48923 -0.82079 0.04787 -0.63717 0.76989 -0.02381 -0.02678
/seq_01/frame_00811.png /seq_01/frame_00836.png -0.47541 -0.89475 0.05758 -0.63313 0.77257 -0.01794 -0.04431
/seq_01/frame_00811.png /seq_01/frame_00837.png -0.4913 -0.9793 0.06839 -0.63016 0.77335 -0.01809 -0.06702
/seq_01/frame_00811.png /seq_01/frame_00838.png -0.51313 -1.03215 0.07848 -0.63369 0.76889 -0.0222 -0.08215
/seq_01/frame_00811.png /seq_01/frame_00839.png -0.54027 -1.0876 0.08774 -0.63918 0.76346 -0.02065 -0.09021
/seq_01/frame_00811.png /seq_01/frame_00840.png -0.56665 -1.13296 0.09524 -0.64134 0.76086 -0.01965 -0.09687
/seq_01/frame_00841.png /seq_01/frame_00842.png -0.01158 -0.02376 0.00501 0.99998 0.0041 -0.00505 0.00259
/seq_01/frame_00841.png /seq_01/frame_00843.png -0.01158 -0.02376 0.00501 0.99998 0.0041 -0.00505 0.00259
/seq_01/frame_00841.png /seq_01/frame_00844.png 0.00419 -0.0645 0.00505 0.9998 0.01844 0.00087 0.00723
/seq_01/frame_00841.png /seq_01/frame_00845.png 0.01918 -0.10256 0.00412 0.99928 0.03657 0.00076 0.01032
/seq_01/frame_00841.png /seq_01/frame_00846.png 0.03463 -0.14832 0.00265 0.99799 0.05912 -0.00488 0.02218
/seq_01/frame_00841.png /seq_01/frame_00847.png 0.06337 -0.23364 -0.00184 0.99605 0.0802 -0.01309 0.03581
/seq_01/frame_00841.png /seq_01/frame_00848.png 0.06337 -0.23364 -0.00184 0.99605 0.0802 -0.01309 0.03581
/seq_01/frame_00841.png /seq_01/frame_00849.png 0.0537 -0.32411 -0.00605 0.99563 0.08596 -0.01926 0.03087
/seq_01/frame_00841.png /seq_01/frame_00850.png 0.02951 -0.36824 -0.00452 0.99641 0.07706 -0.02 0.02896
/seq_01/frame_00841.png /seq_01/frame_00851.png -0.02903 -0.44822 0.0061 0.9984 0.05002 -0.00685 0.0255
/seq_01/frame_00841.png /seq_01/frame_00852.png -0.05689 -0.47905 0.00676 0.99887 0.04265 -0.00252 0.021
/seq_01/frame_00841.png /seq_01/frame_00853.png -0.07811 -0.51108 0.00376 0.99931 0.03427 0.0024 0.01415
/seq_01/frame_00841.png /seq_01/frame_00854.png -0.0913 -0.53639 -0.00435 0.99966 0.02295 0.01227 0.00291
/seq_01/frame_00841.png /seq_01/frame_00855.png -0.10049 -0.59126 -0.02043 0.99927 0.01169 0.02388 -0.02748
/seq_01/frame_00841.png /seq_01/frame_00856.png -0.10049 -0.59126 -0.02043 0.99927 0.01169 0.02388 -0.02748
/seq_01/frame_00841.png /seq_01/frame_00857.png -0.06978 -0.65088 -0.03744 0.99765 0.01611 0.04343 -0.05047
/seq_01/frame_00841.png /seq_01/frame_00858.png -0.06978 -0.65088 -0.03744 0.99765 0.01611 0.04343 -0.05047
/seq_01/frame_00841.png /seq_01/frame_00859.png -0.06978 -0.65088 -0.03744 0.99765 0.01611 0.04343 -0.05047
/seq_01/frame_00841.png /seq_01/frame_00860.png 0.06742 -0.78081 -0.0628 0.99441 -0.01474 0.07512 -0.07267
/seq_01/frame_00841.png /seq_01/frame_00861.png 0.06742 -0.78081 -0.0628 0.99441 -0.01474 0.07512 -0.07267
/seq_01/frame_00841.png /seq_01/frame_00862.png 0.11828 -0.78832 -0.07644 0.99215 -0.03689 0.08561 -0.08335
/seq_01/frame_00841.png /seq_01/frame_00863.png 0.11828 -0.78832 -0.07644 0.99215 -0.03689 0.08561 -0.08335
/seq_01/frame_00841.png /seq_01/frame_00864.png 0.16133 -0.77209 -0.07512 0.99009 -0.08034 0.08632 -0.07626
/seq_01/frame_00841.png /seq_01/frame_00865.png 0.17479 -0.79203 -0.07499 0.98829 -0.10689 0.08217 -0.07144
/seq_01/frame_00841.png /seq_01/frame_00866.png 0.18686 -0.82027 -0.0771 0.98557 -0.12972 0.08189 -0.0716
/seq_01/frame_00841.png /seq_01/frame_00867.png 0.19916 -0.86336 -0.07671 0.98229 -0.15143 0.08304 -0.07261
/seq_01/frame_00841.png /seq_01/frame_00868.png 0.21287 -0.90812 -0.07465 0.97902 -0.17151 0.08525 -0.06949
/seq_01/frame_00841.png /seq_01/frame_00869.png 0.23037 -0.98697 -0.06775 0.97214 -0.20876 0.08633 -0.06245
/seq_01/frame_00841.png /seq_01/frame_00870.png 0.2313 -1.02101 -0.06725 0.96961 -0.22232 0.08451 -0.05739
/seq_01/frame_00871.png /seq_01/frame_00872.png 0.0 0.0 0.0 1.0 0.0 0.0 0.0
/seq_01/frame_00871.png /seq_01/frame_00873.png -0.02344 -0.04259 -0.00245 0.99976 -0.01842 -0.01065 0.00559
/seq_01/frame_00871.png /seq_01/frame_00874.png -0.03343 -0.04384 -0.00778 0.99966 -0.02459 -0.0078 0.00468
/seq_01/frame_00871.png /seq_01/frame_00875.png -0.04352 -0.04263 -0.01177 0.99926 -0.03753 -0.00736 0.00474
/seq_01/frame_00871.png /seq_01/frame_00876.png -0.05591 -0.03908 -0.01324 0.99845 -0.05532 -0.00493 0.00416
/seq_01/frame_00871.png /seq_01/frame_00877.png -0.07244 -0.03578 -0.01325 0.9973 -0.07315 -0.00478 0.00364
/seq_01/frame_00871.png /seq_01/frame_00878.png -0.11324 -0.03204 -0.01375 0.99562 -0.09337 -0.00339 0.00235
/seq_01/frame_00871.png /seq_01/frame_00879.png -0.11324 -0.03204 -0.01375 0.99562 -0.09337 -0.00339 0.00235
/seq_01/frame_00871.png /seq_01/frame_00880.png -0.17343 -0.02681 -0.01128 0.99456 -0.10345 -0.01065 0.00617
/seq_01/frame_00871.png /seq_01/frame_00881.png -0.20078 -0.02741 -0.01392 0.99476 -0.10183 -0.00725 0.00491
/seq_01/frame_00871.png /seq_01/frame_00882.png -0.2318 -0.03008 -0.01275 0.9947 -0.10239 -0.0089 0.00029
/seq_01/frame_00871.png /seq_01/frame_00883.png -0.25205 -0.041 -0.00905 0.99424 -0.10661 -0.00667 -0.00918
/seq_01/frame_00871.png /seq_01/frame_00884.png -0.28975 -0.10422 0.01207 0.99181 -0.12408 -0.02995 0.00398
/seq_01/frame_00871.png /seq_01/frame_00885.png -0.31005 -0.15359 0.02015 0.98862 -0.14383 -0.041 0.01614
/seq_01/frame_00871.png /seq_01/frame_00886.png -0.32959 -0.20025 0.01922 0.98549 -0.1629 -0.04496 0.01579
/seq_01/frame_00871.png /seq_01/frame_00887.png -0.36579 -0.2484 0.02024 0.98145 -0.18303 -0.05384 0.01872
/seq_01/frame_00871.png /seq_01/frame_00888.png -0.3787 -0.24524 0.0196 0.97784 -0.20007 -0.05914 0.01739
/seq_01/frame_00871.png /seq_01/frame_00889.png -0.39624 -0.24055 0.01797 0.97377 -0.21887 -0.06039 0.0148
/seq_01/frame_00871.png /seq_01/frame_00890.png -0.42007 -0.2352 0.01588 0.96789 -0.24467 -0.05576 0.01467
/seq_01/frame_00871.png /seq_01/frame_00891.png -0.44904 -0.23289 0.01544 0.96226 -0.26578 -0.05639 0.01532
/seq_01/frame_00871.png /seq_01/frame_00892.png -0.50925 -0.22026 0.01577 0.94331 -0.32576 -0.06338 0.00563
/seq_01/frame_00871.png /seq_01/frame_00893.png -0.53573 -0.21394 0.0149 0.93755 -0.34251 -0.06079 0.00087
/seq_01/frame_00871.png /seq_01/frame_00894.png -0.55002 -0.20717 0.01785 0.93159 -0.3586 -0.05956 0.00197
/seq_01/frame_00871.png /seq_01/frame_00895.png -0.54737 -0.20035 0.02338 0.92399 -0.37693 -0.06438 0.00334
/seq_01/frame_00871.png /seq_01/frame_00896.png -0.52671 -0.19627 0.03271 0.90386 -0.42203 -0.06999 0.00436
/seq_01/frame_00871.png /seq_01/frame_00897.png -0.52671 -0.19627 0.03271 0.90386 -0.42203 -0.06999 0.00436
/seq_01/frame_00871.png /seq_01/frame_00898.png -0.51852 -0.19892 0.03263 0.88545 -0.45978 -0.06764 -0.00014
/seq_01/frame_00871.png /seq_01/frame_00899.png -0.52137 -0.19916 0.0294 0.88166 -0.46795 -0.0608 0.00045
/seq_01/frame_00871.png /seq_01/frame_00900.png -0.52137 -0.19916 0.0294 0.88166 -0.46795 -0.0608 0.00045
/seq_01/frame_00901.png /seq_01/frame_00902.png -0.01429 0.0016 -0.00635 0.99993 -0.00914 0.00723 0.00262
/seq_01/frame_00901.png /seq_01/frame_00903.png -0.03141 0.00106 -0.01057 0.99982 -0.01451 0.0119 0.00314
/seq_01/frame_00901.png /seq_01/frame_00904.png -0.05046 0.00094 -0.01161 0.99977 -0.01804 0.01119 0.00423
/seq_01/frame_00901.png /seq_01/frame_00905.png -0.09165 -0.00935 -0.01402 0.9998 -0.01719 0.01009 0.00303
/seq_01/frame_00901.png /seq_01/frame_00906.png -0.11244 -0.01404 -0.0158 0.99986 -0.0124 0.01116 0.00141
/seq_01/frame_00901.png /seq_01/frame_00907.png -0.12982 -0.01691 -0.01603 0.99984 -0.01182 0.01369 -0.00149
/seq_01/frame_00901.png /seq_01/frame_00908.png -0.14142 -0.02109 -0.01528 0.99986 -0.00997 0.01313 -0.00014
/seq_01/frame_00901.png /seq_01/frame_00909.png -0.12236 -0.04589 -0.01148 0.99871 -0.04834 0.01552 -0.00076
/seq_01/frame_00901.png /seq_01/frame_00910.png -0.10427 -0.06694 -0.0042 0.99794 -0.06374 0.00686 0.00134
/seq_01/frame_00901.png /seq_01/frame_00911.png -0.10427 -0.06694 -0.0042 0.99794 -0.06374 0.00686 0.00134
/seq_01/frame_00901.png /seq_01/frame_00912.png -0.075 -0.10246 -0.00075 0.99582 -0.09135 0.00078 -0.00253
/seq_01/frame_00901.png /seq_01/frame_00913.png -0.075 -0.10246 -0.00075 0.99582 -0.09135 0.00078 -0.00253
/seq_01/frame_00901.png /seq_01/frame_00914.png -0.06926 -0.12855 -0.0061 0.9892 -0.14627 -0.00092 -0.00926
/seq_01/frame_00901.png /seq_01/frame_00915.png -0.07316 -0.13273 -0.00738 0.98632 -0.16434 0.00036 -0.01271
/seq_01/frame_00901.png /seq_01/frame_00916.png -0.07316 -0.13273 -0.00738 0.98632 -0.16434 0.00036 -0.01271
/seq_01/frame_00901.png /seq_01/frame_00917.png -0.08479 -0.13932 -0.00875 0.98254 -0.18517 -0.00186 -0.01773
/seq_01/frame_00901.png /seq_01/frame_00918.png -0.11283 -0.13988 0.00193 0.98052 -0.19436 -0.01233 -0.02546
/seq_01/frame_00901.png /seq_01/frame_00919.png -0.11283 -0.13988 0.00193 0.98052 -0.19436 -0.01233 -0.02546
/seq_01/frame_00901.png /seq_01/frame_00920.png -0.15351 -0.13642 0.01189 0.9806 -0.19352 -0.012 -0.0287
/seq_01/frame_00901.png /seq_01/frame_00921.png -0.15351 -0.13642 0.01189 0.9806 -0.19352 -0.012 -0.0287
/seq_01/frame_00901.png /seq_01/frame_00922.png -0.15351 -0.13642 0.01189 0.9806 -0.19352 -0.012 -0.0287
/seq_01/frame_00901.png /seq_01/frame_00923.png -0.24849 -0.15181 0.01401 0.97803 -0.20497 -0.01681 -0.03402
/seq_01/frame_00901.png /seq_01/frame_00924.png -0.24849 -0.15181 0.01401 0.97803 -0.20497 -0.01681 -0.03402
/seq_01/frame_00901.png /seq_01/frame_00925.png -0.29928 -0.16437 0.01209 0.97491 -0.21928 -0.01846 -0.03349
/seq_01/frame_00901.png /seq_01/frame_00926.png -0.32232 -0.17103 0.0108 0.9726 -0.22933 -0.01732 -0.03389
/seq_01/frame_00901.png /seq_01/frame_00927.png -0.35027 -0.18085 0.01294 0.96874 -0.24504 -0.01767 -0.03453
/seq_01/frame_00901.png /seq_01/frame_00928.png -0.35027 -0.18085 0.01294 0.96874 -0.24504 -0.01767 -0.03453
/seq_01/frame_00901.png /seq_01/frame_00929.png -0.34959 -0.20166 0.0156 0.9633 -0.26471 -0.01869 -0.04053
/seq_01/frame_00901.png /seq_01/frame_00930.png -0.33643 -0.22289 0.01652 0.95967 -0.27765 -0.01685 -0.04069
/seq_01/frame_00931.png /seq_01/frame_00932.png 0.0086 -0.04935 -0.00428 0.99979 -0.01942 0.00182 0.00576
/seq_01/frame_00931.png /seq_01/frame_00933.png 0.00054 -0.07152 -0.00557 0.99947 -0.032 0.00317 0.00425
/seq_01/frame_00931.png /seq_01/frame_00934.png -0.00987 -0.09411 -0.00662 0.99916 -0.04085 0.00143 0.00343
/seq_01/frame_00931.png /seq_01/frame_00935.png -0.02076 -0.11129 -0.00667 0.99887 -0.04754 0.00177 0.00025
/seq_01/frame_00931.png /seq_01/frame_00936.png -0.05161 -0.13397 -0.00399 0.99826 -0.05819 -0.00461 -0.00777
/seq_01/frame_00931.png /seq_01/frame_00937.png -0.05161 -0.13397 -0.00399 0.99826 -0.05819 -0.00461 -0.00777
/seq_01/frame_00931.png /seq_01/frame_00938.png -0.10421 -0.1399 0.00701 0.99836 -0.05113 -0.01347 -0.02193
/seq_01/frame_00931.png /seq_01/frame_00939.png -0.13763 -0.13517 0.01312 0.99855 -0.0452 -0.0145 -0.02542
/seq_01/frame_00931.png /seq_01/frame_00940.png -0.17429 -0.13249 0.01603 0.99868 -0.03774 -0.01679 -0.03042
/seq_01/frame_00931.png /seq_01/frame_00941.png -0.24941 -0.14332 0.01822 0.99858 -0.02057 -0.02442 -0.04273
/seq_01/frame_00931.png /seq_01/frame_00942.png -0.24941 -0.14332 0.01822 0.99858 -0.02057 -0.02442 -0.04273
/seq_01/frame_00931.png /seq_01/frame_00943.png -0.30048 -0.15204 0.0064 0.99913 -0.01184 -0.01851 -0.03552
/seq_01/frame_00931.png /seq_01/frame_00944.png -0.30048 -0.15204 0.0064 0.99913 -0.01184 -0.01851 -0.03552
/seq_01/frame_00931.png /seq_01/frame_00945.png -0.33785 -0.16411 -0.00119 0.99946 0.00402 -0.0199 -0.02602
/seq_01/frame_00931.png /seq_01/frame_00946.png -0.34377 -0.16445 -0.00497 0.99963 0.0054 -0.01867 -0.0188
/seq_01/frame_00931.png /seq_01/frame_00947.png -0.34852 -0.16501 -0.00946 0.99978 0.00544 -0.01552 -0.01283
/seq_01/frame_00931.png /seq_01/frame_00948.png -0.34852 -0.16501 -0.00946 0.99978 0.00544 -0.01552 -0.01283
/seq_01/frame_00931.png /seq_01/frame_00949.png -0.35097 -0.16823 -0.02328 0.99993 0.0098 -0.00384 0.00495
/seq_01/frame_00931.png /seq_01/frame_00950.png -0.35228 -0.17553 -0.03717 0.99963 0.01244 0.00922 0.02238
/seq_01/frame_00931.png /seq_01/frame_00951.png -0.35595 -0.18154 -0.04434 0.99934 0.01458 0.01352 0.03025
/seq_01/frame_00931.png /seq_01/frame_00952.png -0.36123 -0.18773 -0.04951 0.99904 0.01647 0.0166 0.037
/seq_01/frame_00931.png /seq_01/frame_00953.png -0.36387 -0.19657 -0.05345 0.99878 0.01949 0.01911 0.04126
/seq_01/frame_00931.png /seq_01/frame_00954.png -0.36442 -0.20543 -0.05336 0.99873 0.01867 0.01912 0.0428
/seq_01/frame_00931.png /seq_01/frame_00955.png -0.35271 -0.23572 -0.05151 0.99859 0.01343 0.02311 0.04582
/seq_01/frame_00931.png /seq_01/frame_00956.png -0.34597 -0.25495 -0.04855 0.99822 0.00755 0.0313 0.05027
/seq_01/frame_00931.png /seq_01/frame_00957.png -0.34597 -0.25495 -0.04855 0.99822 0.00755 0.0313 0.05027
/seq_01/frame_00931.png /seq_01/frame_00958.png -0.34046 -0.27937 -0.04962 0.9971 0.00777 0.04089 0.06365
/seq_01/frame_00931.png /seq_01/frame_00959.png -0.33813 -0.28425 -0.06484 0.99525 0.01758 0.05607 0.07755
/seq_01/frame_00931.png /seq_01/frame_00960.png -0.34094 -0.27892 -0.06929 0.99454 0.03067 0.05946 0.08012
