/seq_02/frame_00001.png /seq_02/frame_00002.png 0.03409 -0.03255 -0.00356 0.99958 0.02432 -0.01014 0.01221
/seq_02/frame_00001.png /seq_02/frame_00003.png 0.07069 -0.07195 -0.01125 0.99924 0.03475 -0.01529 0.00887
/seq_02/frame_00001.png /seq_02/frame_00004.png 0.09838 -0.09704 -0.01402 0.99892 0.04399 -0.01473 0.00142
/seq_02/frame_00001.png /seq_02/frame_00005.png 0.13697 -0.11858 -0.02137 0.99803 0.05603 -0.02707 -0.00751
/seq_02/frame_00001.png /seq_02/frame_00006.png 0.15229 -0.11498 -0.02551 0.99724 0.0669 -0.0277 -0.01656
/seq_02/frame_00001.png /seq_02/frame_00007.png 0.16651 -0.10507 -0.02852 0.99693 0.06965 -0.0271 -0.02326
/seq_02/frame_00001.png /seq_02/frame_00008.png 0.17162 -0.09082 -0.03412 0.99642 0.07022 -0.03693 -0.02933
/seq_02/frame_00001.png /seq_02/frame_00009.png 0.17924 -0.03892 -0.03627 0.99705 0.05517 -0.04949 -0.01991
/seq_02/frame_00001.png /seq_02/frame_00010.png 0.18238 -0.00205 -0.03507 0.99738 0.04786 -0.05134 -0.0174
/seq_02/frame_00001.png /seq_02/frame_00011.png 0.18544 0.03416 -0.0342 0.99818 0.03384 -0.04706 -0.01683
/seq_02/frame_00001.png /seq_02/frame_00012.png 0.1847 0.07122 -0.03574 0.99848 0.01494 -0.04997 -0.01764
/seq_02/frame_00001.png /seq_02/frame_00013.png 0.18158 0.10578 -0.037 0.99828 -0.00728 -0.05664 -0.01303
/seq_02/frame_00001.png /seq_02/frame_00014.png 0.15374 0.16667 -0.03387 0.99867 0.00048 -0.0504 -0.01052
/seq_02/frame_00001.png /seq_02/frame_00015.png 0.1199 0.19392 -0.03489 0.9987 0.01656 -0.04659 -0.01237
/seq_02/frame_00001.png /seq_02/frame_00016.png 0.07443 0.22701 -0.03253 0.99856 0.02965 -0.04174 -0.01578
/seq_02/frame_00001.png /seq_02/frame_00017.png 0.02916 0.2584 -0.02918 0.99902 0.02314 -0.03546 -0.01254
/seq_02/frame_00001.png /seq_02/frame_00018.png -0.01083 0.28958 -0.03499 0.99926 0.01211 -0.03428 -0.01246
/seq_02/frame_00001.png /seq_02/frame_00019.png -0.01083 0.28958 -0.03499 0.99926 0.01211 -0.03428 -0.01246
/seq_02/frame_00001.png /seq_02/frame_00020.png -0.01083 0.28958 -0.03499 0.99926 0.01211 -0.03428 -0.01246
/seq_02/frame_00001.png /seq_02/frame_00021.png -0.07664 0.48056 -0.05018 0.99496 -0.07464 -0.06137 -0.02668
/seq_02/frame_00001.png /seq_02/frame_00022.png -0.07393 0.51089 -0.05619 0.99397 -0.08298 -0.06787 -0.02288
/seq_02/frame_00001.png /seq_02/frame_00023.png -0.0673 0.53702 -0.05881 0.99272 -0.08526 -0.08214 -0.02195
/seq_02/frame_00001.png /seq_02/frame_00024.png -0.0377 0.58932 -0.05757 0.9898 -0.09994 -0.09708 -0.02971
/seq_02/frame_00001.png /seq_02/frame_00025.png -0.02761 0.61494 -0.05669 0.98931 -0.10132 -0.09921 -0.03389
/seq_02/frame_00001.png /seq_02/frame_00026.png -0.02024 0.6334 -0.05545 0.98837 -0.10229 -0.10749 -0.03329
/seq_02/frame_00001.png /seq_02/frame_00027.png -0.01667 0.65016 -0.04903 0.98815 -0.0992 -0.11293 -0.03104
/seq_02/frame_00001.png /seq_02/frame_00028.png -0.02674 0.67295 -0.03783 0.98892 -0.08872 -0.11558 -0.02833
/seq_02/frame_00001.png /seq_02/frame_00029.png -0.04244 0.6785 -0.03457 0.9889 -0.08505 -0.11872 -0.02725
/seq_02/frame_00001.png /seq_02/frame_00030.png -0.07228 0.68002 -0.03341 0.98835 -0.08652 -0.12193 -0.02839
/seq_02/frame_00031.png /seq_02/frame_00032.png -0.03127 -0.00312 0.00145 0.99999 -0.0024 -0.00458 -0.00121
/seq_02/frame_00031.png /seq_02/frame_00033.png -0.08503 -0.01298 0.00163 0.99991 0.01026 -0.00107 -0.00847
/seq_02/frame_00031.png /seq_02/frame_00034.png -0.10806 -0.01963 0.00075 0.99993 0.00807 -0.00035 -0.00874
/seq_02/frame_00031.png /seq_02/frame_00035.png -0.10806 -0.01963 0.00075 0.99993 0.00807 -0.00035 -0.00874
/seq_02/frame_00031.png /seq_02/frame_00036.png -0.14699 -0.0153 -0.0049 0.99976 0.01655 -0.00931 -0.01092
/seq_02/frame_00031.png /seq_02/frame_00037.png -0.16632 -0.00749 -0.00439 0.99983 0.01186 -0.01378 -0.00183
/seq_02/frame_00031.png /seq_02/frame_00038.png -0.2241 0.03094 -0.00291 0.99989 0.00493 -0.01425 -0.00013
/seq_02/frame_00031.png /seq_02/frame_00039.png -0.2568 0.06261 0.00019 0.9999 -0.00497 -0.01343 -0.00186
/seq_02/frame_00031.png /seq_02/frame_00040.png -0.29294 0.09921 0.00692 0.99977 -0.01863 -0.01095 -0.00176
/seq_02/frame_00031.png /seq_02/frame_00041.png -0.3305 0.1392 0.01091 0.99943 -0.03203 -0.01087 -0.00212
/seq_02/frame_00031.png /seq_02/frame_00042.png -0.36795 0.17821 0.01117 0.99907 -0.04094 -0.01345 -0.00228
/seq_02/frame_00031.png /seq_02/frame_00043.png -0.42131 0.24372 0.01205 0.99782 -0.06533 -0.00903 -5e-05
/seq_02/frame_00031.png /seq_02/frame_00044.png -0.44531 0.26169 0.01188 0.9967 -0.07866 -0.01687 0.01058
/seq_02/frame_00031.png /seq_02/frame_00045.png -0.47808 0.2723 0.01467 0.99658 -0.07962 -0.01672 0.01418
/seq_02/frame_00031.png /seq_02/frame_00046.png -0.52173 0.27866 0.01628 0.99582 -0.08915 -0.01139 0.01615
/seq_02/frame_00031.png /seq_02/frame_00047.png -0.63761 0.29773 0.01922 0.99432 -0.10631 0.00266 0.00538
/seq_02/frame_00031.png /seq_02/frame_00048.png -0.69318 0.30705 0.01936 0.99297 -0.11786 0.00866 0.00646
/seq_02/frame_00031.png /seq_02/frame_00049.png -0.73399 0.31285 0.01854 0.99219 -0.12413 0.0078 0.00916
/seq_02/frame_00031.png /seq_02/frame_00050.png -0.77536 0.32249 0.0182 0.99011 -0.13972 0.0046 0.01198
/seq_02/frame_00031.png /seq_02/frame_00051.png -0.81991 0.3382 0.0185 0.98601 -0.1659 0.0039 0.01555
/seq_02/frame_00031.png /seq_02/frame_00052.png -0.90496 0.38499 0.02711 0.977 -0.21296 0.0085 0.00734
/seq_02/frame_00031.png /seq_02/frame_00053.png -0.94515 0.40885 0.03121 0.97216 -0.23415 0.00603 0.00585
/seq_02/frame_00031.png /seq_02/frame_00054.png -0.98463 0.43173 0.03563 0.9675 -0.25276 0.00656 0.00383
/seq_02/frame_00031.png /seq_02/frame_00055.png -1.01831 0.44829 0.03407 0.96294 -0.26963 0.00558 0.00324
/seq_02/frame_00031.png /seq_02/frame_00056.png -1.04869 0.45784 0.03067 0.95929 -0.28235 0.00373 0.00407
/seq_02/frame_00031.png /seq_02/frame_00057.png -1.08018 0.45277 0.02641 0.9593 -0.28231 0.00084 0.00611
/seq_02/frame_00031.png /seq_02/frame_00058.png -1.08018 0.45277 0.02641 0.9593 -0.28231 0.00084 0.00611
/seq_02/frame_00031.png /seq_02/frame_00059.png -1.08018 0.45277 0.02641 0.9593 -0.28231 0.00084 0.00611
/seq_02/frame_00031.png /seq_02/frame_00060.png -1.08018 0.45277 0.02641 0.9593 -0.28231 0.00084 0.00611
/seq_02/frame_00061.png /seq_02/frame_00062.png -0.07813 -0.02678 -0.00317 0.99989 0.00783 -0.01093 0.00576
/seq_02/frame_00061.png /seq_02/frame_00063.png -0.13076 -0.03525 -0.00532 0.99992 0.00242 -0.01142 0.00548
/seq_02/frame_00061.png /seq_02/frame_00064.png -0.1967 -0.04265 -0.00822 0.99972 -0.01162 -0.01964 0.00672
/seq_02/frame_00061.png /seq_02/frame_00065.png -0.27055 -0.04646 -0.00486 0.99958 -0.02177 -0.01909 0.00071
/seq_02/frame_00061.png /seq_02/frame_00066.png -0.41509 -0.03283 -0.00033 0.99957 -0.02918 0.00066 -0.00327
/seq_02/frame_00061.png /seq_02/frame_00067.png -0.46906 -0.02362 -0.00278 0.99973 -0.02301 0.0024 -0.00231
/seq_02/frame_00061.png /seq_02/frame_00068.png -0.51584 -0.01793 -0.00494 0.99986 -0.01602 -0.00503 -0.00216
/seq_02/frame_00061.png /seq_02/frame_00069.png -0.56899 -0.0194 -0.00387 0.99986 -0.00807 -0.01356 -0.00457
/seq_02/frame_00061.png /seq_02/frame_00070.png -0.62743 -0.03499 -0.00352 0.99999 0.00142 -0.00269 -0.00242
/seq_02/frame_00061.png /seq_02/frame_00071.png -0.76858 -0.07658 0.00182 0.99994 0.00018 0.01082 0.0022
/seq_02/frame_00061.png /seq_02/frame_00072.png -0.82386 -0.0868 0.00401 0.99994 -0.00489 0.00455 0.00842
/seq_02/frame_00061.png /seq_02/frame_00073.png -0.86146 -0.09301 0.00246 0.99995 -0.00402 0.00084 0.00912
/seq_02/frame_00061.png /seq_02/frame_00074.png -0.86146 -0.09301 0.00246 0.99995 -0.00402 0.00084 0.00912
/seq_02/frame_00061.png /seq_02/frame_00075.png -0.93712 -0.09098 0.00287 0.99942 -0.03152 -0.00463 0.01191
/seq_02/frame_00061.png /seq_02/frame_00076.png -1.02339 -0.06803 0.01177 0.99749 -0.06985 -0.00952 0.00712
/seq_02/frame_00061.png /seq_02/frame_00077.png -1.06632 -0.05605 0.01929 0.99658 -0.08188 -0.00626 0.00885
/seq_02/frame_00061.png /seq_02/frame_00078.png -1.10328 -0.04998 0.02487 0.99582 -0.08966 -0.00907 0.01455
/seq_02/frame_00061.png /seq_02/frame_00079.png -1.13424 -0.05011 0.02482 0.9956 -0.09187 -0.01084 0.01515
/seq_02/frame_00061.png /seq_02/frame_00080.png -1.14987 -0.05036 0.02026 0.99534 -0.09486 -0.0098 0.01457
/seq_02/frame_00061.png /seq_02/frame_00081.png -1.12059 -0.05369 0.01027 0.99384 -0.10956 -0.01208 0.01143
/seq_02/frame_00061.png /seq_02/frame_00082.png -1.09301 -0.06314 0.01107 0.99416 -0.10714 -0.0119 0.0052
/seq_02/frame_00061.png /seq_02/frame_00083.png -1.05165 -0.07665 0.01202 0.99513 -0.09815 -0.00831 0.00361
/seq_02/frame_00061.png /seq_02/frame_00084.png -1.00773 -0.09358 0.0141 0.99627 -0.08557 -0.00868 0.00728
/seq_02/frame_00061.png /seq_02/frame_00085.png -0.93259 -0.12437 0.01046 0.9986 -0.04922 -0.01707 0.00926
/seq_02/frame_00061.png /seq_02/frame_00086.png -0.89646 -0.14344 0.00819 0.99968 -0.02004 0.00133 0.01557
/seq_02/frame_00061.png /seq_02/frame_00087.png -0.85883 -0.16716 0.00431 0.9998 -0.01232 -0.00808 0.0136
/seq_02/frame_00061.png /seq_02/frame_00088.png -0.82319 -0.19328 -0.00039 0.99985 -0.00421 -0.01222 0.01164
/seq_02/frame_00061.png /seq_02/frame_00089.png -0.7881 -0.21716 -0.0029 0.99989 0.0023 -0.01241 0.0076
/seq_02/frame_00061.png /seq_02/frame_00090.png -0.72878 -0.26122 -0.01243 0.99982 0.01234 -0.01414 -0.00395
/seq_02/frame_00091.png /seq_02/frame_00092.png 0.0082 -0.01786 -0.005 0.99998 0.00182 0.00237 -0.00521
/seq_02/frame_00091.png /seq_02/frame_00093.png -0.00047 -0.04194 -0.01293 0.99998 -0.00165 -0.00131 -0.00608
/seq_02/frame_00091.png /seq_02/frame_00094.png -0.02792 -0.07116 -0.02018 1.0 -0.00095 -0.00089 -0.0003
/seq_02/frame_00091.png /seq_02/frame_00095.png -0.12756 -0.13573 -0.02111 0.99977 0.01806 0.00276 0.01155
/seq_02/frame_00091.png /seq_02/frame_00096.png -0.17162 -0.15141 -0.01938 0.9991 0.03921 0.0122 0.01046
/seq_02/frame_00091.png /seq_02/frame_00097.png -0.21348 -0.1578 -0.01592 0.99856 0.051 0.01235 0.01119
/seq_02/frame_00091.png /seq_02/frame_00098.png -0.25256 -0.15948 -0.016 0.99767 0.0647 0.01872 0.01082
/seq_02/frame_00091.png /seq_02/frame_00099.png -0.35759 -0.16585 -0.01182 0.99772 0.06041 0.02359 0.01868
/seq_02/frame_00091.png /seq_02/frame_00100.png -0.42132 -0.1718 -0.00939 0.99761 0.05495 0.03976 0.01307
/seq_02/frame_00091.png /seq_02/frame_00101.png -0.42132 -0.1718 -0.00939 0.99761 0.05495 0.03976 0.01307
/seq_02/frame_00091.png /seq_02/frame_00102.png -0.42132 -0.1718 -0.00939 0.99761 0.05495 0.03976 0.01307
/seq_02/frame_00091.png /seq_02/frame_00103.png -0.42132 -0.1718 -0.00939 0.99761 0.05495 0.03976 0.01307
/seq_02/frame_00091.png /seq_02/frame_00104.png -0.73876 -0.10039 0.01033 0.99827 0.03893 0.03115 0.0313
/seq_02/frame_00091.png /seq_02/frame_00105.png -0.82805 -0.05905 0.02417 0.99848 0.02734 0.03554 0.03207
/seq_02/frame_00091.png /seq_02/frame_00106.png -0.91685 -0.02071 0.02936 0.99848 0.01617 0.04159 0.03224
/seq_02/frame_00091.png /seq_02/frame_00107.png -0.98817 0.01274 0.03137 0.99848 0.00626 0.03888 0.03848
/seq_02/frame_00091.png /seq_02/frame_00108.png -1.04527 0.03269 0.02998 0.9987 0.01027 0.03132 0.03884
/seq_02/frame_00091.png /seq_02/frame_00109.png -1.15294 0.04688 0.02406 0.99893 -0.00136 0.0175 0.04278
/seq_02/frame_00091.png /seq_02/frame_00110.png -1.21971 0.04909 0.02226 0.99832 -0.01668 0.02559 0.04923
/seq_02/frame_00091.png /seq_02/frame_00111.png -1.28654 0.05451 0.0179 0.99788 -0.03891 0.03249 0.04088
/seq_02/frame_00091.png /seq_02/frame_00112.png -1.34752 0.06169 0.02416 0.9969 -0.05187 0.03929 0.04429
/seq_02/frame_00091.png /seq_02/frame_00113.png -1.40107 0.07461 0.02777 0.99562 -0.06863 0.03405 0.05353
/seq_02/frame_00091.png /seq_02/frame_00114.png -1.52109 0.12747 0.02721 0.99134 -0.1167 0.02889 0.05279
/seq_02/frame_00091.png /seq_02/frame_00115.png -1.57388 0.15357 0.02736 0.98893 -0.13623 0.03108 0.04999
/seq_02/frame_00091.png /seq_02/frame_00116.png -1.61829 0.16751 0.02604 0.98758 -0.14746 0.02555 0.04781
/seq_02/frame_00091.png /seq_02/frame_00117.png -1.64963 0.1647 0.0247 0.98695 -0.15204 0.02238 0.04813
/seq_02/frame_00091.png /seq_02/frame_00118.png -1.70772 0.12102 0.02189 0.98314 -0.17539 0.02284 0.04647
/seq_02/frame_00091.png /seq_02/frame_00119.png -1.70772 0.12102 0.02189 0.98314 -0.17539 0.02284 0.04647
/seq_02/frame_00091.png /seq_02/frame_00120.png -1.77763 0.06165 0.02553 0.97297 -0.22245 0.03083 0.05382
/seq_02/frame_00121.png /seq_02/frame_00122.png -0.03609 -0.01869 -0.0001 0.99986 -0.0151 -0.00607 -0.00466
/seq_02/frame_00121.png /seq_02/frame_00123.png -0.1249 -0.03887 -0.00115 0.99766 -0.06768 0.00725 -0.00708
/seq_02/frame_00121.png /seq_02/frame_00124.png -0.17906 -0.03593 -0.00534 0.99588 -0.0891 0.01266 -0.01128
/seq_02/frame_00121.png /seq_02/frame_00125.png -0.23399 -0.02803 -0.0054 0.99381 -0.10951 0.01154 -0.01474
/seq_02/frame_00121.png /seq_02/frame_00126.png -0.28177 -0.02547 -0.01054 0.99174 -0.12628 0.00868 -0.02074
/seq_02/frame_00121.png /seq_02/frame_00127.png -0.32502 -0.02247 -0.01367 0.99001 -0.13806 0.0075 -0.02762
/seq_02/frame_00121.png /seq_02/frame_00128.png -0.3899 -0.05373 -0.02316 0.98637 -0.16045 -0.00687 -0.03589
/seq_02/frame_00121.png /seq_02/frame_00129.png -0.43938 -0.07838 -0.02132 0.98482 -0.1693 -0.00421 -0.03814
/seq_02/frame_00121.png /seq_02/frame_00130.png -0.48314 -0.11897 -0.02219 0.98221 -0.18384 0.00565 -0.03783
/seq_02/frame_00121.png /seq_02/frame_00131.png -0.5209 -0.14553 -0.02599 0.97605 -0.21331 0.01288 -0.04079
/seq_02/frame_00121.png /seq_02/frame_00132.png -0.55436 -0.16451 -0.0274 0.96899 -0.2433 0.00737 -0.04266
/seq_02/frame_00121.png /seq_02/frame_00133.png -0.62177 -0.18319 -0.02797 0.9506 -0.30687 0.00489 -0.04647
/seq_02/frame_00121.png /seq_02/frame_00134.png -0.65467 -0.17292 -0.02008 0.93952 -0.33972 0.01707 -0.04005
/seq_02/frame_00121.png /seq_02/frame_00135.png -0.69925 -0.17081 -0.0155 0.92784 -0.36995 0.02555 -0.04
/seq_02/frame_00121.png /seq_02/frame_00136.png -0.73815 -0.16658 -0.01229 0.91429 -0.40213 0.03368 -0.0351
/seq_02/frame_00121.png /seq_02/frame_00137.png -0.76542 -0.1704 -0.00966 0.88666 -0.45988 0.0359 -0.03243
/seq_02/frame_00121.png /seq_02/frame_00138.png -0.75006 -0.18885 -0.01103 0.86875 -0.49297 0.03731 -0.02925
/seq_02/frame_00121.png /seq_02/frame_00139.png -0.75298 -0.21295 -0.01449 0.85449 -0.51672 0.04461 -0.0292
/seq_02/frame_00121.png /seq_02/frame_00140.png -0.7117 -0.24149 -0.01178 0.8379 -0.54369 0.04507 -0.01708
/seq_02/frame_00121.png /seq_02/frame_00141.png -0.70341 -0.26908 -0.00921 0.82012 -0.5709 0.03669 -0.01182
/seq_02/frame_00121.png /seq_02/frame_00142.png -0.70058 -0.29388 -0.00541 0.80155 -0.59704 0.03198 -0.00597
/seq_02/frame_00121.png /seq_02/frame_00143.png -0.70058 -0.29388 -0.00541 0.80155 -0.59704 0.03198 -0.00597
/seq_02/frame_00121.png /seq_02/frame_00144.png -0.70058 -0.29388 -0.00541 0.80155 -0.59704 0.03198 -0.00597
/seq_02/frame_00121.png /seq_02/frame_00145.png -0.71824 -0.41198 0.0239 -0.70272 0.7111 -0.01913 -0.0125
/seq_02/frame_00121.png /seq_02/frame_00146.png -0.71057 -0.44313 0.02438 -0.69303 0.7205 -0.01721 -0.01731
/seq_02/frame_00121.png /seq_02/frame_00147.png -0.68717 -0.45991 0.02318 -0.67298 0.73934 -0.00781 -0.02008
/seq_02/frame_00121.png /seq_02/frame_00148.png -0.6678 -0.4535 0.02549 -0.66097 0.75009 -0.00044 -0.02196
/seq_02/frame_00121.png /seq_02/frame_00149.png -0.64085 -0.44381 0.02741 -0.65444 0.75563 0.00266 -0.02684
/seq_02/frame_00121.png /seq_02/frame_00150.png -0.60638 -0.42888 0.03088 -0.65127 0.75794 0.00466 -0.03682
/seq_02/frame_00151.png /seq_02/frame_00152.png 0.10019 0.04205 -0.00248 0.99986 0.01392 -0.00938 -0.00281
/seq_02/frame_00151.png /seq_02/frame_00153.png 0.15252 0.0536 -0.00461 0.99973 0.01621 -0.01174 -0.01172
/seq_02/frame_00151.png /seq_02/frame_00154.png 0.19614 0.05485 -0.00482 0.99968 0.00837 -0.01936 -0.01367
/seq_02/frame_00151.png /seq_02/frame_00155.png 0.25838 0.04302 -0.00475 0.99938 -0.00354 -0.03007 -0.01778
/seq_02/frame_00151.png /seq_02/frame_00156.png 0.40268 -0.01087 0.00861 0.99893 -0.01605 -0.04191 -0.01108
/seq_02/frame_00151.png /seq_02/frame_00157.png 0.4731 -0.03201 0.01015 0.99854 -0.0168 -0.05076 -0.00726
/seq_02/frame_00151.png /seq_02/frame_00158.png 0.5301 -0.05017 0.00607 0.99896 -0.01486 -0.04148 -0.01179
/seq_02/frame_00151.png /seq_02/frame_00159.png 0.58542 -0.05225 -4e-05 0.99921 -0.00955 -0.03561 -0.01457
/seq_02/frame_00151.png /seq_02/frame_00160.png 0.63915 -0.03359 -0.00431 0.99935 0.00472 -0.03408 -0.01035
/seq_02/frame_00151.png /seq_02/frame_00161.png 0.78456 0.04834 -0.00226 0.99801 0.04285 -0.04451 -0.01281
/seq_02/frame_00151.png /seq_02/frame_00162.png 0.86368 0.08581 -0.00707 0.99666 0.06272 -0.04917 -0.01774
/seq_02/frame_00151.png /seq_02/frame_00163.png 0.93885 0.11292 -0.01142 0.99576 0.07971 -0.04497 -0.00952
/seq_02/frame_00151.png /seq_02/frame_00164.png 1.01683 0.13601 -0.01814 0.99586 0.0811 -0.03997 -0.00986
/seq_02/frame_00151.png /seq_02/frame_00165.png 1.10835 0.15497 -0.02789 0.99555 0.0838 -0.04251 -0.00656
/seq_02/frame_00151.png /seq_02/frame_00166.png 1.30233 0.18096 -0.02842 0.99633 0.0672 -0.04563 -0.02712
/seq_02/frame_00151.png /seq_02/frame_00167.png 1.38438 0.1868 -0.03128 0.997 0.06328 -0.03647 -0.02559
/seq_02/frame_00151.png /seq_02/frame_00168.png 1.45787 0.19659 -0.03551 0.9974 0.06338 -0.02817 -0.01971
/seq_02/frame_00151.png /seq_02/frame_00169.png 1.53212 0.2134 -0.0424 0.997 0.07286 -0.02416 -0.0095
/seq_02/frame_00151.png /seq_02/frame_00170.png 1.62396 0.23601 -0.0415 0.99588 0.08632 -0.02541 -0.01081
/seq_02/frame_00151.png /seq_02/frame_00171.png 1.80727 0.29062 -0.04461 0.99301 0.11421 -0.02798 -0.01012
/seq_02/frame_00151.png /seq_02/frame_00172.png 1.8813 0.31145 -0.04878 0.99326 0.11367 -0.02115 -0.00786
/seq_02/frame_00151.png /seq_02/frame_00173.png 1.9587 0.32546 -0.05295 0.9943 0.10487 -0.01592 -0.01084
/seq_02/frame_00151.png /seq_02/frame_00174.png 2.03948 0.33342 -0.05564 0.99463 0.10221 -0.01378 -0.00893
/seq_02/frame_00151.png /seq_02/frame_00175.png 2.18305 0.34244 -0.04426 0.99407 0.1054 -0.02175 -0.01547
/seq_02/frame_00151.png /seq_02/frame_00176.png 2.18305 0.34244 -0.04426 0.99407 0.1054 -0.02175 -0.01547
/seq_02/frame_00151.png /seq_02/frame_00177.png 2.27513 0.35223 -0.04795 0.99391 0.10786 -0.01568 -0.01651
/seq_02/frame_00151.png /seq_02/frame_00178.png 2.32207 0.36788 -0.05167 0.99284 0.11849 -0.01329 -0.0071
/seq_02/frame_00151.png /seq_02/frame_00179.png 2.32207 0.36788 -0.05167 0.99284 0.11849 -0.01329 -0.0071
/seq_02/frame_00151.png /seq_02/frame_00180.png 2.52992 0.47307 -0.05116 0.98496 0.17025 -0.01918 -0.02238
/seq_02/frame_00181.png /seq_02/frame_00182.png 0.06643 0.01951 -0.00295 0.99997 0.00542 0.00376 0.00491
/seq_02/frame_00181.png /seq_02/frame_00183.png 0.06643 0.01951 -0.00295 0.99997 0.00542 0.00376 0.00491
/seq_02/frame_00181.png /seq_02/frame_00184.png 0.06643 0.01951 -0.00295 0.99997 0.00542 0.00376 0.00491
/seq_02/frame_00181.png /seq_02/frame_00185.png 0.06643 0.01951 -0.00295 0.99997 0.00542 0.00376 0.00491
/seq_02/frame_00181.png /seq_02/frame_00186.png 0.4322 0.01834 0.01293 0.99995 -0.00909 -0.00339 0.00289
/seq_02/frame_00181.png /seq_02/frame_00187.png 0.4322 0.01834 0.01293 0.99995 -0.00909 -0.00339 0.00289
/seq_02/frame_00181.png /seq_02/frame_00188.png 0.56143 0.04186 0.00845 0.99999 -0.00032 0.00403 0.0004
/seq_02/frame_00181.png /seq_02/frame_00189.png 0.71394 0.08246 0.0149 0.99862 0.05178 -0.00658 -0.00583
/seq_02/frame_00181.png /seq_02/frame_00190.png 0.78229 0.09424 0.01276 0.99825 0.05883 -0.00095 -0.00585
/seq_02/frame_00181.png /seq_02/frame_00191.png 0.83951 0.09118 0.01012 0.99817 0.06024 0.00573 -0.00172
/seq_02/frame_00181.png /seq_02/frame_00192.png 0.90446 0.07639 0.00765 0.99808 0.06175 0.00419 -0.0003
/seq_02/frame_00181.png /seq_02/frame_00193.png 0.97521 0.04136 0.00543 0.99817 0.06036 0.00203 -0.00273
/seq_02/frame_00181.png /seq_02/frame_00194.png 1.10014 -0.06549 0.01737 0.99753 0.06689 -0.01991 -0.00796
/seq_02/frame_00181.png /seq_02/frame_00195.png 1.14868 -0.10937 0.01269 0.99771 0.06676 -0.01012 -0.00441
/seq_02/frame_00181.png /seq_02/frame_00196.png 1.18981 -0.14266 0.0093 0.99788 0.0648 -0.00029 -0.00521
/seq_02/frame_00181.png /seq_02/frame_00197.png 1.22771 -0.17247 0.00581 0.99725 0.0736 0.00869 -0.00118
/seq_02/frame_00181.png /seq_02/frame_00198.png 1.28099 -0.20745 0.00409 0.99692 0.07783 0.00687 0.00646
/seq_02/frame_00181.png /seq_02/frame_00199.png 1.4036 -0.28299 0.00225 0.99815 0.05855 0.00675 0.01479
/seq_02/frame_00181.png /seq_02/frame_00200.png 1.45359 -0.31407 0.001 0.99844 0.05133 0.01836 0.01198
/seq_02/frame_00181.png /seq_02/frame_00201.png 1.45359 -0.31407 0.001 0.99844 0.05133 0.01836 0.01198
/seq_02/frame_00181.png /seq_02/frame_00202.png 1.52059 -0.3813 -0.00048 0.99891 0.03825 0.02454 0.01068
/seq_02/frame_00181.png /seq_02/frame_00203.png 1.5485 -0.43248 -0.00077 0.99922 0.02733 0.0258 0.01234
/seq_02/frame_00181.png /seq_02/frame_00204.png 1.59347 -0.56551 0.01341 0.99942 0.01593 0.02486 0.01724
/seq_02/frame_00181.png /seq_02/frame_00205.png 1.60986 -0.6343 0.0158 0.99937 0.01317 0.02417 0.02238
/seq_02/frame_00181.png /seq_02/frame_00206.png 1.62906 -0.69223 0.01893 0.99935 0.01582 0.02363 0.02229
/seq_02/frame_00181.png /seq_02/frame_00207.png 1.65449 -0.74508 0.0246 0.99916 0.02746 0.02181 0.02136
/seq_02/frame_00181.png /seq_02/frame_00208.png 1.73717 -0.8576 0.02848 0.99865 0.04479 0.01224 0.02343
/seq_02/frame_00181.png /seq_02/frame_00209.png 1.78741 -0.91633 0.02726 0.99787 0.05426 0.01509 0.03304
/seq_02/frame_00181.png /seq_02/frame_00210.png 1.82101 -0.96932 0.03114 0.99718 0.06723 0.01248 0.03077
/seq_02/frame_00211.png /seq_02/frame_00212.png 0.01199 -0.04986 0.00039 0.99997 -0.00369 -0.00503 -0.00362
/seq_02/frame_00211.png /seq_02/frame_00213.png 0.00309 -0.17161 0.00168 0.99951 -0.03113 0.0015 -0.00111
/seq_02/frame_00211.png /seq_02/frame_00214.png -0.01381 -0.23742 0.00505 0.99883 -0.04767 0.00587 0.00499
/seq_02/frame_00211.png /seq_02/frame_00215.png -0.02117 -0.29576 0.00336 0.99749 -0.06983 0.01138 0.00289
/seq_02/frame_00211.png /seq_02/frame_00216.png -0.01585 -0.33986 -0.00297 0.99572 -0.09069 0.01644 -0.00644
/seq_02/frame_00211.png /seq_02/frame_00217.png -0.00025 -0.37681 -0.01046 0.99364 -0.11044 0.02073 -0.00713
/seq_02/frame_00211.png /seq_02/frame_00218.png 0.05632 -0.45584 -0.01356 0.98567 -0.16741 0.01922 0.00762
/seq_02/frame_00211.png /seq_02/frame_00219.png 0.08377 -0.49245 -0.01667 0.98005 -0.1971 0.01905 0.01714
/seq_02/frame_00211.png /seq_02/frame_00220.png 0.08377 -0.49245 -0.01667 0.98005 -0.1971 0.01905 0.01714
/seq_02/frame_00211.png /seq_02/frame_00221.png 0.12374 -0.54791 -0.02395 0.95565 -0.29295 0.0301 0.00238
/seq_02/frame_00211.png /seq_02/frame_00222.png 0.12629 -0.58342 -0.02505 0.93836 -0.34397 0.03337 0.00705
/seq_02/frame_00211.png /seq_02/frame_00223.png 0.13387 -0.63612 -0.03348 0.90581 -0.42163 0.0406 0.00899
/seq_02/frame_00211.png /seq_02/frame_00224.png 0.14593 -0.62605 -0.03595 0.88827 -0.45699 0.04604 0.00518
/seq_02/frame_00211.png /seq_02/frame_00225.png 0.17767 -0.60732 -0.03292 0.87324 -0.48523 0.04455 0.00394
/seq_02/frame_00211.png /seq_02/frame_00226.png 0.19257 -0.56729 -0.0388 0.85958 -0.50946 0.03901 0.00681
/seq_02/frame_00211.png /seq_02/frame_00227.png 0.22983 -0.50131 -0.04902 0.83381 -0.55049 0.04016 0.01007
/seq_02/frame_00211.png /seq_02/frame_00228.png 0.23828 -0.47071 -0.05473 0.80465 -0.59181 0.04618 0.01291
/seq_02/frame_00211.png /seq_02/frame_00229.png 0.2448 -0.44814 -0.05516 0.76704 -0.63974 0.04688 0.01388
/seq_02/frame_00211.png /seq_02/frame_00230.png 0.25641 -0.43309 -0.05244 0.72043 -0.69216 0.03788 0.02175
/seq_02/frame_00211.png /seq_02/frame_00231.png 0.26634 -0.42418 -0.04857 -0.66445 0.74607 -0.03364 -0.02762
/seq_02/frame_00211.png /seq_02/frame_00232.png 0.27793 -0.4173 -0.04794 -0.5738 0.81751 -0.04119 -0.02719
/seq_02/frame_00211.png /seq_02/frame_00233.png 0.28175 -0.40524 -0.0391 -0.54468 0.83732 -0.0396 -0.02539
/seq_02/frame_00211.png /seq_02/frame_00234.png 0.26315 -0.37756 -0.03842 -0.51474 0.85593 -0.04547 -0.01884
/seq_02/frame_00211.png /seq_02/frame_00235.png 0.23916 -0.33663 -0.02923 -0.50025 0.86503 -0.03593 -0.0135
/seq_02/frame_00211.png /seq_02/frame_00236.png 0.2025 -0.28603 -0.02161 -0.49004 0.87123 -0.02797 -0.00674
/seq_02/frame_00211.png /seq_02/frame_00237.png 0.1158 -0.17821 -0.01996 -0.48383 0.8749 -0.02149 0.00185
/seq_02/frame_00211.png /seq_02/frame_00238.png 0.1158 -0.17821 -0.01996 -0.48383 0.8749 -0.02149 0.00185
/seq_02/frame_00211.png /seq_02/frame_00239.png 0.05969 -0.06444 -0.02417 -0.47474 0.8796 -0.03042 -0.00279
/seq_02/frame_00211.png /seq_02/frame_00240.png 0.05969 -0.06444 -0.02417 -0.47474 0.8796 -0.03042 -0.00279
/seq_02/frame_00241.png /seq_02/frame_00242.png -0.01352 0.16479 0.01187 0.99996 -0.00507 -0.00012 0.00728
/seq_02/frame_00241.png /seq_02/frame_00243.png -0.01913 0.2308 0.01126 0.99993 -0.00014 -0.00561 0.01032
/seq_02/frame_00241.png /seq_02/frame_00244.png -0.0355 0.29399 0.0052 0.99982 0.01206 -0.01032 0.00991
/seq_02/frame_00241.png /seq_02/frame_00245.png -0.0661 0.37911 0.00304 0.99966 0.02464 -0.00506 0.00653
/seq_02/frame_00241.png /seq_02/frame_00246.png -0.1418 0.54546 0.01036 0.99854 0.05308 0.00758 -0.00699
/seq_02/frame_00241.png /seq_02/frame_00247.png -0.16503 0.61227 0.00942 0.99807 0.06173 0.00105 -0.00638
/seq_02/frame_00241.png /seq_02/frame_00248.png -0.1788 0.68375 0.00743 0.99839 0.05612 0.00166 -0.0082
/seq_02/frame_00241.png /seq_02/frame_00249.png -0.18282 0.75972 0.01189 0.99837 0.05365 0.00394 -0.01917
/seq_02/frame_00241.png /seq_02/frame_00250.png -0.18282 0.75972 0.01189 0.99837 0.05365 0.00394 -0.01917
/seq_02/frame_00241.png /seq_02/frame_00251.png -0.16603 0.97152 0.03817 0.99746 0.05768 0.00035 -0.04171
/seq_02/frame_00241.png /seq_02/frame_00252.png -0.1735 1.02453 0.03437 0.99734 0.05908 -0.00301 -0.04259
/seq_02/frame_00241.png /seq_02/frame_00253.png -0.1735 1.02453 0.03437 0.99734 0.05908 -0.00301 -0.04259
/seq_02/frame_00241.png /seq_02/frame_00254.png -0.21084 1.1659 0.03783 0.99474 0.08052 0.00135 -0.06331
/seq_02/frame_00241.png /seq_02/frame_00255.png -0.24002 1.23491 0.04117 0.99285 0.09615 0.00077 -0.07072
/seq_02/frame_00241.png /seq_02/frame_00256.png -0.2776 1.35625 0.03506 0.99098 0.11808 -0.00276 -0.06329
/seq_02/frame_00241.png /seq_02/frame_00257.png -0.27883 1.42253 0.03286 0.99104 0.11859 0.00121 -0.0614
/seq_02/frame_00241.png /seq_02/frame_00258.png -0.27883 1.42253 0.03286 0.99104 0.11859 0.00121 -0.0614
/seq_02/frame_00241.png /seq_02/frame_00259.png -0.24395 1.58359 0.03916 0.98836 0.13765 -0.00146 -0.06472
/seq_02/frame_00241.png /seq_02/frame_00260.png -0.22143 1.65856 0.04242 0.98673 0.14213 0.00147 -0.07845
/seq_02/frame_00241.png /seq_02/frame_00261.png -0.20375 1.76987 0.04108 0.98621 0.15129 0.00073 -0.06704
/seq_02/frame_00241.png /seq_02/frame_00262.png -0.21145 1.82934 0.04024 0.98424 0.16519 0.00077 -0.06319
/seq_02/frame_00241.png /seq_02/frame_00263.png -0.22972 1.88895 0.03808 0.98092 0.18379 0.00904 -0.06278
/seq_02/frame_00241.png /seq_02/frame_00264.png -0.22972 1.88895 0.03808 0.98092 0.18379 0.00904 -0.06278
/seq_02/frame_00241.png /seq_02/frame_00265.png -0.30584 2.05113 0.0271 0.97279 0.22459 0.0151 -0.05488
/seq_02/frame_00241.png /seq_02/frame_00266.png -0.31586 2.0987 0.01997 0.97371 0.22393 0.01057 -0.04052
/seq_02/frame_00241.png /seq_02/frame_00267.png -0.31161 2.13802 0.01305 0.97338 0.22706 0.0042 -0.03095
/seq_02/frame_00241.png /seq_02/frame_00268.png -0.30021 2.1892 0.00382 0.97413 0.22536 0.00355 -0.01668
/seq_02/frame_00241.png /seq_02/frame_00269.png -0.28079 2.24095 -0.00148 0.97417 0.22574 0.00589 -0.00242
/seq_02/frame_00241.png /seq_02/frame_00270.png -0.24255 2.32249 -0.01192 0.97482 0.22227 0.00565 0.01694
/seq_02/frame_00271.png /seq_02/frame_00272.png 0.00453 0.02377 -0.00598 0.99998 0.00125 0.00278 0.00627
/seq_02/frame_00271.png /seq_02/frame_00273.png -0.01345 0.0221 -0.0156 0.99982 0.00544 0.00179 0.01816
/seq_02/frame_00271.png /seq_02/frame_00274.png -0.01345 0.0221 -0.0156 0.99982 0.00544 0.00179 0.01816
/seq_02/frame_00271.png /seq_02/frame_00275.png -0.10854 0.11315 -0.02641 0.99778 0.05929 0.0145 0.02682
/seq_02/frame_00271.png /seq_02/frame_00276.png -0.10854 0.11315 -0.02641 0.99778 0.05929 0.0145 0.02682
/seq_02/frame_00271.png /seq_02/frame_00277.png -0.18275 0.17052 -0.02968 0.99522 0.09136 0.02427 0.02442
/seq_02/frame_00271.png /seq_02/frame_00278.png -0.20825 0.19445 -0.03025 0.99327 0.1112 0.0232 0.02264
/seq_02/frame_00271.png /seq_02/frame_00279.png -0.23033 0.24364 -0.02461 0.99266 0.11861 0.01852 0.01487
/seq_02/frame_00271.png /seq_02/frame_00280.png -0.22306 0.27655 -0.02079 0.99292 0.11733 0.01634 0.00839
/seq_02/frame_00271.png /seq_02/frame_00281.png -0.22306 0.27655 -0.02079 0.99292 0.11733 0.01634 0.00839
/seq_02/frame_00271.png /seq_02/frame_00282.png -0.22306 0.27655 -0.02079 0.99292 0.11733 0.01634 0.00839
/seq_02/frame_00271.png /seq_02/frame_00283.png -0.22306 0.27655 -0.02079 0.99292 0.11733 0.01634 0.00839
/seq_02/frame_00271.png /seq_02/frame_00284.png -0.13604 0.46057 -0.00632 0.99514 0.09631 0.01757 -0.01046
/seq_02/frame_00271.png /seq_02/frame_00285.png -0.10777 0.51551 -0.01125 0.99694 0.07732 0.01081 0.00357
/seq_02/frame_00271.png /seq_02/frame_00286.png -0.10777 0.51551 -0.01125 0.99694 0.07732 0.01081 0.00357
/seq_02/frame_00271.png /seq_02/frame_00287.png -0.06821 0.58314 -0.01194 0.99891 0.04616 0.00059 0.00669
/seq_02/frame_00271.png /seq_02/frame_00288.png -0.04296 0.62579 -0.0114 0.99949 0.03008 -0.0081 0.00722
/seq_02/frame_00271.png /seq_02/frame_00289.png -0.00749 0.69778 -0.01538 0.9999 -0.00351 -0.01376 0.0022
/seq_02/frame_00271.png /seq_02/frame_00290.png -0.00141 0.72595 -0.01726 0.99982 -0.01006 -0.01509 0.00512
/seq_02/frame_00271.png /seq_02/frame_00291.png 0.00014 0.74704 -0.01509 0.9998 -0.01416 -0.01411 0.00181
/seq_02/frame_00271.png /seq_02/frame_00292.png 0.00315 0.76528 -0.01398 0.99973 -0.01772 -0.01498 0.00252
/seq_02/frame_00271.png /seq_02/frame_00293.png 0.00698 0.78464 -0.0126 0.99961 -0.02179 -0.01735 0.00233
/seq_02/frame_00271.png /seq_02/frame_00294.png 0.02584 0.81878 -0.00797 0.99946 -0.02004 -0.02608 0.00021
/seq_02/frame_00271.png /seq_02/frame_00295.png 0.04104 0.82587 -0.00496 0.99955 -0.02289 -0.01941 -0.00194
/seq_02/frame_00271.png /seq_02/frame_00296.png 0.07168 0.84997 -0.0066 0.99959 -0.02226 -0.01732 -0.00514
/seq_02/frame_00271.png /seq_02/frame_00297.png 0.07168 0.84997 -0.0066 0.99959 -0.02226 -0.01732 -0.00514
/seq_02/frame_00271.png /seq_02/frame_00298.png 0.20774 0.84855 -0.00184 0.99856 -0.05245 -0.0105 -0.00264
/seq_02/frame_00271.png /seq_02/frame_00299.png 0.26342 0.83706 0.00064 0.9977 -0.06695 -0.01091 -0.00147
/seq_02/frame_00271.png /seq_02/frame_00300.png 0.31279 0.82491 0.00266 0.99652 -0.0825 -0.0118 -0.00285
/seq_02/frame_00301.png /seq_02/frame_00302.png 0.02995 -0.00365 5e-05 0.99999 0.00494 0.00153 -0.00174
/seq_02/frame_00301.png /seq_02/frame_00303.png 0.08935 0.01494 0.00453 0.99967 0.024 1e-05 -0.00967
/seq_02/frame_00301.png /seq_02/frame_00304.png 0.11598 0.03291 0.00704 0.99951 0.02722 -0.00684 -0.0141
/seq_02/frame_00301.png /seq_02/frame_00305.png 0.11598 0.03291 0.00704 0.99951 0.02722 -0.00684 -0.0141
/seq_02/frame_00301.png /seq_02/frame_00306.png 0.18172 0.08025 0.01764 0.99863 0.02741 -0.0063 -0.04408
/seq_02/frame_00301.png /seq_02/frame_00307.png 0.21489 0.0952 0.02038 0.99785 0.03141 -0.00447 -0.05728
/seq_02/frame_00301.png /seq_02/frame_00308.png 0.28734 0.09089 0.03135 0.99686 0.01816 -0.00403 -0.07703
/seq_02/frame_00301.png /seq_02/frame_00309.png 0.3301 0.07193 0.03578 0.99685 0.00536 -0.00742 -0.07872
/seq_02/frame_00301.png /seq_02/frame_00310.png 0.38031 0.04924 0.04288 0.99652 -0.00027 -0.01324 -0.08226
/seq_02/frame_00301.png /seq_02/frame_00311.png 0.42636 0.02478 0.04935 0.99597 -0.00926 -0.00588 -0.08903
/seq_02/frame_00301.png /seq_02/frame_00312.png 0.46615 0.00089 0.05168 0.99558 -0.02252 -0.00127 -0.0912
/seq_02/frame_00301.png /seq_02/frame_00313.png 0.51619 -0.00578 0.05734 0.9939 -0.04349 0.0091 -0.10098
/seq_02/frame_00301.png /seq_02/frame_00314.png 0.52303 0.01815 0.05831 0.99221 -0.06233 0.01454 -0.10686
/seq_02/frame_00301.png /seq_02/frame_00315.png 0.52675 0.04714 0.05774 0.99048 -0.08116 0.01433 -0.11026
/seq_02/frame_00301.png /seq_02/frame_00316.png 0.52106 0.07512 0.06386 0.9868 -0.10653 0.01705 -0.12078
/seq_02/frame_00301.png /seq_02/frame_00317.png 0.51244 0.10127 0.06677 0.98378 -0.13264 0.0275 -0.11761
/seq_02/frame_00301.png /seq_02/frame_00318.png 0.4877 0.12642 0.06937 0.97657 -0.17977 0.03767 -0.11212
/seq_02/frame_00301.png /seq_02/frame_00319.png 0.4877 0.12642 0.06937 0.97657 -0.17977 0.03767 -0.11212
/seq_02/frame_00301.png /seq_02/frame_00320.png 0.46463 0.11772 0.07299 0.96675 -0.22131 0.05191 -0.11713
/seq_02/frame_00301.png /seq_02/frame_00321.png 0.46463 0.11772 0.07299 0.96675 -0.22131 0.05191 -0.11713
/seq_02/frame_00301.png /seq_02/frame_00322.png 0.45728 0.09221 0.08341 0.95381 -0.26949 0.05849 -0.11916
/seq_02/frame_00301.png /seq_02/frame_00323.png 0.43224 0.09348 0.0819 0.94945 -0.28383 0.05596 -0.12189
/seq_02/frame_00301.png /seq_02/frame_00324.png 0.43178 0.08429 0.0871 0.94604 -0.29459 0.05682 -0.12244
/seq_02/frame_00301.png /seq_02/frame_00325.png 0.43178 0.08429 0.0871 0.94604 -0.29459 0.05682 -0.12244
/seq_02/frame_00301.png /seq_02/frame_00326.png 0.39465 0.08723 0.08593 0.93532 -0.32065 0.05849 -0.13764
/seq_02/frame_00301.png /seq_02/frame_00327.png 0.40414 0.06005 0.09817 0.9279 -0.33243 0.06199 -0.15702
/seq_02/frame_00301.png /seq_02/frame_00328.png 0.40414 0.06005 0.09817 0.9279 -0.33243 0.06199 -0.15702
/seq_02/frame_00301.png /seq_02/frame_00329.png 0.45171 0.01464 0.10942 0.91604 -0.3594 0.06573 -0.16546
/seq_02/frame_00301.png /seq_02/frame_00330.png 0.45171 0.01464 0.10942 0.91604 -0.3594 0.06573 -0.16546
/seq_02/frame_00331.png /seq_02/frame_00332.png 0.0324 -0.05164 -0.00267 0.99918 -0.03854 -0.01218 -0.00134
/seq_02/frame_00331.png /seq_02/frame_00333.png 0.0324 -0.05164 -0.00267 0.99918 -0.03854 -0.01218 -0.00134
/seq_02/frame_00331.png /seq_02/frame_00334.png 0.04538 -0.09207 -0.0008 0.99713 -0.07456 -0.01317 -0.00062
/seq_02/frame_00331.png /seq_02/frame_00335.png 0.04345 -0.11565 0.00106 0.99624 -0.08573 -0.01095 -0.00515
/seq_02/frame_00331.png /seq_02/frame_00336.png 0.03731 -0.14394 -0.00124 0.99527 -0.0961 -0.01409 -0.00149
/seq_02/frame_00331.png /seq_02/frame_00337.png 0.01872 -0.22539 -0.01819 0.99233 -0.11987 -0.02382 0.01842
/seq_02/frame_00331.png /seq_02/frame_00338.png 0.01872 -0.22539 -0.01819 0.99233 -0.11987 -0.02382 0.01842
/seq_02/frame_00331.png /seq_02/frame_00339.png 0.01702 -0.30175 -0.02467 0.98929 -0.14001 -0.03413 0.023
/seq_02/frame_00331.png /seq_02/frame_00340.png 0.01702 -0.30175 -0.02467 0.98929 -0.14001 -0.03413 0.023
/seq_02/frame_00331.png /seq_02/frame_00341.png 0.02099 -0.32317 -0.02696 0.98547 -0.16385 -0.03603 0.02663
/seq_02/frame_00331.png /seq_02/frame_00342.png 0.05576 -0.32106 -0.02096 0.97947 -0.1965 -0.03758 0.02487
/seq_02/frame_00331.png /seq_02/frame_00343.png 0.05576 -0.32106 -0.02096 0.97947 -0.1965 -0.03758 0.02487
/seq_02/frame_00331.png /seq_02/frame_00344.png 0.10167 -0.31169 -0.01483 0.9738 -0.22379 -0.03528 0.01972
/seq_02/frame_00331.png /seq_02/frame_00345.png 0.10167 -0.31169 -0.01483 0.9738 -0.22379 -0.03528 0.01972
/seq_02/frame_00331.png /seq_02/frame_00346.png 0.16044 -0.31114 -0.01315 0.96577 -0.25685 -0.03231 0.01652
/seq_02/frame_00331.png /seq_02/frame_00347.png 0.17736 -0.31684 -0.01108 0.96173 -0.27127 -0.03492 0.01655
/seq_02/frame_00331.png /seq_02/frame_00348.png 0.18608 -0.3143 -0.01628 0.95813 -0.2831 -0.03868 0.0188
/seq_02/frame_00331.png /seq_02/frame_00349.png 0.19638 -0.31203 -0.01479 0.95597 -0.28962 -0.04347 0.01864
/seq_02/frame_00331.png /seq_02/frame_00350.png 0.19638 -0.31203 -0.01479 0.95597 -0.28962 -0.04347 0.01864
/seq_02/frame_00331.png /seq_02/frame_00351.png 0.20376 -0.30395 -0.02584 0.95323 -0.29434 -0.06286 0.02754
/seq_02/frame_00331.png /seq_02/frame_00352.png 0.19957 -0.30625 -0.03342 0.95063 -0.30036 -0.07166 0.03087
/seq_02/frame_00331.png /seq_02/frame_00353.png 0.19919 -0.31209 -0.03728 0.94667 -0.30972 -0.08141 0.03547
/seq_02/frame_00331.png /seq_02/frame_00354.png 0.19249 -0.31537 -0.04255 0.94253 -0.3204 -0.08663 0.03858
/seq_02/frame_00331.png /seq_02/frame_00355.png 0.19315 -0.3256 -0.05088 0.93876 -0.32713 -0.09794 0.0461
/seq_02/frame_00331.png /seq_02/frame_00356.png 0.19535 -0.32599 -0.05265 0.94062 -0.3213 -0.09977 0.04529
/seq_02/frame_00331.png /seq_02/frame_00357.png 0.19564 -0.32667 -0.05519 0.9416 -0.31744 -0.10186 0.0473
/seq_02/frame_00331.png /seq_02/frame_00358.png 0.18349 -0.32831 -0.05285 0.94243 -0.31404 -0.10454 0.04776
/seq_02/frame_00331.png /seq_02/frame_00359.png 0.19201 -0.33169 -0.06237 0.94346 -0.30803 -0.11013 0.0536
/seq_02/frame_00331.png /seq_02/frame_00360.png 0.17106 -0.33363 -0.06206 0.94591 -0.29689 -0.11567 0.061
/seq_02/frame_00361.png /seq_02/frame_00362.png -0.03318 -0.00362 -0.00215 0.99987 0.01615 -0.00065 0.0025
/seq_02/frame_00361.png /seq_02/frame_00363.png -0.07551 -0.01105 -0.00311 0.99941 0.03394 -0.00185 0.00473
/seq_02/frame_00361.png /seq_02/frame_00364.png -0.11836 -0.02411 -0.00876 0.99905 0.04288 -0.0061 0.0038
/seq_02/frame_00361.png /seq_02/frame_00365.png -0.18928 -0.05762 -0.01523 0.99854 0.05272 -0.00488 0.01041
/seq_02/frame_00361.png /seq_02/frame_00366.png -0.22111 -0.06786 -0.01384 0.99835 0.05594 -0.005 0.01188
/seq_02/frame_00361.png /seq_02/frame_00367.png -0.26268 -0.06416 -0.01425 0.99851 0.05259 -0.00866 0.01172
/seq_02/frame_00361.png /seq_02/frame_00368.png -0.31464 -0.05331 -0.01564 0.99871 0.04942 -0.00521 0.01031
/seq_02/frame_00361.png /seq_02/frame_00369.png -0.45536 -0.0219 -0.02354 0.99885 0.04583 -0.00451 0.01335
/seq_02/frame_00361.png /seq_02/frame_00370.png -0.52457 -0.00091 -0.02015 0.99808 0.06046 0.00141 0.01303
/seq_02/frame_00361.png /seq_02/frame_00371.png -0.52457 -0.00091 -0.02015 0.99808 0.06046 0.00141 0.01303
/seq_02/frame_00361.png /seq_02/frame_00372.png -0.63181 0.01867 -0.01883 0.99799 0.06305 -0.00282 0.00526
/seq_02/frame_00361.png /seq_02/frame_00373.png -0.68776 0.02058 -0.02267 0.99728 0.0734 -0.00695 -0.00046
/seq_02/frame_00361.png /seq_02/frame_00374.png -0.81736 0.00186 -0.01957 0.99402 0.10905 -0.00104 0.00587
/seq_02/frame_00361.png /seq_02/frame_00375.png -0.81736 0.00186 -0.01957 0.99402 0.10905 -0.00104 0.00587
/seq_02/frame_00361.png /seq_02/frame_00376.png -0.94078 -0.02293 -0.02329 0.98906 0.14689 0.00126 0.01353
/seq_02/frame_00361.png /seq_02/frame_00377.png -0.98795 -0.02928 -0.02958 0.98753 0.15682 0.00118 0.01419
/seq_02/frame_00361.png /seq_02/frame_00378.png -1.0327 -0.02593 -0.03503 0.98664 0.16242 -0.0032 0.01232
/seq_02/frame_00361.png /seq_02/frame_00379.png -1.0762 -0.00826 -0.04233 0.98665 0.1617 -0.00593 0.01851
/seq_02/frame_00361.png /seq_02/frame_00380.png -1.19023 0.04938 -0.04894 0.98069 0.19439 -0.00082 0.02159
/seq_02/frame_00361.png /seq_02/frame_00381.png -1.19023 0.04938 -0.04894 0.98069 0.19439 -0.00082 0.02159
/seq_02/frame_00361.png /seq_02/frame_00382.png -1.19023 0.04938 -0.04894 0.98069 0.19439 -0.00082 0.02159
/seq_02/frame_00361.png /seq_02/frame_00383.png -1.31892 0.10676 -0.0596 0.97176 0.23095 -0.02969 0.03831
/seq_02/frame_00361.png /seq_02/frame_00384.png -1.4292 0.12641 -0.06966 0.94968 0.3081 -0.02454 0.05072
/seq_02/frame_00361.png /seq_02/frame_00385.png -1.48475 0.13334 -0.07665 0.9338 0.35141 -0.02593 0.0621
/seq_02/frame_00361.png /seq_02/frame_00386.png -1.52177 0.14366 -0.07869 0.91616 0.3956 -0.02292 0.06026
/seq_02/frame_00361.png /seq_02/frame_00387.png -1.55498 0.15775 -0.08224 0.90248 0.42606 -0.02525 0.058
/seq_02/frame_00361.png /seq_02/frame_00388.png -1.59677 0.21959 -0.09141 0.86755 0.49331 -0.02293 0.05896
/seq_02/frame_00361.png /seq_02/frame_00389.png -1.61251 0.26423 -0.0953 0.84726 0.52648 -0.0242 0.06628
/seq_02/frame_00361.png /seq_02/frame_00390.png -1.61365 0.32063 -0.09582 0.82865 0.55594 -0.01769 0.06288
/seq_02/frame_00391.png /seq_02/frame_00392.png -0.0364 0.05756 0.00416 0.99883 0.04806 -0.0006 0.00566
/seq_02/frame_00391.png /seq_02/frame_00393.png -0.07307 0.14024 0.00315 0.99462 0.10326 -0.00264 0.00818
/seq_02/frame_00391.png /seq_02/frame_00394.png -0.09646 0.19489 0.00608 0.99052 0.13706 0.00211 0.00913
/seq_02/frame_00391.png /seq_02/frame_00395.png -0.12465 0.24874 0.00737 0.98607 0.16566 0.00878 0.01178
/seq_02/frame_00391.png /seq_02/frame_00396.png -0.15369 0.3023 0.00673 0.98263 0.18507 0.01115 0.00824
/seq_02/frame_00391.png /seq_02/frame_00397.png -0.15369 0.3023 0.00673 0.98263 0.18507 0.01115 0.00824
/seq_02/frame_00391.png /seq_02/frame_00398.png -0.21329 0.42705 -0.00183 0.97423 0.22484 0.00903 0.01553
/seq_02/frame_00391.png /seq_02/frame_00399.png -0.21881 0.47386 -0.00255 0.9726 0.23173 0.0052 0.018
/seq_02/frame_00391.png /seq_02/frame_00400.png -0.20715 0.52412 -0.00577 0.96884 0.2467 0.00366 0.022
/seq_02/frame_00391.png /seq_02/frame_00401.png -0.18206 0.55306 -0.00134 0.96554 0.25943 0.00914 0.01849
/seq_02/frame_00391.png /seq_02/frame_00402.png -0.18118 0.609 0.00127 0.96146 0.27446 0.00871 0.01411
/seq_02/frame_00391.png /seq_02/frame_00403.png -0.15418 0.67558 0.01113 0.96069 0.27698 0.01525 0.01128
/seq_02/frame_00391.png /seq_02/frame_00404.png -0.13347 0.69082 0.01501 0.96261 0.27046 0.01456 0.00535
/seq_02/frame_00391.png /seq_02/frame_00405.png -0.12774 0.71626 0.01179 0.96375 0.26615 0.01337 0.01345
/seq_02/frame_00391.png /seq_02/frame_00406.png -0.11946 0.75146 0.00895 0.96326 0.26749 0.01232 0.02095
/seq_02/frame_00391.png /seq_02/frame_00407.png -0.10191 0.84552 0.01137 0.96008 0.27858 0.00748 0.02432
/seq_02/frame_00391.png /seq_02/frame_00408.png -0.09843 0.89944 0.01464 0.96019 0.27825 0.0069 0.02373
/seq_02/frame_00391.png /seq_02/frame_00409.png -0.09464 0.94885 0.01432 0.9597 0.27982 0.00632 0.02522
/seq_02/frame_00391.png /seq_02/frame_00410.png -0.08882 0.99322 0.01321 0.95949 0.28068 0.00505 0.02387
/seq_02/frame_00391.png /seq_02/frame_00411.png -0.08444 1.02638 0.01101 0.95993 0.27903 0.00466 0.02548
/seq_02/frame_00391.png /seq_02/frame_00412.png -0.06529 1.08394 0.01367 0.96424 0.26344 -0.00365 0.02862
/seq_02/frame_00391.png /seq_02/frame_00413.png -0.06529 1.08394 0.01367 0.96424 0.26344 -0.00365 0.02862
/seq_02/frame_00391.png /seq_02/frame_00414.png -0.02652 1.14546 0.01897 0.969 0.24529 -0.00344 0.02949
/seq_02/frame_00391.png /seq_02/frame_00415.png -0.02652 1.14546 0.01897 0.969 0.24529 -0.00344 0.02949
/seq_02/frame_00391.png /seq_02/frame_00416.png 0.01079 1.19115 0.02579 0.97234 0.23194 -0.00792 0.0265
/seq_02/frame_00391.png /seq_02/frame_00417.png 0.0142 1.26526 0.02406 0.97192 0.23266 -0.00509 0.03491
/seq_02/frame_00391.png /seq_02/frame_00418.png -0.0006 1.30923 0.02692 0.9686 0.24698 -0.00513 0.0282
/seq_02/frame_00391.png /seq_02/frame_00419.png -0.0006 1.30923 0.02692 0.9686 0.24698 -0.00513 0.0282
/seq_02/frame_00391.png /seq_02/frame_00420.png -0.02697 1.40535 0.0265 0.96609 0.25566 -0.01078 0.0345
/seq_02/frame_00421.png /seq_02/frame_00422.png 0.05067 0.09026 -0.00348 0.99984 -0.01683 0.00127 -0.00533
/seq_02/frame_00421.png /seq_02/frame_00423.png 0.08603 0.128 -0.00582 0.99987 -0.01612 0.00141 -0.00186
/seq_02/frame_00421.png /seq_02/frame_00424.png 0.10349 0.15928 -0.00421 0.99965 -0.02573 0.00558 -0.00215
/seq_02/frame_00421.png /seq_02/frame_00425.png 0.10561 0.1857 0.00167 0.99945 -0.03269 0.00233 -0.00432
/seq_02/frame_00421.png /seq_02/frame_00426.png 0.08976 0.2668 -0.00128 0.99973 -0.02307 -1e-05 -0.00258
/seq_02/frame_00421.png /seq_02/frame_00427.png 0.07286 0.33002 -0.00286 0.99998 0.00064 0.00542 -0.00078
/seq_02/frame_00421.png /seq_02/frame_00428.png 0.05395 0.39034 -0.00498 0.99976 0.01915 0.01089 -0.00109
/seq_02/frame_00421.png /seq_02/frame_00429.png 0.03832 0.44676 -0.00594 0.99951 0.03048 0.00524 0.00556
/seq_02/frame_00421.png /seq_02/frame_00430.png 0.03832 0.44676 -0.00594 0.99951 0.03048 0.00524 0.00556
/seq_02/frame_00421.png /seq_02/frame_00431.png -0.00853 0.58503 0.00177 0.99916 0.04078 0.00341 -0.00144
/seq_02/frame_00421.png /seq_02/frame_00432.png -0.02379 0.62738 0.00344 0.99959 0.02849 0.00228 -0.00076
/seq_02/frame_00421.png /seq_02/frame_00433.png -0.02379 0.62738 0.00344 0.99959 0.02849 0.00228 -0.00076
/seq_02/frame_00421.png /seq_02/frame_00434.png -0.02909 0.71829 0.0003 0.99956 0.0273 0.00967 -0.00588
/seq_02/frame_00421.png /seq_02/frame_00435.png -0.01265 0.76106 0.0007 0.99893 0.04364 0.015 -0.00319
/seq_02/frame_00421.png /seq_02/frame_00436.png 0.0093 0.8695 0.01292 0.99724 0.07058 0.02192 -0.0074
/seq_02/frame_00421.png /seq_02/frame_00437.png 0.01702 0.90455 0.01842 0.99652 0.08038 0.0216 -0.00412
/seq_02/frame_00421.png /seq_02/frame_00438.png 0.02079 0.94088 0.02126 0.99504 0.09817 0.01606 0.00077
/seq_02/frame_00421.png /seq_02/frame_00439.png 0.01299 0.97326 0.02233 0.99228 0.12317 0.01443 -0.00164
/seq_02/frame_00421.png /seq_02/frame_00440.png 0.01299 0.97326 0.02233 0.99228 0.12317 0.01443 -0.00164
/seq_02/frame_00421.png /seq_02/frame_00441.png -0.03975 1.13421 0.03527 0.97751 0.20894 0.01662 -0.02305
/seq_02/frame_00421.png /seq_02/frame_00442.png -0.03975 1.13421 0.03527 0.97751 0.20894 0.01662 -0.02305
/seq_02/frame_00421.png /seq_02/frame_00443.png -0.03996 1.18198 0.03347 0.97169 0.23412 0.01586 -0.02756
/seq_02/frame_00421.png /seq_02/frame_00444.png -0.01933 1.20937 0.0346 0.9701 0.24047 0.01472 -0.02944
/seq_02/frame_00421.png /seq_02/frame_00445.png 0.04105 1.3173 0.04057 0.96073 0.27341 0.02399 -0.04096
/seq_02/frame_00421.png /seq_02/frame_00446.png 0.06867 1.32485 0.03981 0.95609 0.2885 0.02097 -0.04722
/seq_02/frame_00421.png /seq_02/frame_00447.png 0.06867 1.32485 0.03981 0.95609 0.2885 0.02097 -0.04722
/seq_02/frame_00421.png /seq_02/frame_00448.png 0.11339 1.35887 0.03722 0.94551 0.31988 0.03045 -0.05255
/seq_02/frame_00421.png /seq_02/frame_00449.png 0.13061 1.39356 0.04017 0.94188 0.3312 0.02882 -0.04823
/seq_02/frame_00421.png /seq_02/frame_00450.png 0.17583 1.43927 0.02807 0.92643 0.37185 0.03468 -0.04743
/seq_02/frame_00451.png /seq_02/frame_00452.png 0.0182 0.0416 0.00236 0.99927 0.03813 0.00037 0.00193
/seq_02/frame_00451.png /seq_02/frame_00453.png 0.0346 0.08571 0.00385 0.99749 0.07081 -0.00104 -0.00092
/seq_02/frame_00451.png /seq_02/frame_00454.png 0.04671 0.1265 0.00321 0.99537 0.09605 -0.00142 -0.00305
/seq_02/frame_00451.png /seq_02/frame_00455.png 0.0565 0.15696 0.00059 0.99278 0.11985 0.00032 -0.0053
/seq_02/frame_00451.png /seq_02/frame_00456.png 0.0712 0.18798 -0.01113 0.98773 0.15598 0.00817 0.0008
/seq_02/frame_00451.png /seq_02/frame_00457.png 0.07967 0.19656 -0.01168 0.98482 0.17348 0.00526 -0.00257
/seq_02/frame_00451.png /seq_02/frame_00458.png 0.09397 0.21297 -0.01335 0.98236 0.18678 0.00631 -0.00679
/seq_02/frame_00451.png /seq_02/frame_00459.png 0.09397 0.21297 -0.01335 0.98236 0.18678 0.00631 -0.00679
/seq_02/frame_00451.png /seq_02/frame_00460.png 0.09397 0.21297 -0.01335 0.98236 0.18678 0.00631 -0.00679
/seq_02/frame_00451.png /seq_02/frame_00461.png 0.09397 0.21297 -0.01335 0.98236 0.18678 0.00631 -0.00679
/seq_02/frame_00451.png /seq_02/frame_00462.png 0.19124 0.33741 -0.02744 0.96128 0.27407 0.02233 -0.0182
/seq_02/frame_00451.png /seq_02/frame_00463.png 0.19976 0.35322 -0.03056 0.95614 0.2904 0.0327 -0.02001
/seq_02/frame_00451.png /seq_02/frame_00464.png 0.20995 0.393 -0.03467 0.93953 0.34046 0.03202 -0.01849
/seq_02/frame_00451.png /seq_02/frame_00465.png 0.21827 0.42912 -0.0385 0.92415 0.38 0.03656 -0.01431
/seq_02/frame_00451.png /seq_02/frame_00466.png 0.23539 0.47394 -0.03863 0.90989 0.41278 0.03872 -0.01429
/seq_02/frame_00451.png /seq_02/frame_00467.png 0.2553 0.51235 -0.03803 0.89821 0.4381 0.03388 -0.01169
/seq_02/frame_00451.png /seq_02/frame_00468.png 0.27709 0.54546 -0.04186 0.88294 0.46769 0.04098 0.00054
/seq_02/frame_00451.png /seq_02/frame_00469.png 0.30424 0.5659 -0.04201 0.85742 0.51301 0.0403 0.00543
/seq_02/frame_00451.png /seq_02/frame_00470.png 0.32224 0.57703 -0.04129 0.84691 0.5297 0.0458 0.00829
/seq_02/frame_00451.png /seq_02/frame_00471.png 0.32224 0.57703 -0.04129 0.84691 0.5297 0.0458 0.00829
/seq_02/frame_00451.png /seq_02/frame_00472.png 0.34538 0.56864 -0.04268 0.8405 0.53994 0.04361 0.01066
/seq_02/frame_00451.png /seq_02/frame_00473.png 0.36149 0.55881 -0.04194 0.83728 0.54516 0.041 0.00893
/seq_02/frame_00451.png /seq_02/frame_00474.png 0.41894 0.53527 -0.03553 0.81207 0.58303 0.02484 0.00227
/seq_02/frame_00451.png /seq_02/frame_00475.png 0.41894 0.53527 -0.03553 0.81207 0.58303 0.02484 0.00227
/seq_02/frame_00451.png /seq_02/frame_00476.png 0.48355 0.53272 -0.0253 0.78139 0.62388 0.01364 0.00538
/seq_02/frame_00451.png /seq_02/frame_00477.png 0.48355 0.53272 -0.0253 0.78139 0.62388 0.01364 0.00538
/seq_02/frame_00451.png /seq_02/frame_00478.png 0.5139 0.534 -0.01269 0.75671 0.65353 0.00071 0.01728
/seq_02/frame_00451.png /seq_02/frame_00479.png 0.53539 0.51691 -0.00611 0.71628 0.69731 -0.00329 0.02631
/seq_02/frame_00451.png /seq_02/frame_00480.png 0.53539 0.51691 -0.00611 0.71628 0.69731 -0.00329 0.02631
/seq_02/frame_00481.png /seq_02/frame_00482.png 0.00047 -0.01317 0.00284 0.99956 0.0296 -0.00091 0.00175
/seq_02/frame_00481.png /seq_02/frame_00483.png -0.01166 -0.0287 0.00359 0.99731 0.0731 -0.00071 0.00513
/seq_02/frame_00481.png /seq_02/frame_00484.png -0.02645 -0.03505 0.00266 0.99549 0.09411 -0.01183 0.00331
/seq_02/frame_00481.png /seq_02/frame_00485.png -0.04183 -0.04071 0.00182 0.99311 0.11633 -0.01423 0.00253
/seq_02/frame_00481.png /seq_02/frame_00486.png -0.05754 -0.04624 0.00233 0.99073 0.13475 -0.01538 0.008
/seq_02/frame_00481.png /seq_02/frame_00487.png -0.07484 -0.0502 0.00145 0.98749 0.15654 -0.01514 0.01136
/seq_02/frame_00481.png /seq_02/frame_00488.png -0.10129 -0.05791 -0.00088 0.9811 0.19244 -0.01813 0.00901
/seq_02/frame_00481.png /seq_02/frame_00489.png -0.11346 -0.05907 0.00024 0.97814 0.20668 -0.0193 0.01202
/seq_02/frame_00481.png /seq_02/frame_00490.png -0.11346 -0.05907 0.00024 0.97814 0.20668 -0.0193 0.01202
/seq_02/frame_00481.png /seq_02/frame_00491.png -0.14179 -0.05743 0.00038 0.97209 0.23317 -0.02091 0.01557
/seq_02/frame_00481.png /seq_02/frame_00492.png -0.14179 -0.05743 0.00038 0.97209 0.23317 -0.02091 0.01557
/seq_02/frame_00481.png /seq_02/frame_00493.png -0.17726 -0.04905 0.00211 0.96212 0.27028 -0.01965 0.02989
/seq_02/frame_00481.png /seq_02/frame_00494.png -0.1896 -0.04354 0.00489 0.95693 0.28742 -0.01533 0.03789
/seq_02/frame_00481.png /seq_02/frame_00495.png -0.20501 -0.03757 0.00747 0.95144 0.30475 -0.01259 0.04154
/seq_02/frame_00481.png /seq_02/frame_00496.png -0.21842 -0.03318 0.00559 0.94806 0.31556 -0.00879 0.03893
/seq_02/frame_00481.png /seq_02/frame_00497.png -0.25077 -0.01952 0.01192 0.93582 0.34947 -0.00657 0.04541
/seq_02/frame_00481.png /seq_02/frame_00498.png -0.26616 -0.01436 0.01494 0.92804 0.36942 -0.00409 0.04741
/seq_02/frame_00481.png /seq_02/frame_00499.png -0.27931 -0.01284 0.01621 0.91977 0.38941 -0.00179 0.04881
/seq_02/frame_00481.png /seq_02/frame_00500.png -0.2895 -0.00893 0.0186 0.91408 0.40214 -0.00016 0.05239
/seq_02/frame_00481.png /seq_02/frame_00501.png -0.2995 -0.00479 0.0215 0.91098 0.40867 -0.00453 0.05556
/seq_02/frame_00481.png /seq_02/frame_00502.png -0.32378 0.00841 0.02144 0.89759 0.43743 0.00181 0.05467
/seq_02/frame_00481.png /seq_02/frame_00503.png -0.32378 0.00841 0.02144 0.89759 0.43743 0.00181 0.05467
/seq_02/frame_00481.png /seq_02/frame_00504.png -0.34491 0.02075 0.01962 0.88636 0.45976 0.01297 0.05319
/seq_02/frame_00481.png /seq_02/frame_00505.png -0.34491 0.02075 0.01962 0.88636 0.45976 0.01297 0.05319
/seq_02/frame_00481.png /seq_02/frame_00506.png -0.34491 0.02075 0.01962 0.88636 0.45976 0.01297 0.05319
/seq_02/frame_00481.png /seq_02/frame_00507.png -0.39374 0.04028 0.02075 0.8704 0.48779 0.03358 0.05775
/seq_02/frame_00481.png /seq_02/frame_00508.png -0.40641 0.04284 0.02416 0.86754 0.49193 0.03763 0.06302
/seq_02/frame_00481.png /seq_02/frame_00509.png -0.42058 0.04445 0.02763 0.86519 0.49505 0.04304 0.06725
/seq_02/frame_00481.png /seq_02/frame_00510.png -0.43412 0.04712 0.03216 0.86129 0.49949 0.05106 0.07806
/seq_02/frame_00511.png /seq_02/frame_00512.png -0.02955 -0.0072 0.00876 0.99954 -0.00399 0.02927 0.00635
/seq_02/frame_00511.png /seq_02/frame_00513.png -0.06116 -0.01509 0.00834 0.99941 -0.00712 0.03323 0.00532
/seq_02/frame_00511.png /seq_02/frame_00514.png -0.10005 -0.02739 0.01207 0.99877 -0.01862 0.04393 0.01344
/seq_02/frame_00511.png /seq_02/frame_00515.png -0.14169 -0.03716 0.01725 0.99827 -0.03669 0.042 0.01864
/seq_02/frame_00511.png /seq_02/frame_00516.png -0.18529 -0.03331 0.02022 0.99832 -0.03268 0.04483 0.01653
/seq_02/frame_00511.png /seq_02/frame_00517.png -0.26479 -0.02159 0.03386 0.99816 -0.02689 0.04725 0.02699
/seq_02/frame_00511.png /seq_02/frame_00518.png -0.30238 -0.02593 0.03986 0.99849 -0.0174 0.04554 0.02529
/seq_02/frame_00511.png /seq_02/frame_00519.png -0.33551 -0.03424 0.04064 0.99875 -0.01774 0.03787 0.0273
/seq_02/frame_00511.png /seq_02/frame_00520.png -0.36916 -0.04954 0.03946 0.99931 -0.00937 0.03098 0.01836
/seq_02/frame_00511.png /seq_02/frame_00521.png -0.43659 -0.08767 0.03206 0.99929 0.02359 0.02372 0.01728
/seq_02/frame_00511.png /seq_02/frame_00522.png -0.47051 -0.10807 0.02512 0.99917 0.03474 0.01854 0.01034
/seq_02/frame_00511.png /seq_02/frame_00523.png -0.47051 -0.10807 0.02512 0.99917 0.03474 0.01854 0.01034
/seq_02/frame_00511.png /seq_02/frame_00524.png -0.52607 -0.14237 0.01317 0.9985 0.05238 0.01552 -0.00446
/seq_02/frame_00511.png /seq_02/frame_00525.png -0.55268 -0.15364 0.00863 0.99764 0.06741 0.0124 -0.00275
/seq_02/frame_00511.png /seq_02/frame_00526.png -0.56767 -0.14861 0.00327 0.99542 0.09531 -0.00559 -0.00547
/seq_02/frame_00511.png /seq_02/frame_00527.png -0.56767 -0.14861 0.00327 0.99542 0.09531 -0.00559 -0.00547
/seq_02/frame_00511.png /seq_02/frame_00528.png -0.53291 -0.12788 0.01478 0.99345 0.11369 -0.01127 0.00121
/seq_02/frame_00511.png /seq_02/frame_00529.png -0.53291 -0.12788 0.01478 0.99345 0.11369 -0.01127 0.00121
/seq_02/frame_00511.png /seq_02/frame_00530.png -0.47878 -0.0899 0.02207 0.99121 0.13136 -0.0137 0.00752
/seq_02/frame_00511.png /seq_02/frame_00531.png -0.43497 -0.05343 0.01537 0.99021 0.13845 -0.01659 0.0067
/seq_02/frame_00511.png /seq_02/frame_00532.png -0.41942 -0.03761 0.00919 0.99031 0.13621 -0.02634 0.0055
/seq_02/frame_00511.png /seq_02/frame_00533.png -0.40847 -0.02487 0.00617 0.98932 0.14256 -0.02964 0.00683
/seq_02/frame_00511.png /seq_02/frame_00534.png -0.40558 -0.02011 0.00209 0.98796 0.15093 -0.03345 0.00559
/seq_02/frame_00511.png /seq_02/frame_00535.png -0.42027 -0.04909 -0.01398 0.98695 0.15126 -0.05377 -0.01282
/seq_02/frame_00511.png /seq_02/frame_00536.png -0.44456 -0.07626 -0.01498 0.98673 0.15221 -0.05548 -0.01052
/seq_02/frame_00511.png /seq_02/frame_00537.png -0.47964 -0.11352 -0.01489 0.98632 0.15457 -0.05628 -0.01051
/seq_02/frame_00511.png /seq_02/frame_00538.png -0.51257 -0.15123 -0.01608 0.98787 0.14742 -0.04579 -0.01689
/seq_02/frame_00511.png /seq_02/frame_00539.png -0.51257 -0.15123 -0.01608 0.98787 0.14742 -0.04579 -0.01689
/seq_02/frame_00511.png /seq_02/frame_00540.png -0.55264 -0.21443 -0.01656 0.98937 0.13561 -0.04961 -0.01712
/seq_02/frame_00541.png /seq_02/frame_00542.png 0.00786 -0.06643 -0.00146 0.99969 0.02045 -0.01344 -0.00354
/seq_02/frame_00541.png /seq_02/frame_00543.png 0.00786 -0.06643 -0.00146 0.99969 0.02045 -0.01344 -0.00354
/seq_02/frame_00541.png /seq_02/frame_00544.png 0.02202 -0.18146 -0.0138 0.99855 0.04475 -0.02984 -0.00098
/seq_02/frame_00541.png /seq_02/frame_00545.png -0.00752 -0.25995 -0.03977 0.99699 0.05514 -0.05181 -0.01708
/seq_02/frame_00541.png /seq_02/frame_00546.png -0.00752 -0.25995 -0.03977 0.99699 0.05514 -0.05181 -0.01708
/seq_02/frame_00541.png /seq_02/frame_00547.png -0.08742 -0.33692 -0.06451 0.99481 0.06624 -0.07505 -0.01809
/seq_02/frame_00541.png /seq_02/frame_00548.png -0.08742 -0.33692 -0.06451 0.99481 0.06624 -0.07505 -0.01809
/seq_02/frame_00541.png /seq_02/frame_00549.png -0.17909 -0.4074 -0.07674 0.99278 0.07682 -0.08792 -0.02751
/seq_02/frame_00541.png /seq_02/frame_00550.png -0.23304 -0.46728 -0.08634 0.99112 0.07505 -0.10394 -0.03517
/seq_02/frame_00541.png /seq_02/frame_00551.png -0.23304 -0.46728 -0.08634 0.99112 0.07505 -0.10394 -0.03517
/seq_02/frame_00541.png /seq_02/frame_00552.png -0.29251 -0.56631 -0.1016 0.98726 0.10278 -0.11767 -0.03028
/seq_02/frame_00541.png /seq_02/frame_00553.png -0.29251 -0.56631 -0.1016 0.98726 0.10278 -0.11767 -0.03028
/seq_02/frame_00541.png /seq_02/frame_00554.png -0.33929 -0.66362 -0.11221 0.98222 0.13654 -0.12486 -0.03166
/seq_02/frame_00541.png /seq_02/frame_00555.png -0.39984 -0.72043 -0.11619 0.98505 0.12446 -0.11684 -0.02317
/seq_02/frame_00541.png /seq_02/frame_00556.png -0.39984 -0.72043 -0.11619 0.98505 0.12446 -0.11684 -0.02317
/seq_02/frame_00541.png /seq_02/frame_00557.png -0.50673 -0.7338 -0.11369 0.99098 0.0797 -0.10445 -0.02635
/seq_02/frame_00541.png /seq_02/frame_00558.png -0.56617 -0.72893 -0.11034 0.99318 0.05865 -0.09644 -0.02914
/seq_02/frame_00541.png /seq_02/frame_00559.png -0.64956 -0.71639 -0.09771 0.99583 0.04903 -0.07426 -0.02014
/seq_02/frame_00541.png /seq_02/frame_00560.png -0.68492 -0.71747 -0.09385 0.99569 0.05396 -0.07438 -0.01248
/seq_02/frame_00541.png /seq_02/frame_00561.png -0.72236 -0.72797 -0.09138 0.99588 0.05493 -0.07124 -0.01167
/seq_02/frame_00541.png /seq_02/frame_00562.png -0.76255 -0.74968 -0.08807 0.99694 0.04766 -0.06011 -0.01506
/seq_02/frame_00541.png /seq_02/frame_00563.png -0.8088 -0.78266 -0.08602 0.9976 0.03284 -0.05288 -0.03049
/seq_02/frame_00541.png /seq_02/frame_00564.png -0.89621 -0.84793 -0.0888 0.99708 -0.0099 -0.0602 -0.04583
/seq_02/frame_00541.png /seq_02/frame_00565.png -0.89621 -0.84793 -0.0888 0.99708 -0.0099 -0.0602 -0.04583
/seq_02/frame_00541.png /seq_02/frame_00566.png -0.95461 -0.86656 -0.0904 0.99543 -0.05363 -0.06841 -0.03949
/seq_02/frame_00541.png /seq_02/frame_00567.png -0.95461 -0.86656 -0.0904 0.99543 -0.05363 -0.06841 -0.03949
/seq_02/frame_00541.png /seq_02/frame_00568.png -1.07181 -0.80128 -0.08067 0.99235 -0.10462 -0.05309 -0.03842
/seq_02/frame_00541.png /seq_02/frame_00569.png -1.11628 -0.76646 -0.08031 0.99187 -0.10816 -0.05819 -0.03334
/seq_02/frame_00541.png /seq_02/frame_00570.png -1.15194 -0.74197 -0.07682 0.99336 -0.09699 -0.05672 -0.02484
/seq_02/frame_00571.png /seq_02/frame_00572.png -0.02546 0.00021 -0.00151 0.99981 0.01813 -0.00636 0.00177
/seq_02/frame_00571.png /seq_02/frame_00573.png -0.09725 -0.03522 0.01127 0.99824 0.05827 0.00748 0.008
/seq_02/frame_00571.png /seq_02/frame_00574.png -0.1246 -0.06499 0.01948 0.99701 0.07434 0.01878 0.00982
/seq_02/frame_00571.png /seq_02/frame_00575.png -0.14892 -0.09217 0.02257 0.99569 0.0882 0.02438 0.0149
/seq_02/frame_00571.png /seq_02/frame_00576.png -0.16826 -0.11219 0.02155 0.99414 0.10441 0.02186 0.01777
/seq_02/frame_00571.png /seq_02/frame_00577.png -0.1833 -0.12052 0.0211 0.99074 0.13334 0.0201 0.01597
/seq_02/frame_00571.png /seq_02/frame_00578.png -0.19795 -0.12163 0.02415 0.98628 0.16249 0.01867 0.02254
/seq_02/frame_00571.png /seq_02/frame_00579.png -0.22235 -0.11104 0.0319 0.97518 0.21674 0.03591 0.02744
/seq_02/frame_00571.png /seq_02/frame_00580.png -0.23751 -0.10339 0.03339 0.96834 0.24494 0.03707 0.03084
/seq_02/frame_00571.png /seq_02/frame_00581.png -0.25521 -0.09546 0.03558 0.96226 0.26738 0.03681 0.03478
/seq_02/frame_00571.png /seq_02/frame_00582.png -0.27562 -0.08236 0.03566 0.95533 0.29102 0.03571 0.03713
/seq_02/frame_00571.png /seq_02/frame_00583.png -0.3321 -0.04669 0.03134 0.94672 0.31804 0.03639 0.03528
/seq_02/frame_00571.png /seq_02/frame_00584.png -0.36614 -0.02711 0.0345 0.94313 0.32809 0.04466 0.02957
/seq_02/frame_00571.png /seq_02/frame_00585.png -0.39821 -0.00658 0.03843 0.93926 0.33837 0.05367 0.0205
/seq_02/frame_00571.png /seq_02/frame_00586.png -0.42262 0.01169 0.03994 0.93559 0.34691 0.06273 0.01979
/seq_02/frame_00571.png /seq_02/frame_00587.png -0.42719 0.01391 0.04594 0.9288 0.36284 0.07352 0.01652
/seq_02/frame_00571.png /seq_02/frame_00588.png -0.41057 -0.00194 0.05669 0.92404 0.37139 0.08976 0.0127
/seq_02/frame_00571.png /seq_02/frame_00589.png -0.38871 -0.0184 0.06885 0.91878 0.37977 0.10685 0.01403
/seq_02/frame_00571.png /seq_02/frame_00590.png -0.36655 -0.03157 0.0807 0.91433 0.38482 0.12511 0.01629
/seq_02/frame_00571.png /seq_02/frame_00591.png -0.34577 -0.04262 0.09351 0.91206 0.38286 0.14563 0.01897
/seq_02/frame_00571.png /seq_02/frame_00592.png -0.31085 -0.05804 0.11567 0.90891 0.37445 0.18276 0.01628
/seq_02/frame_00571.png /seq_02/frame_00593.png -0.2931 -0.06391 0.12426 0.90531 0.37408 0.20062 0.01527
/seq_02/frame_00571.png /seq_02/frame_00594.png -0.28358 -0.06363 0.13339 0.90578 0.36501 0.21414 0.02166
/seq_02/frame_00571.png /seq_02/frame_00595.png -0.2729 -0.06536 0.1407 0.90331 0.36252 0.22813 0.02366
/seq_02/frame_00571.png /seq_02/frame_00596.png -0.259 -0.06877 0.1466 0.90195 0.35961 0.23775 0.02517
/seq_02/frame_00571.png /seq_02/frame_00597.png -0.24452 -0.06774 0.15856 0.89899 0.35355 0.25717 0.02623
/seq_02/frame_00571.png /seq_02/frame_00598.png -0.25351 -0.0648 0.16246 0.89866 0.34861 0.26481 0.02764
/seq_02/frame_00571.png /seq_02/frame_00599.png -0.23069 -0.06267 0.16905 0.89682 0.34413 0.27644 0.02943
/seq_02/frame_00571.png /seq_02/frame_00600.png -0.23765 -0.06118 0.17232 0.89743 0.33889 0.28059 0.03209
/seq_02/frame_00601.png /seq_02/frame_00602.png 0.00072 0.00834 0.00431 0.99993 -0.01157 0.00312 -0.00158
/seq_02/frame_00601.png /seq_02/frame_00603.png 0.01686 0.0245 0.00305 0.99978 -0.02059 0.00346 -0.00207
/seq_02/frame_00601.png /seq_02/frame_00604.png -0.02905 0.04477 0.00854 0.99921 -0.03957 -0.001 -0.0017
/seq_02/frame_00601.png /seq_02/frame_00605.png -0.04865 0.07393 0.01484 0.99874 -0.04889 0.0084 -0.00702
/seq_02/frame_00601.png /seq_02/frame_00606.png -0.08516 0.12901 0.01929 0.99692 -0.0751 0.02114 -0.0076
/seq_02/frame_00601.png /seq_02/frame_00607.png -0.10454 0.1459 0.0177 0.99581 -0.09005 0.01421 -0.00737
/seq_02/frame_00601.png /seq_02/frame_00608.png -0.12396 0.15563 0.01659 0.99535 -0.09531 0.01153 -0.0085
/seq_02/frame_00601.png /seq_02/frame_00609.png -0.14693 0.15266 0.01416 0.99504 -0.09858 0.00961 -0.00949
/seq_02/frame_00601.png /seq_02/frame_00610.png -0.17207 0.13839 0.01207 0.99479 -0.10137 0.0053 -0.00944
/seq_02/frame_00601.png /seq_02/frame_00611.png -0.24812 0.08134 0.0118 0.99449 -0.10478 0.00241 -0.0018
/seq_02/frame_00601.png /seq_02/frame_00612.png -0.28611 0.04871 0.00923 0.99404 -0.10874 -0.00705 -0.00073
/seq_02/frame_00601.png /seq_02/frame_00613.png -0.31663 0.01862 0.00329 0.99383 -0.1104 -0.00914 -0.00529
/seq_02/frame_00601.png /seq_02/frame_00614.png -0.34371 -0.00186 -0.00702 0.9934 -0.11265 -0.02112 -0.00515
/seq_02/frame_00601.png /seq_02/frame_00615.png -0.3687 -0.00785 -0.01878 0.99276 -0.1138 -0.03838 -0.00323
/seq_02/frame_00601.png /seq_02/frame_00616.png -0.4312 -0.00673 -0.04153 0.98909 -0.12812 -0.07248 -0.00615
/seq_02/frame_00601.png /seq_02/frame_00617.png -0.48079 0.00094 -0.0515 0.98643 -0.14448 -0.07748 -0.00896
/seq_02/frame_00601.png /seq_02/frame_00618.png -0.5431 0.01284 -0.05822 0.98233 -0.16411 -0.08906 -0.01257
/seq_02/frame_00601.png /seq_02/frame_00619.png -0.59851 0.03245 -0.06135 0.97805 -0.18339 -0.09749 -0.01686
/seq_02/frame_00601.png /seq_02/frame_00620.png -0.64803 0.05154 -0.0666 0.9732 -0.20208 -0.10783 -0.02069
/seq_02/frame_00601.png /seq_02/frame_00621.png -0.70932 0.07302 -0.07902 0.96709 -0.22122 -0.12301 -0.02578
/seq_02/frame_00601.png /seq_02/frame_00622.png -0.7364 0.07428 -0.08693 0.96399 -0.22901 -0.13196 -0.02948
/seq_02/frame_00601.png /seq_02/frame_00623.png -0.7364 0.07428 -0.08693 0.96399 -0.22901 -0.13196 -0.02948
/seq_02/frame_00601.png /seq_02/frame_00624.png -0.7364 0.07428 -0.08693 0.96399 -0.22901 -0.13196 -0.02948
/seq_02/frame_00601.png /seq_02/frame_00625.png -0.90678 0.03916 -0.10303 0.94709 -0.2713 -0.16067 -0.06009
/seq_02/frame_00601.png /seq_02/frame_00626.png -0.90678 0.03916 -0.10303 0.94709 -0.2713 -0.16067 -0.06009
/seq_02/frame_00601.png /seq_02/frame_00627.png -0.99227 0.01888 -0.12139 0.93446 -0.29583 -0.18303 -0.07595
/seq_02/frame_00601.png /seq_02/frame_00628.png -1.01678 0.01116 -0.1316 0.9283 -0.30622 -0.19661 -0.07634
/seq_02/frame_00601.png /seq_02/frame_00629.png -1.02982 0.00905 -0.13602 0.92318 -0.31784 -0.20222 -0.07635
/seq_02/frame_00601.png /seq_02/frame_00630.png -1.05725 0.03068 -0.13027 0.90708 -0.36261 -0.19559 -0.08643
/seq_02/frame_00631.png /seq_02/frame_00632.png 0.0 0.0 0.0 1.0 0.0 0.0 0.0
/seq_02/frame_00631.png /seq_02/frame_00633.png -0.03837 0.06823 0.00372 0.99926 -0.03715 0.00204 0.00993
/seq_02/frame_00631.png /seq_02/frame_00634.png -0.0501 0.09463 0.00206 0.99849 -0.05428 0.00156 0.00802
/seq_02/frame_00631.png /seq_02/frame_00635.png -0.05009 0.15035 0.00264 0.99495 -0.09994 -0.00068 0.00974
/seq_02/frame_00631.png /seq_02/frame_00636.png -0.05009 0.15035 0.00264 0.99495 -0.09994 -0.00068 0.00974
/seq_02/frame_00631.png /seq_02/frame_00637.png -0.02127 0.19198 0.00771 0.99207 -0.12454 0.00269 0.0165
/seq_02/frame_00631.png /seq_02/frame_00638.png 0.00709 0.21809 0.01097 0.99052 -0.135 -0.00022 0.02543
/seq_02/frame_00631.png /seq_02/frame_00639.png 0.08375 0.27572 0.00381 0.98548 -0.1685 0.00672 0.01997
/seq_02/frame_00631.png /seq_02/frame_00640.png 0.11521 0.29907 -0.00108 0.97949 -0.20058 0.00171 0.01913
/seq_02/frame_00631.png /seq_02/frame_00641.png 0.14311 0.3196 -0.00363 0.97181 -0.23504 -0.00245 0.01826
/seq_02/frame_00631.png /seq_02/frame_00642.png 0.16478 0.33209 0.00017 0.96258 -0.27038 -0.00664 0.01688
/seq_02/frame_00631.png /seq_02/frame_00643.png 0.18772 0.34829 -8e-05 0.95193 -0.30592 -0.00279 0.01525
/seq_02/frame_00631.png /seq_02/frame_00644.png 0.22694 0.36536 0.0079 0.92381 -0.38181 -0.00273 0.02826
/seq_02/frame_00631.png /seq_02/frame_00645.png 0.23912 0.37017 0.01121 0.90864 -0.41624 -0.00515 0.03302
/seq_02/frame_00631.png /seq_02/frame_00646.png 0.23559 0.36564 0.01416 0.89599 -0.44296 -0.00623 0.03075
/seq_02/frame_00631.png /seq_02/frame_00647.png 0.25354 0.37382 0.01267 0.88491 -0.46482 -0.00636 0.02905
/seq_02/frame_00631.png /seq_02/frame_00648.png 0.24456 0.36931 0.01706 0.8754 -0.48259 -0.00516 0.02766
/seq_02/frame_00631.png /seq_02/frame_00649.png 0.24993 0.37358 0.01769 0.86441 -0.50212 -0.00963 0.02412
/seq_02/frame_00631.png /seq_02/frame_00650.png 0.24993 0.37358 0.01769 0.86441 -0.50212 -0.00963 0.02412
/seq_02/frame_00631.png /seq_02/frame_00651.png 0.25892 0.37616 0.01855 0.85816 -0.5129 -0.00954 0.02018
/seq_02/frame_00631.png /seq_02/frame_00652.png 0.25892 0.37616 0.01855 0.85816 -0.5129 -0.00954 0.02018
/seq_02/frame_00631.png /seq_02/frame_00653.png 0.27669 0.37579 0.01566 0.85078 -0.52512 -0.01398 0.01468
/seq_02/frame_00631.png /seq_02/frame_00654.png 0.30897 0.38281 0.01187 0.84476 -0.53472 -0.01434 0.01555
/seq_02/frame_00631.png /seq_02/frame_00655.png 0.30897 0.38281 0.01187 0.84476 -0.53472 -0.01434 0.01555
/seq_02/frame_00631.png /seq_02/frame_00656.png 0.31683 0.37576 0.01217 0.83337 -0.55236 -0.01621 0.01122
/seq_02/frame_00631.png /seq_02/frame_00657.png 0.31683 0.37576 0.01217 0.83337 -0.55236 -0.01621 0.01122
/seq_02/frame_00631.png /seq_02/frame_00658.png 0.32705 0.38053 0.01389 0.82998 -0.55718 -0.01932 0.01742
/seq_02/frame_00631.png /seq_02/frame_00659.png 0.33238 0.3809 0.01342 0.82652 -0.56226 -0.02151 0.01591
/seq_02/frame_00631.png /seq_02/frame_00660.png 0.3402 0.37849 0.01389 0.82506 -0.56435 -0.02163 0.01781
/seq_02/frame_00661.png /seq_02/frame_00662.png 0.0 0.0 0.0 1.0 0.0 0.0 0.0
/seq_02/frame_00661.png /seq_02/frame_00663.png 0.00277 -0.01325 0.00498 0.99955 0.02207 -0.00946 0.01791
/seq_02/frame_00661.png /seq_02/frame_00664.png 0.00277 -0.01325 0.00498 0.99955 0.02207 -0.00946 0.01791
/seq_02/frame_00661.png /seq_02/frame_00665.png 0.00277 -0.01325 0.00498 0.99955 0.02207 -0.00946 0.01791
/seq_02/frame_00661.png /seq_02/frame_00666.png 0.00277 -0.01325 0.00498 0.99955 0.02207 -0.00946 0.01791
/seq_02/frame_00661.png /seq_02/frame_00667.png 0.00277 -0.01325 0.00498 0.99955 0.02207 -0.00946 0.01791
/seq_02/frame_00661.png /seq_02/frame_00668.png -0.00901 -0.02572 0.01572 0.99706 0.06522 -0.01969 0.03496
/seq_02/frame_00661.png /seq_02/frame_00669.png -0.01883 -0.02817 0.01958 0.99594 0.07673 -0.02215 0.04144
/seq_02/frame_00661.png /seq_02/frame_00670.png -0.01883 -0.02817 0.01958 0.99594 0.07673 -0.02215 0.04144
/seq_02/frame_00661.png /seq_02/frame_00671.png -0.03287 -0.03796 0.0192 0.99405 0.09353 -0.02295 0.0509
/seq_02/frame_00661.png /seq_02/frame_00672.png -0.03287 -0.03796 0.0192 0.99405 0.09353 -0.02295 0.0509
/seq_02/frame_00661.png /seq_02/frame_00673.png -0.04929 -0.04227 0.0253 0.99207 0.11381 -0.01803 0.05025
/seq_02/frame_00661.png /seq_02/frame_00674.png -0.05544 -0.0489 0.01628 0.99112 0.12309 -0.01606 0.04756
/seq_02/frame_00661.png /seq_02/frame_00675.png -0.06276 -0.05294 0.01175 0.99071 0.12847 -0.01719 0.04124
/seq_02/frame_00661.png /seq_02/frame_00676.png -0.06946 -0.05747 0.00935 0.98978 0.13705 -0.01479 0.0366
/seq_02/frame_00661.png /seq_02/frame_00677.png -0.07539 -0.06328 0.00722 0.98824 0.14935 -0.01457 0.02947
/seq_02/frame_00661.png /seq_02/frame_00678.png -0.08479 -0.06867 -0.00148 0.9839 0.17649 -0.01722 0.02219
/seq_02/frame_00661.png /seq_02/frame_00679.png -0.08479 -0.06867 -0.00148 0.9839 0.17649 -0.01722 0.02219
/seq_02/frame_00661.png /seq_02/frame_00680.png -0.09585 -0.075 -0.00823 0.98007 0.19713 -0.01721 0.01741
/seq_02/frame_00661.png /seq_02/frame_00681.png -0.10166 -0.07891 -0.01123 0.97828 0.20611 -0.01816 0.01253
/seq_02/frame_00661.png /seq_02/frame_00682.png -0.11763 -0.08508 -0.01429 0.97161 0.23592 -0.01733 0.00274
/seq_02/frame_00661.png /seq_02/frame_00683.png -0.12311 -0.08588 -0.01768 0.96969 0.24372 -0.0174 -0.0003
/seq_02/frame_00661.png /seq_02/frame_00684.png -0.13044 -0.08612 -0.02131 0.96743 0.25237 -0.0193 -0.0037
/seq_02/frame_00661.png /seq_02/frame_00685.png -0.15211 -0.09909 -0.0213 0.96374 0.26611 -0.01843 -0.00699
/seq_02/frame_00661.png /seq_02/frame_00686.png -0.15211 -0.09909 -0.0213 0.96374 0.26611 -0.01843 -0.00699
/seq_02/frame_00661.png /seq_02/frame_00687.png -0.17293 -0.09265 -0.03144 0.95061 0.30901 -0.02145 -0.01972
/seq_02/frame_00661.png /seq_02/frame_00688.png -0.19102 -0.09825 -0.03281 0.94589 0.32287 -0.0243 -0.02149
/seq_02/frame_00661.png /seq_02/frame_00689.png -0.2156 -0.11014 -0.03296 0.9406 0.3377 -0.02374 -0.02599
/seq_02/frame_00661.png /seq_02/frame_00690.png -0.24141 -0.12714 -0.03016 0.93526 0.35195 -0.02151 -0.03084
/seq_02/frame_00691.png /seq_02/frame_00692.png -0.06273 -0.03896 0.00127 0.9998 0.01974 0.00037 -0.00331
/seq_02/frame_00691.png /seq_02/frame_00693.png -0.09527 -0.05734 -0.00098 0.99953 0.02914 0.00185 -0.00891
/seq_02/frame_00691.png /seq_02/frame_00694.png -0.12603 -0.08068 0.00143 0.99912 0.04004 0.00568 -0.0114
/seq_02/frame_00691.png /seq_02/frame_00695.png -0.15196 -0.09973 0.00405 0.99817 0.05821 0.00323 -0.01605
/seq_02/frame_00691.png /seq_02/frame_00696.png -0.21342 -0.1651 0.00623 0.99622 0.08538 -0.00325 -0.01583
/seq_02/frame_00691.png /seq_02/frame_00697.png -0.24831 -0.20586 0.00655 0.99474 0.09977 -0.00413 -0.02272
/seq_02/frame_00691.png /seq_02/frame_00698.png -0.28639 -0.24606 0.00577 0.99319 0.11385 -0.00504 -0.02422
/seq_02/frame_00691.png /seq_02/frame_00699.png -0.31839 -0.27528 0.00271 0.99177 0.12505 -0.01058 -0.02541
/seq_02/frame_00691.png /seq_02/frame_00700.png -0.35543 -0.29864 -0.00137 0.99082 0.13138 -0.01482 -0.02821
/seq_02/frame_00691.png /seq_02/frame_00701.png -0.43657 -0.33077 -0.00535 0.99224 0.11727 -0.02574 -0.03218
/seq_02/frame_00691.png /seq_02/frame_00702.png -0.49714 -0.34411 -0.00392 0.99331 0.10573 -0.02541 -0.03877
/seq_02/frame_00691.png /seq_02/frame_00703.png -0.56243 -0.35675 -0.00137 0.99419 0.09659 -0.01965 -0.04323
/seq_02/frame_00691.png /seq_02/frame_00704.png -0.62219 -0.36779 -0.003 0.99563 0.08298 -0.01427 -0.0404
/seq_02/frame_00691.png /seq_02/frame_00705.png -0.6704 -0.37734 -0.00584 0.99658 0.07256 -0.01551 -0.03634
/seq_02/frame_00691.png /seq_02/frame_00706.png -0.6704 -0.37734 -0.00584 0.99658 0.07256 -0.01551 -0.03634
/seq_02/frame_00691.png /seq_02/frame_00707.png -0.6704 -0.37734 -0.00584 0.99658 0.07256 -0.01551 -0.03634
/seq_02/frame_00691.png /seq_02/frame_00708.png -0.80784 -0.53191 -0.00991 0.99736 0.06582 -0.00811 -0.02973
/seq_02/frame_00691.png /seq_02/frame_00709.png -0.83635 -0.57803 -0.01351 0.99749 0.06495 -0.00468 -0.02785
/seq_02/frame_00691.png /seq_02/frame_00710.png -0.86614 -0.61475 -0.01776 0.99787 0.05579 -0.01001 -0.03222
/seq_02/frame_00691.png /seq_02/frame_00711.png -0.93588 -0.68558 -0.01575 0.99917 0.0243 0.00216 -0.03255
/seq_02/frame_00691.png /seq_02/frame_00712.png -0.9861 -0.72058 -0.01169 0.99934 0.01852 0.00993 -0.02961
/seq_02/frame_00691.png /seq_02/frame_00713.png -0.9861 -0.72058 -0.01169 0.99934 0.01852 0.00993 -0.02961
/seq_02/frame_00691.png /seq_02/frame_00714.png -1.05495 -0.77189 -0.00413 0.99949 0.00991 0.01335 -0.02742
/seq_02/frame_00691.png /seq_02/frame_00715.png -1.07724 -0.82047 0.00342 0.99972 -0.00329 0.01018 -0.02099
/seq_02/frame_00691.png /seq_02/frame_00716.png -1.07724 -0.82047 0.00342 0.99972 -0.00329 0.01018 -0.02099
/seq_02/frame_00691.png /seq_02/frame_00717.png -1.10481 -0.90859 0.00609 0.99973 0.00285 0.02081 -0.00983
/seq_02/frame_00691.png /seq_02/frame_00718.png -1.11527 -0.96004 0.01859 0.99955 0.01729 0.02401 0.00446
/seq_02/frame_00691.png /seq_02/frame_00719.png -1.11779 -1.00979 0.02696 0.99919 0.03187 0.02304 0.0083
/seq_02/frame_00691.png /seq_02/frame_00720.png -1.11754 -1.11234 0.03318 0.99798 0.05444 0.02061 0.02554
/seq_02/frame_00721.png /seq_02/frame_00722.png 0.01086 -0.04504 -0.00119 0.99997 0.00379 0.00542 0.0031
/seq_02/frame_00721.png /seq_02/frame_00723.png 0.02124 -0.0788 -0.00205 0.9999 0.0089 0.01091 0.00274
/seq_02/frame_00721.png /seq_02/frame_00724.png 0.02534 -0.11529 -0.00069 0.99981 0.00408 0.01783 0.00631
/seq_02/frame_00721.png /seq_02/frame_00725.png 0.03965 -0.18944 -0.01098 0.9998 -0.00814 0.01797 0.00089
/seq_02/frame_00721.png /seq_02/frame_00726.png 0.05059 -0.23702 -0.00555 0.9997 0.00458 0.02382 0.00431
/seq_02/frame_00721.png /seq_02/frame_00727.png 0.06351 -0.29033 0.00352 0.99955 0.01422 0.02308 0.01271
/seq_02/frame_00721.png /seq_02/frame_00728.png 0.07942 -0.33945 0.01467 0.99929 0.02173 0.02341 0.02015
/seq_02/frame_00721.png /seq_02/frame_00729.png 0.10985 -0.39844 0.025 0.99888 0.02939 0.02944 0.02248
/seq_02/frame_00721.png /seq_02/frame_00730.png 0.1311 -0.41467 0.03062 0.99846 0.02548 0.03964 0.02929
/seq_02/frame_00721.png /seq_02/frame_00731.png 0.1543 -0.42992 0.03687 0.99791 0.03209 0.0466 0.03109
/seq_02/frame_00721.png /seq_02/frame_00732.png 0.18683 -0.44508 0.04312 0.99716 0.04613 0.04567 0.03827
/seq_02/frame_00721.png /seq_02/frame_00733.png 0.23051 -0.46127 0.0507 0.99585 0.06464 0.0471 0.04334
/seq_02/frame_00721.png /seq_02/frame_00734.png 0.31126 -0.49014 0.06075 0.9934 0.08555 0.05366 0.0544
/seq_02/frame_00721.png /seq_02/frame_00735.png 0.34613 -0.50443 0.0595 0.99381 0.07822 0.05378 0.05767
/seq_02/frame_00721.png /seq_02/frame_00736.png 0.37756 -0.51808 0.05534 0.99552 0.05433 0.05167 0.05766
/seq_02/frame_00721.png /seq_02/frame_00737.png 0.40033 -0.53065 0.05267 0.99645 0.02748 0.04849 0.06303
/seq_02/frame_00721.png /seq_02/frame_00738.png 0.42177 -0.54231 0.0517 0.99664 0.00964 0.05168 0.06279
/seq_02/frame_00721.png /seq_02/frame_00739.png 0.43753 -0.579 0.04261 0.9974 -0.00945 0.04779 0.05306
/seq_02/frame_00721.png /seq_02/frame_00740.png 0.44093 -0.61563 0.03177 0.99788 -0.01286 0.04499 0.04514
/seq_02/frame_00721.png /seq_02/frame_00741.png 0.44031 -0.66327 0.02444 0.99837 7e-05 0.03809 0.04239
/seq_02/frame_00721.png /seq_02/frame_00742.png 0.44649 -0.71039 0.01995 0.99847 0.02088 0.03225 0.03969
/seq_02/frame_00721.png /seq_02/frame_00743.png 0.45783 -0.75115 0.02636 0.99751 0.04503 0.03884 0.03802
/seq_02/frame_00721.png /seq_02/frame_00744.png 0.49315 -0.81693 0.0319 0.99731 0.05026 0.03912 0.03636
/seq_02/frame_00721.png /seq_02/frame_00745.png 0.51157 -0.84209 0.03239 0.99724 0.05387 0.04123 0.03005
/seq_02/frame_00721.png /seq_02/frame_00746.png 0.53988 -0.87174 0.02922 0.99695 0.06334 0.03804 0.02515
/seq_02/frame_00721.png /seq_02/frame_00747.png 0.578 -0.90435 0.02706 0.99632 0.07539 0.03404 0.02239
/seq_02/frame_00721.png /seq_02/frame_00748.png 0.65012 -0.97317 0.01996 0.99526 0.09392 0.02002 0.01551
/seq_02/frame_00721.png /seq_02/frame_00749.png 0.67743 -1.00105 0.01549 0.99414 0.1065 0.01529 0.01078
/seq_02/frame_00721.png /seq_02/frame_00750.png 0.70639 -1.02443 0.01084 0.99309 0.11661 0.00696 0.01089
/seq_02/frame_00751.png /seq_02/frame_00752.png 0.02448 -0.01202 -0.00802 0.99997 0.00434 -0.00415 -0.00419
/seq_02/frame_00751.png /seq_02/frame_00753.png 0.03984 -0.02127 -0.01473 0.99987 0.00425 -0.0098 -0.01216
/seq_02/frame_00751.png /seq_02/frame_00754.png 0.04791 -0.04064 -0.0221 0.99972 0.00857 -0.01041 -0.01938
/seq_02/frame_00751.png /seq_02/frame_00755.png 0.04835 -0.0562 -0.02716 0.99954 0.0133 -0.01268 -0.02405
/seq_02/frame_00751.png /seq_02/frame_00756.png 0.05186 -0.08062 -0.03194 0.99925 0.01955 -0.01747 -0.02866
/seq_02/frame_00751.png /seq_02/frame_00757.png 0.05126 -0.11261 -0.03306 0.99905 0.02717 -0.01706 -0.02945
/seq_02/frame_00751.png /seq_02/frame_00758.png 0.04388 -0.19302 -0.04158 0.99791 0.03992 -0.03355 -0.03808
/seq_02/frame_00751.png /seq_02/frame_00759.png 0.04617 -0.22455 -0.04586 0.99766 0.03741 -0.03863 -0.04234
/seq_02/frame_00751.png /seq_02/frame_00760.png 0.05544 -0.23716 -0.05186 0.99682 0.04165 -0.0481 -0.04808
/seq_02/frame_00751.png /seq_02/frame_00761.png 0.05544 -0.23716 -0.05186 0.99682 0.04165 -0.0481 -0.04808
/seq_02/frame_00751.png /seq_02/frame_00762.png 0.10925 -0.24608 -0.06307 0.99515 0.06149 -0.0572 -0.05115
/seq_02/frame_00751.png /seq_02/frame_00763.png 0.14568 -0.24955 -0.06748 0.99395 0.07236 -0.06294 -0.05349
/seq_02/frame_00751.png /seq_02/frame_00764.png 0.22217 -0.24637 -0.07697 0.99259 0.08923 -0.06608 -0.04936
/seq_02/frame_00751.png /seq_02/frame_00765.png 0.22217 -0.24637 -0.07697 0.99259 0.08923 -0.06608 -0.04936
/seq_02/frame_00751.png /seq_02/frame_00766.png 0.30282 -0.24283 -0.07757 0.99202 0.09635 -0.06409 -0.05011
/seq_02/frame_00751.png /seq_02/frame_00767.png 0.33545 -0.23695 -0.07265 0.99262 0.09275 -0.05949 -0.05067
/seq_02/frame_00751.png /seq_02/frame_00768.png 0.39325 -0.22329 -0.06469 0.99366 0.08693 -0.03836 -0.0601
/seq_02/frame_00751.png /seq_02/frame_00769.png 0.42502 -0.21493 -0.0589 0.99489 0.07664 -0.02729 -0.05976
/seq_02/frame_00751.png /seq_02/frame_00770.png 0.4623 -0.21182 -0.0523 0.9962 0.06355 -0.02164 -0.05542
/seq_02/frame_00751.png /seq_02/frame_00771.png 0.49533 -0.2096 -0.04651 0.99668 0.05872 -0.01048 -0.05541
/seq_02/frame_00751.png /seq_02/frame_00772.png 0.55991 -0.20081 -0.03454 0.99778 0.05623 0.00775 -0.03477
/seq_02/frame_00751.png /seq_02/frame_00773.png 0.55991 -0.20081 -0.03454 0.99778 0.05623 0.00775 -0.03477
/seq_02/frame_00751.png /seq_02/frame_00774.png 0.62482 -0.18431 -0.02001 0.99758 0.06061 0.0274 -0.0204
/seq_02/frame_00751.png /seq_02/frame_00775.png 0.63922 -0.17583 -0.01253 0.99725 0.06377 0.03522 -0.01382
/seq_02/frame_00751.png /seq_02/frame_00776.png 0.63922 -0.17583 -0.01253 0.99725 0.06377 0.03522 -0.01382
/seq_02/frame_00751.png /seq_02/frame_00777.png 0.71821 -0.15882 0.00648 0.99629 0.07234 0.04657 -0.00108
/seq_02/frame_00751.png /seq_02/frame_00778.png 0.75259 -0.1613 0.01242 0.9952 0.084 0.04966 0.00776
/seq_02/frame_00751.png /seq_02/frame_00779.png 0.79693 -0.16556 0.01259 0.99351 0.09903 0.05407 0.01447
/seq_02/frame_00751.png /seq_02/frame_00780.png 0.86026 -0.16634 0.01108 0.99168 0.1162 0.05374 0.01306
/seq_02/frame_00781.png /seq_02/frame_00782.png 0.14336 -0.0113 -0.01405 0.99893 0.046 0.00513 -0.00017
/seq_02/frame_00781.png /seq_02/frame_00783.png 0.18637 -0.00871 -0.01006 0.99883 0.04692 0.01174 -0.00018
/seq_02/frame_00781.png /seq_02/frame_00784.png 0.21752 -0.00222 -0.00988 0.9983 0.05503 0.01896 -0.00174
/seq_02/frame_00781.png /seq_02/frame_00785.png 0.21752 -0.00222 -0.00988 0.9983 0.05503 0.01896 -0.00174
/seq_02/frame_00781.png /seq_02/frame_00786.png 0.31242 0.02464 -0.01475 0.99497 0.09649 0.024 -0.01228
/seq_02/frame_00781.png /seq_02/frame_00787.png 0.35368 0.02743 -0.01469 0.99408 0.10563 0.02366 -0.00894
/seq_02/frame_00781.png /seq_02/frame_00788.png 0.3927 0.02702 -0.01395 0.99335 0.11262 0.02362 -0.00486
/seq_02/frame_00781.png /seq_02/frame_00789.png 0.42711 0.02844 -0.01132 0.99225 0.12061 0.02988 -0.00161
/seq_02/frame_00781.png /seq_02/frame_00790.png 0.45722 0.03041 -0.00636 0.99144 0.12518 0.03702 -5e-05
/seq_02/frame_00781.png /seq_02/frame_00791.png 0.48429 0.02925 -0.00157 0.99076 0.12883 0.04172 0.00728
/seq_02/frame_00781.png /seq_02/frame_00792.png 0.53471 0.01018 0.00324 0.98834 0.14603 0.04116 0.0125
/seq_02/frame_00781.png /seq_02/frame_00793.png 0.56627 -0.00372 0.00374 0.98785 0.14962 0.03937 0.01483
/seq_02/frame_00781.png /seq_02/frame_00794.png 0.60154 -0.01326 0.00389 0.98691 0.15567 0.03896 0.01601
/seq_02/frame_00781.png /seq_02/frame_00795.png 0.63335 -0.01744 0.00087 0.98392 0.17375 0.03962 0.01162
/seq_02/frame_00781.png /seq_02/frame_00796.png 0.70005 -0.02277 -0.00197 0.97811 0.2044 0.0385 0.00618
/seq_02/frame_00781.png /seq_02/frame_00797.png 0.70005 -0.02277 -0.00197 0.97811 0.2044 0.0385 0.00618
/seq_02/frame_00781.png /seq_02/frame_00798.png 0.75192 -0.01131 0.00291 0.97532 0.21591 0.04609 0.00324
/seq_02/frame_00781.png /seq_02/frame_00799.png 0.77508 0.00071 0.00495 0.97317 0.22423 0.05163 0.00247
/seq_02/frame_00781.png /seq_02/frame_00800.png 0.8 0.01734 0.00664 0.96977 0.23673 0.05926 0.00106
/seq_02/frame_00781.png /seq_02/frame_00801.png 0.87278 0.06413 0.01041 0.96575 0.25365 0.05468 0.00252
/seq_02/frame_00781.png /seq_02/frame_00802.png 0.92106 0.08297 0.0145 0.96268 0.26156 0.06895 0.00944
/seq_02/frame_00781.png /seq_02/frame_00803.png 0.96342 0.10108 0.0117 0.96282 0.26143 0.06599 0.01683
/seq_02/frame_00781.png /seq_02/frame_00804.png 1.00753 0.11715 0.00715 0.96307 0.26012 0.06459 0.02562
/seq_02/frame_00781.png /seq_02/frame_00805.png 1.08552 0.14089 0.00281 0.96323 0.25939 0.05851 0.03844
/seq_02/frame_00781.png /seq_02/frame_00806.png 1.08552 0.14089 0.00281 0.96323 0.25939 0.05851 0.03844
/seq_02/frame_00781.png /seq_02/frame_00807.png 1.08552 0.14089 0.00281 0.96323 0.25939 0.05851 0.03844
/seq_02/frame_00781.png /seq_02/frame_00808.png 1.19225 0.1311 -0.00103 0.96487 0.25496 0.0519 0.03642
/seq_02/frame_00781.png /seq_02/frame_00809.png 1.23586 0.12568 -0.00755 0.96549 0.25514 0.04012 0.0335
/seq_02/frame_00781.png /seq_02/frame_00810.png 1.27739 0.12829 -0.01456 0.96289 0.2661 0.03031 0.03327
/seq_02/frame_00811.png /seq_02/frame_00812.png 0.01662 0.01579 -0.005 0.99985 0.01615 -0.00592 -0.00141
/seq_02/frame_00811.png /seq_02/frame_00813.png 0.04299 0.02603 -0.0088 0.9996 0.02443 -0.0141 0.00276
/seq_02/frame_00811.png /seq_02/frame_00814.png 0.04299 0.02603 -0.0088 0.9996 0.02443 -0.0141 0.00276
/seq_02/frame_00811.png /seq_02/frame_00815.png 0.13855 0.07078 -0.02419 0.99845 0.02701 -0.04859 0.00127
/seq_02/frame_00811.png /seq_02/frame_00816.png 0.18051 0.08107 -0.02971 0.99821 0.02275 -0.05514 -0.00393
/seq_02/frame_00811.png /seq_02/frame_00817.png 0.21913 0.08639 -0.03384 0.99788 0.01743 -0.06249 -0.00428
/seq_02/frame_00811.png /seq_02/frame_00818.png 0.25099 0.0879 -0.0307 0.9979 0.01973 -0.06166 -0.00093
/seq_02/frame_00811.png /seq_02/frame_00819.png 0.27706 0.08695 -0.02863 0.99755 0.03309 -0.06159 0.00212
/seq_02/frame_00811.png /seq_02/frame_00820.png 0.31166 0.0567 -0.0294 0.99511 0.06695 -0.07225 0.00766
/seq_02/frame_00811.png /seq_02/frame_00821.png 0.32956 0.03115 -0.02893 0.99396 0.08012 -0.074 0.01257
/seq_02/frame_00811.png /seq_02/frame_00822.png 0.32956 0.03115 -0.02893 0.99396 0.08012 -0.074 0.01257
/seq_02/frame_00811.png /seq_02/frame_00823.png 0.37116 -0.01411 -0.02549 0.99217 0.10564 -0.066 0.00942
/seq_02/frame_00811.png /seq_02/frame_00824.png 0.38709 -0.0293 -0.02776 0.9915 0.11295 -0.06406 0.00749
/seq_02/frame_00811.png /seq_02/frame_00825.png 0.44133 -0.06809 -0.02281 0.99005 0.12582 -0.0616 0.01317
/seq_02/frame_00811.png /seq_02/frame_00826.png 0.45764 -0.08148 -0.02016 0.99039 0.12519 -0.05659 0.01619
/seq_02/frame_00811.png /seq_02/frame_00827.png 0.46899 -0.08988 -0.01902 0.98774 0.14395 -0.05961 0.00926
/seq_02/frame_00811.png /seq_02/frame_00828.png 0.48089 -0.09421 -0.02183 0.98255 0.17412 -0.0652 0.00423
/seq_02/frame_00811.png /seq_02/frame_00829.png 0.51685 -0.10798 -0.02331 0.97493 0.21225 -0.06639 0.00694
/seq_02/frame_00811.png /seq_02/frame_00830.png 0.54082 -0.11927 -0.02434 0.97085 0.2304 -0.06571 0.00754
/seq_02/frame_00811.png /seq_02/frame_00831.png 0.54082 -0.11927 -0.02434 0.97085 0.2304 -0.06571 0.00754
/seq_02/frame_00811.png /seq_02/frame_00832.png 0.59272 -0.16416 -0.02513 0.96308 0.25857 -0.07357 0.01469
/seq_02/frame_00811.png /seq_02/frame_00833.png 0.59272 -0.16416 -0.02513 0.96308 0.25857 -0.07357 0.01469
/seq_02/frame_00811.png /seq_02/frame_00834.png 0.6367 -0.21 -0.01993 0.95908 0.27426 -0.06771 0.01895
/seq_02/frame_00811.png /seq_02/frame_00835.png 0.66672 -0.24664 -0.01424 0.95535 0.28598 -0.07117 0.02129
/seq_02/frame_00811.png /seq_02/frame_00836.png 0.66672 -0.24664 -0.01424 0.95535 0.28598 -0.07117 0.02129
/seq_02/frame_00811.png /seq_02/frame_00837.png 0.68768 -0.28983 -0.01138 0.95346 0.29372 -0.06354 0.0247
/seq_02/frame_00811.png /seq_02/frame_00838.png 0.69287 -0.31833 -0.00798 0.94666 0.31535 -0.06358 0.01836
/seq_02/frame_00811.png /seq_02/frame_00839.png 0.6741 -0.37644 -0.00316 0.93616 0.34538 -0.06347 0.0169
/seq_02/frame_00811.png /seq_02/frame_00840.png 0.67138 -0.40542 -0.00321 0.92962 0.36314 -0.06054 0.01629
/seq_02/frame_00841.png /seq_02/frame_00842.png 0.00607 -0.02716 -0.0007 0.99989 0.01515 0.00022 0.00058
/seq_02/frame_00841.png /seq_02/frame_00843.png 0.02285 -0.07332 -0.00544 0.99927 0.03716 -0.00398 0.00802
/seq_02/frame_00841.png /seq_02/frame_00844.png 0.04123 -0.08865 -0.00557 0.99895 0.04495 -0.004 0.00801
/seq_02/frame_00841.png /seq_02/frame_00845.png 0.06446 -0.09787 -0.0025 0.99862 0.05207 -0.00039 0.00669
/seq_02/frame_00841.png /seq_02/frame_00846.png 0.06446 -0.09787 -0.0025 0.99862 0.05207 -0.00039 0.00669
/seq_02/frame_00841.png /seq_02/frame_00847.png 0.13469 -0.10197 0.00285 0.99752 0.07028 0.00291 1e-05
/seq_02/frame_00841.png /seq_02/frame_00848.png 0.20798 -0.10861 0.00328 0.99763 0.06873 0.00063 -0.0017
/seq_02/frame_00841.png /seq_02/frame_00849.png 0.24374 -0.11525 0.00392 0.9974 0.07201 0.0003 -0.00371
/seq_02/frame_00841.png /seq_02/frame_00850.png 0.27979 -0.12136 0.00474 0.99678 0.0801 0.00174 -0.00273
/seq_02/frame_00841.png /seq_02/frame_00851.png 0.27979 -0.12136 0.00474 0.99678 0.0801 0.00174 -0.00273
/seq_02/frame_00841.png /seq_02/frame_00852.png 0.33098 -0.1352 0.00218 0.9934 0.11463 0.00211 0.00346
/seq_02/frame_00841.png /seq_02/frame_00853.png 0.35593 -0.16759 0.00592 0.98756 0.15708 0.00681 0.00115
/seq_02/frame_00841.png /seq_02/frame_00854.png 0.35593 -0.16759 0.00592 0.98756 0.15708 0.00681 0.00115
/seq_02/frame_00841.png /seq_02/frame_00855.png 0.36242 -0.22925 0.01025 0.98201 0.18859 0.00892 0.00283
/seq_02/frame_00841.png /seq_02/frame_00856.png 0.36242 -0.22925 0.01025 0.98201 0.18859 0.00892 0.00283
/seq_02/frame_00841.png /seq_02/frame_00857.png 0.36183 -0.3047 0.0052 0.97709 0.21269 0.00618 0.00344
/seq_02/frame_00841.png /seq_02/frame_00858.png 0.3722 -0.37474 -0.00254 0.97292 0.23095 0.00273 0.00908
/seq_02/frame_00841.png /seq_02/frame_00859.png 0.3722 -0.37474 -0.00254 0.97292 0.23095 0.00273 0.00908
/seq_02/frame_00841.png /seq_02/frame_00860.png 0.39765 -0.41737 -0.00225 0.96904 0.24661 0.00993 0.00599
/seq_02/frame_00841.png /seq_02/frame_00861.png 0.41644 -0.42841 -0.00162 0.96729 0.25334 0.01024 0.00794
/seq_02/frame_00841.png /seq_02/frame_00862.png 0.46572 -0.45418 0.00057 0.96332 0.26827 0.0063 0.00328
/seq_02/frame_00841.png /seq_02/frame_00863.png 0.46572 -0.45418 0.00057 0.96332 0.26827 0.0063 0.00328
/seq_02/frame_00841.png /seq_02/frame_00864.png 0.5157 -0.49583 0.00104 0.96262 0.27078 0.00641 -0.0016
/seq_02/frame_00841.png /seq_02/frame_00865.png 0.5157 -0.49583 0.00104 0.96262 0.27078 0.00641 -0.0016
/seq_02/frame_00841.png /seq_02/frame_00866.png 0.55486 -0.54817 0.00214 0.96304 0.2692 0.00279 -0.00886
/seq_02/frame_00841.png /seq_02/frame_00867.png 0.57583 -0.59908 0.0055 0.95963 0.28102 0.00069 -0.01183
/seq_02/frame_00841.png /seq_02/frame_00868.png 0.57583 -0.59908 0.0055 0.95963 0.28102 0.00069 -0.01183
/seq_02/frame_00841.png /seq_02/frame_00869.png 0.55862 -0.65992 0.0062 0.95516 0.29567 0.00229 -0.01545
/seq_02/frame_00841.png /seq_02/frame_00870.png 0.55862 -0.65992 0.0062 0.95516 0.29567 0.00229 -0.01545
/seq_02/frame_00871.png /seq_02/frame_00872.png -0.06546 -0.08893 -0.00147 0.99983 0.0182 0.00024 -0.00272
/seq_02/frame_00871.png /seq_02/frame_00873.png -0.09078 -0.12708 0.00098 0.99941 0.03328 0.00031 -0.00866
/seq_02/frame_00871.png /seq_02/frame_00874.png -0.09078 -0.12708 0.00098 0.99941 0.03328 0.00031 -0.00866
/seq_02/frame_00871.png /seq_02/frame_00875.png -0.11595 -0.17321 0.00051 0.99849 0.05355 -0.00492 -0.01097
/seq_02/frame_00871.png /seq_02/frame_00876.png -0.12468 -0.19566 -0.0003 0.99819 0.05812 -0.00949 -0.0119
/seq_02/frame_00871.png /seq_02/frame_00877.png -0.15693 -0.25536 -0.00196 0.99712 0.07457 0.0011 -0.01382
/seq_02/frame_00871.png /seq_02/frame_00878.png -0.15693 -0.25536 -0.00196 0.99712 0.07457 0.0011 -0.01382
/seq_02/frame_00871.png /seq_02/frame_00879.png -0.2037 -0.32357 -0.00251 0.99666 0.07962 0.00246 -0.01788
/seq_02/frame_00871.png /seq_02/frame_00880.png -0.2037 -0.32357 -0.00251 0.99666 0.07962 0.00246 -0.01788
/seq_02/frame_00871.png /seq_02/frame_00881.png -0.24299 -0.37206 -0.00171 0.99811 0.05541 -0.01726 -0.02036
/seq_02/frame_00871.png /seq_02/frame_00882.png -0.27696 -0.41276 0.00609 0.99859 0.0424 -0.01691 -0.02701
/seq_02/frame_00871.png /seq_02/frame_00883.png -0.27696 -0.41276 0.00609 0.99859 0.0424 -0.01691 -0.02701
/seq_02/frame_00871.png /seq_02/frame_00884.png -0.34487 -0.44721 0.00692 0.99835 0.04531 -0.02053 -0.02878
/seq_02/frame_00871.png /seq_02/frame_00885.png -0.34487 -0.44721 0.00692 0.99835 0.04531 -0.02053 -0.02878
/seq_02/frame_00871.png /seq_02/frame_00886.png -0.44972 -0.48856 0.00736 0.99886 0.03683 -0.01949 -0.02318
/seq_02/frame_00871.png /seq_02/frame_00887.png -0.54048 -0.53381 0.00243 0.99942 0.0239 -0.01889 -0.0155
/seq_02/frame_00871.png /seq_02/frame_00888.png -0.54048 -0.53381 0.00243 0.99942 0.0239 -0.01889 -0.0155
/seq_02/frame_00871.png /seq_02/frame_00889.png -0.59335 -0.55804 0.00167 0.9995 0.00304 -0.02125 -0.02303
/seq_02/frame_00871.png /seq_02/frame_00890.png -0.59335 -0.55804 0.00167 0.9995 0.00304 -0.02125 -0.02303
/seq_02/frame_00871.png /seq_02/frame_00891.png -0.62246 -0.56362 0.00081 0.99922 -0.02909 -0.02052 -0.01695
/seq_02/frame_00871.png /seq_02/frame_00892.png -0.64008 -0.56659 0.00431 0.99822 -0.05186 -0.02399 -0.01692
/seq_02/frame_00871.png /seq_02/frame_00893.png -0.64008 -0.56659 0.00431 0.99822 -0.05186 -0.02399 -0.01692
/seq_02/frame_00871.png /seq_02/frame_00894.png -0.64218 -0.56753 0.00828 0.9969 -0.07234 -0.02488 -0.01835
/seq_02/frame_00871.png /seq_02/frame_00895.png -0.63818 -0.56452 0.00886 0.9961 -0.08306 -0.02353 -0.01836
/seq_02/frame_00871.png /seq_02/frame_00896.png -0.64789 -0.57186 0.00933 0.99479 -0.09697 -0.02552 -0.01828
/seq_02/frame_00871.png /seq_02/frame_00897.png -0.64789 -0.57186 0.00933 0.99479 -0.09697 -0.02552 -0.01828
/seq_02/frame_00871.png /seq_02/frame_00898.png -0.65786 -0.57766 0.01094 0.99312 -0.11333 -0.02171 -0.02015
/seq_02/frame_00871.png /seq_02/frame_00899.png -0.65786 -0.57766 0.01094 0.99312 -0.11333 -0.02171 -0.02015
/seq_02/frame_00871.png /seq_02/frame_00900.png -0.66868 -0.58108 0.01195 0.99151 -0.12655 -0.022 -0.02039
/seq_02/frame_00901.png /seq_02/frame_00902.png 0.0 0.0 0.0 1.0 0.0 0.0 0.0
/seq_02/frame_00901.png /seq_02/frame_00903.png -0.00759 -0.00947 -0.00049 0.99991 -0.01311 0.00162 -0.00225
/seq_02/frame_00901.png /seq_02/frame_00904.png -0.00759 -0.00947 -0.00049 0.99991 -0.01311 0.00162 -0.00225
/seq_02/frame_00901.png /seq_02/frame_00905.png -0.01441 -0.02281 0.00147 0.99958 -0.02838 0.00322 -0.00503
/seq_02/frame_00901.png /seq_02/frame_00906.png -0.01384 -0.04699 -0.00165 0.99906 -0.04312 0.00381 -0.0033
/seq_02/frame_00901.png /seq_02/frame_00907.png -0.00129 -0.05871 -0.00146 0.99855 -0.05287 0.00804 -0.00555
/seq_02/frame_00901.png /seq_02/frame_00908.png -0.01054 -0.08053 -0.0029 0.99776 -0.06606 0.00761 -0.00683
/seq_02/frame_00901.png /seq_02/frame_00909.png -0.00761 -0.08986 -0.00413 0.9973 -0.07257 0.00387 -0.01021
/seq_02/frame_00901.png /seq_02/frame_00910.png 0.00503 -0.10157 -0.00413 0.99593 -0.08898 -2e-05 -0.01468
/seq_02/frame_00901.png /seq_02/frame_00911.png 0.02221 -0.10736 -0.00562 0.99566 -0.09184 -0.00328 -0.01445
/seq_02/frame_00901.png /seq_02/frame_00912.png 0.02221 -0.10736 -0.00562 0.99566 -0.09184 -0.00328 -0.01445
/seq_02/frame_00901.png /seq_02/frame_00913.png 0.06475 -0.1286 -0.00462 0.99294 -0.1179 -0.00058 -0.01314
/seq_02/frame_00901.png /seq_02/frame_00914.png 0.13781 -0.15216 -0.00056 0.98895 -0.14773 -0.00655 -0.01065
/seq_02/frame_00901.png /seq_02/frame_00915.png 0.13781 -0.15216 -0.00056 0.98895 -0.14773 -0.00655 -0.01065
/seq_02/frame_00901.png /seq_02/frame_00916.png 0.20327 -0.18721 0.0061 0.98502 -0.17225 -0.00394 -0.00642
/seq_02/frame_00901.png /seq_02/frame_00917.png 0.20327 -0.18721 0.0061 0.98502 -0.17225 -0.00394 -0.00642
/seq_02/frame_00901.png /seq_02/frame_00918.png 0.25765 -0.24734 0.00887 0.98422 -0.17675 0.00135 -0.00884
/seq_02/frame_00901.png /seq_02/frame_00919.png 0.31806 -0.34037 0.00958 0.98204 -0.18868 0.0 -0.00063
/seq_02/frame_00901.png /seq_02/frame_00920.png 0.31806 -0.34037 0.00958 0.98204 -0.18868 0.0 -0.00063
/seq_02/frame_00901.png /seq_02/frame_00921.png 0.38581 -0.41923 0.00399 0.98035 -0.19723 -0.00175 -0.00454
/seq_02/frame_00901.png /seq_02/frame_00922.png 0.41582 -0.45452 0.00671 0.97902 -0.20367 0.00056 -0.00676
/seq_02/frame_00901.png /seq_02/frame_00923.png 0.41582 -0.45452 0.00671 0.97902 -0.20367 0.00056 -0.00676
/seq_02/frame_00901.png /seq_02/frame_00924.png 0.48329 -0.50622 0.01763 0.97505 -0.22115 0.01258 -0.01449
/seq_02/frame_00901.png /seq_02/frame_00925.png 0.58274 -0.56877 0.02701 0.97018 -0.24098 0.01806 -0.01872
/seq_02/frame_00901.png /seq_02/frame_00926.png 0.63291 -0.60066 0.02964 0.96776 -0.25017 0.01882 -0.02238
/seq_02/frame_00901.png /seq_02/frame_00927.png 0.67094 -0.62861 0.03115 0.96463 -0.2619 0.02141 -0.02084
/seq_02/frame_00901.png /seq_02/frame_00928.png 0.67094 -0.62861 0.03115 0.96463 -0.2619 0.02141 -0.02084
/seq_02/frame_00901.png /seq_02/frame_00929.png 0.76568 -0.74677 0.04491 0.95537 -0.29172 0.03512 -0.03065
/seq_02/frame_00901.png /seq_02/frame_00930.png 0.79491 -0.80228 0.04792 0.95376 -0.297 0.03529 -0.02987
