/seq_03/frame_00001.png /seq_03/frame_00002.png 0.03332 -0.02792 0.00895 0.99988 0.01373 0.00488 0.00577
/seq_03/frame_00001.png /seq_03/frame_00003.png 0.03332 -0.02792 0.00895 0.99988 0.01373 0.00488 0.00577
/seq_03/frame_00001.png /seq_03/frame_00004.png 0.05358 -0.06511 0.01793 0.99986 0.00764 0.008 0.01286
/seq_03/frame_00001.png /seq_03/frame_00005.png 0.0471 -0.07494 0.0221 0.99982 0.00715 0.00606 0.01663
/seq_03/frame_00001.png /seq_03/frame_00006.png 0.0471 -0.07494 0.0221 0.99982 0.00715 0.00606 0.01663
/seq_03/frame_00001.png /seq_03/frame_00007.png 0.03605 -0.08142 0.02852 0.99974 0.01178 -0.0006 0.01936
/seq_03/frame_00001.png /seq_03/frame_00008.png 0.03605 -0.08142 0.02852 0.99974 0.01178 -0.0006 0.01936
/seq_03/frame_00001.png /seq_03/frame_00009.png 0.02437 -0.08614 0.03512 0.99962 0.00688 -0.00431 0.02646
/seq_03/frame_00001.png /seq_03/frame_00010.png 0.01051 -0.09759 0.03869 0.99952 -0.00762 -0.01384 0.0268
/seq_03/frame_00001.png /seq_03/frame_00011.png 0.00023 -0.10768 0.04065 0.99939 -0.00555 -0.01195 0.03238
/seq_03/frame_00001.png /seq_03/frame_00012.png -0.01161 -0.11972 0.0422 0.99934 -0.00581 -0.01546 0.03244
/seq_03/frame_00001.png /seq_03/frame_00013.png -0.01886 -0.13419 0.04074 0.99948 0.00163 -0.00971 0.03069
/seq_03/frame_00001.png /seq_03/frame_00014.png -0.01404 -0.14995 0.0417 0.99966 0.00783 -0.00506 0.02434
/seq_03/frame_00001.png /seq_03/frame_00015.png -0.01404 -0.14995 0.0417 0.99966 0.00783 -0.00506 0.02434
/seq_03/frame_00001.png /seq_03/frame_00016.png -0.01404 -0.14995 0.0417 0.99966 0.00783 -0.00506 0.02434
/seq_03/frame_00001.png /seq_03/frame_00017.png 0.07332 -0.25361 0.04347 0.99833 0.0571 0.00813 0.00267
/seq_03/frame_00001.png /seq_03/frame_00018.png 0.09018 -0.2722 0.0423 0.99764 0.0678 0.00996 -0.00302
/seq_03/frame_00001.png /seq_03/frame_00019.png 0.12228 -0.30241 0.042 0.99679 0.07906 0.01193 -0.00479
/seq_03/frame_00001.png /seq_03/frame_00020.png 0.13871 -0.318 0.03904 0.99628 0.08488 0.01336 -0.00708
/seq_03/frame_00001.png /seq_03/frame_00021.png 0.15499 -0.33159 0.03392 0.99593 0.08825 0.0156 -0.00936
/seq_03/frame_00001.png /seq_03/frame_00022.png 0.16828 -0.34574 0.02667 0.99571 0.08982 0.0161 -0.01553
/seq_03/frame_00001.png /seq_03/frame_00023.png 0.17616 -0.35609 0.0222 0.99542 0.09024 0.02158 -0.02301
/seq_03/frame_00001.png /seq_03/frame_00024.png 0.18156 -0.39406 0.01293 0.99456 0.08957 0.02794 -0.04527
/seq_03/frame_00001.png /seq_03/frame_00025.png 0.18156 -0.39406 0.01293 0.99456 0.08957 0.02794 -0.04527
/seq_03/frame_00001.png /seq_03/frame_00026.png 0.18934 -0.4674 0.00463 0.99456 0.08116 0.0268 -0.05954
/seq_03/frame_00001.png /seq_03/frame_00027.png 0.19243 -0.503 0.00478 0.99453 0.07946 0.02483 -0.06305
/seq_03/frame_00001.png /seq_03/frame_00028.png 0.19808 -0.53397 0.00718 0.99471 0.07628 0.02564 -0.06389
/seq_03/frame_00001.png /seq_03/frame_00029.png 0.20195 -0.59976 0.01603 0.99448 0.07667 0.02325 -0.06768
/seq_03/frame_00001.png /seq_03/frame_00030.png 0.20195 -0.59976 0.01603 0.99448 0.07667 0.02325 -0.06768
/seq_03/frame_00031.png /seq_03/frame_00032.png 0.01425 -0.021 0.0012 0.99998 0.00435 -0.00347 -0.00131
/seq_03/frame_00031.png /seq_03/frame_00033.png 0.04476 -0.04806 0.00408 0.99975 0.02218 0.00364 0.0005
/seq_03/frame_00031.png /seq_03/frame_00034.png 0.12726 -0.10974 -0.00102 0.99688 0.07896 -0.00106 0.00132
/seq_03/frame_00031.png /seq_03/frame_00035.png 0.12726 -0.10974 -0.00102 0.99688 0.07896 -0.00106 0.00132
/seq_03/frame_00031.png /seq_03/frame_00036.png 0.18832 -0.15447 -0.00506 0.99407 0.10869 0.00228 -0.00074
/seq_03/frame_00031.png /seq_03/frame_00037.png 0.21149 -0.17003 -0.00404 0.99247 0.12231 0.00489 0.00477
/seq_03/frame_00031.png /seq_03/frame_00038.png 0.22995 -0.1802 -0.00471 0.99122 0.13185 0.00171 0.00936
/seq_03/frame_00031.png /seq_03/frame_00039.png 0.24778 -0.18992 -0.01074 0.98902 0.1475 0.00083 0.00955
/seq_03/frame_00031.png /seq_03/frame_00040.png 0.24522 -0.20146 -0.01057 0.98769 0.15615 0.00348 0.0088
/seq_03/frame_00031.png /seq_03/frame_00041.png 0.24102 -0.22013 -0.01167 0.9871 0.15988 0.00314 0.00774
/seq_03/frame_00031.png /seq_03/frame_00042.png 0.23547 -0.24589 -0.01424 0.98647 0.16385 0.00314 0.00397
/seq_03/frame_00031.png /seq_03/frame_00043.png 0.22332 -0.27527 -0.01562 0.98435 0.17624 0.00078 0.00074
/seq_03/frame_00031.png /seq_03/frame_00044.png 0.18982 -0.34288 -0.01434 0.9782 0.20757 -0.00031 -0.00561
/seq_03/frame_00031.png /seq_03/frame_00045.png 0.17484 -0.37489 -0.01365 0.97633 0.21615 -0.00231 -0.00707
/seq_03/frame_00031.png /seq_03/frame_00046.png 0.15995 -0.40445 -0.0122 0.9746 0.22368 -0.00635 -0.00857
/seq_03/frame_00031.png /seq_03/frame_00047.png 0.14969 -0.42504 -0.00729 0.97333 0.22941 -0.00177 0.00011
/seq_03/frame_00031.png /seq_03/frame_00048.png 0.14969 -0.42504 -0.00729 0.97333 0.22941 -0.00177 0.00011
/seq_03/frame_00031.png /seq_03/frame_00049.png 0.14969 -0.42504 -0.00729 0.97333 0.22941 -0.00177 0.00011
/seq_03/frame_00031.png /seq_03/frame_00050.png 0.1691 -0.49375 0.00883 0.96303 0.26911 -0.0007 0.01231
/seq_03/frame_00031.png /seq_03/frame_00051.png 0.1691 -0.49375 0.00883 0.96303 0.26911 -0.0007 0.01231
/seq_03/frame_00031.png /seq_03/frame_00052.png 0.19253 -0.52779 0.02034 0.95417 0.29826 0.00262 0.0245
/seq_03/frame_00031.png /seq_03/frame_00053.png 0.22036 -0.5588 0.02439 0.94575 0.323 0.00784 0.03406
/seq_03/frame_00031.png /seq_03/frame_00054.png 0.2366 -0.57441 0.02446 0.94217 0.33305 0.00946 0.03597
/seq_03/frame_00031.png /seq_03/frame_00055.png 0.25293 -0.58534 0.02243 0.93961 0.3401 0.00836 0.03731
/seq_03/frame_00031.png /seq_03/frame_00056.png 0.26475 -0.59413 0.02107 0.93801 0.34438 0.00808 0.03841
/seq_03/frame_00031.png /seq_03/frame_00057.png 0.27197 -0.61397 0.021 0.93832 0.34354 0.01096 0.03747
/seq_03/frame_00031.png /seq_03/frame_00058.png 0.25627 -0.67251 0.01628 0.93536 0.35148 0.01649 0.03602
/seq_03/frame_00031.png /seq_03/frame_00059.png 0.24156 -0.71989 0.01596 0.93936 0.34093 0.0105 0.03557
/seq_03/frame_00031.png /seq_03/frame_00060.png 0.2232 -0.76875 0.01665 0.93659 0.34861 0.00982 0.03422
/seq_03/frame_00061.png /seq_03/frame_00062.png -0.01937 -0.0323 0.00014 0.99993 0.01082 -0.00193 0.00508
/seq_03/frame_00061.png /seq_03/frame_00063.png -0.03255 -0.03691 0.0094 0.99942 0.0293 0.01307 0.01181
/seq_03/frame_00061.png /seq_03/frame_00064.png -0.02834 -0.04425 0.01453 0.9993 0.03019 0.01496 0.01647
/seq_03/frame_00061.png /seq_03/frame_00065.png -0.01561 -0.06629 0.02105 0.99891 0.03698 0.01857 0.0214
/seq_03/frame_00061.png /seq_03/frame_00066.png 0.0083 -0.09292 0.02872 0.99808 0.05075 0.0206 0.02895
/seq_03/frame_00061.png /seq_03/frame_00067.png 0.03357 -0.12285 0.03487 0.99743 0.06167 0.01779 0.03188
/seq_03/frame_00061.png /seq_03/frame_00068.png 0.09159 -0.17024 0.04931 0.9958 0.07753 0.02549 0.04141
/seq_03/frame_00061.png /seq_03/frame_00069.png 0.11971 -0.18777 0.05843 0.99507 0.07958 0.03612 0.04694
/seq_03/frame_00061.png /seq_03/frame_00070.png 0.14461 -0.19673 0.06762 0.99373 0.08674 0.04297 0.05603
/seq_03/frame_00061.png /seq_03/frame_00071.png 0.16831 -0.21341 0.07681 0.99235 0.09018 0.04944 0.06834
/seq_03/frame_00061.png /seq_03/frame_00072.png 0.19011 -0.22519 0.08613 0.99031 0.09436 0.05968 0.08253
/seq_03/frame_00061.png /seq_03/frame_00073.png 0.21334 -0.23366 0.11028 0.98796 0.08725 0.08011 0.09955
/seq_03/frame_00061.png /seq_03/frame_00074.png 0.21638 -0.24095 0.12626 0.98606 0.08674 0.09229 0.10787
/seq_03/frame_00061.png /seq_03/frame_00075.png 0.21558 -0.24717 0.14461 0.98315 0.09427 0.10201 0.11885
/seq_03/frame_00061.png /seq_03/frame_00076.png 0.21516 -0.24623 0.16608 0.97993 0.0973 0.1107 0.1342
/seq_03/frame_00061.png /seq_03/frame_00077.png 0.21477 -0.23919 0.18639 0.97505 0.11295 0.12317 0.14612
/seq_03/frame_00061.png /seq_03/frame_00078.png 0.22031 -0.22755 0.22366 0.9679 0.12031 0.13592 0.17384
/seq_03/frame_00061.png /seq_03/frame_00079.png 0.22262 -0.22151 0.24419 0.96363 0.12639 0.15026 0.18131
/seq_03/frame_00061.png /seq_03/frame_00080.png 0.21999 -0.21759 0.26294 0.95682 0.14608 0.1674 0.18743
/seq_03/frame_00061.png /seq_03/frame_00081.png 0.21699 -0.21664 0.27509 0.95363 0.15855 0.17512 0.18652
/seq_03/frame_00061.png /seq_03/frame_00082.png 0.21699 -0.21664 0.27509 0.95363 0.15855 0.17512 0.18652
/seq_03/frame_00061.png /seq_03/frame_00083.png 0.18715 -0.21858 0.30623 0.94234 0.20855 0.19295 0.17687
/seq_03/frame_00061.png /seq_03/frame_00084.png 0.16397 -0.21395 0.30817 0.94004 0.224 0.19378 0.16912
/seq_03/frame_00061.png /seq_03/frame_00085.png 0.13112 -0.21094 0.314 0.93648 0.24142 0.19314 0.16558
/seq_03/frame_00061.png /seq_03/frame_00086.png 0.088 -0.20748 0.31988 0.93104 0.26026 0.19566 0.16477
/seq_03/frame_00061.png /seq_03/frame_00087.png 0.03991 -0.20396 0.32255 0.92666 0.28116 0.19273 0.15844
/seq_03/frame_00061.png /seq_03/frame_00088.png -0.03257 -0.19418 0.31599 0.91986 0.32379 0.17739 0.13247
/seq_03/frame_00061.png /seq_03/frame_00089.png -0.04859 -0.19804 0.31581 0.91131 0.34957 0.17533 0.12875
/seq_03/frame_00061.png /seq_03/frame_00090.png -0.05866 -0.21016 0.30915 0.90121 0.38062 0.17031 0.11806
/seq_03/frame_00091.png /seq_03/frame_00092.png 0.00445 -0.01077 -0.00514 0.99943 0.03316 -0.00406 -0.00442
/seq_03/frame_00091.png /seq_03/frame_00093.png 0.01275 -0.01862 -0.01873 0.99665 0.0785 -0.01765 -0.01443
/seq_03/frame_00091.png /seq_03/frame_00094.png 0.01012 -0.0042 -0.03113 0.99539 0.09052 -0.02927 -0.01247
/seq_03/frame_00091.png /seq_03/frame_00095.png 0.00683 0.01255 -0.04154 0.99365 0.10366 -0.0423 -0.01106
/seq_03/frame_00091.png /seq_03/frame_00096.png 0.00304 0.02249 -0.05287 0.99173 0.11553 -0.0552 -0.00929
/seq_03/frame_00091.png /seq_03/frame_00097.png -0.00146 0.03358 -0.07106 0.99022 0.11892 -0.07198 -0.0116
/seq_03/frame_00091.png /seq_03/frame_00098.png -0.00223 0.041 -0.09916 0.98727 0.12499 -0.09698 -0.01626
/seq_03/frame_00091.png /seq_03/frame_00099.png 0.00099 0.04408 -0.108 0.98676 0.12153 -0.10611 -0.01644
/seq_03/frame_00091.png /seq_03/frame_00100.png 0.00336 0.04554 -0.12221 0.98603 0.11625 -0.11834 -0.01514
/seq_03/frame_00091.png /seq_03/frame_00101.png -0.00272 0.03823 -0.14162 0.98387 0.11388 -0.13694 -0.01637
/seq_03/frame_00091.png /seq_03/frame_00102.png -0.00884 0.03576 -0.15767 0.98071 0.11849 -0.15416 -0.02007
/seq_03/frame_00091.png /seq_03/frame_00103.png -0.00858 0.048 -0.18883 0.97346 0.12993 -0.18675 -0.02479
/seq_03/frame_00091.png /seq_03/frame_00104.png -0.0081 0.05294 -0.2052 0.96984 0.13392 -0.20196 -0.02638
/seq_03/frame_00091.png /seq_03/frame_00105.png -0.00897 0.05793 -0.22229 0.96543 0.14112 -0.21753 -0.02671
/seq_03/frame_00091.png /seq_03/frame_00106.png -0.01167 0.06342 -0.23733 0.9615 0.14288 -0.2334 -0.02511
/seq_03/frame_00091.png /seq_03/frame_00107.png -0.01638 0.06805 -0.25158 0.95643 0.15049 -0.2485 -0.02916
/seq_03/frame_00091.png /seq_03/frame_00108.png -0.02649 0.07855 -0.28071 0.94719 0.15498 -0.27871 -0.03356
/seq_03/frame_00091.png /seq_03/frame_00109.png -0.03027 0.07435 -0.29445 0.9426 0.15596 -0.29317 -0.03518
/seq_03/frame_00091.png /seq_03/frame_00110.png -0.03616 0.07093 -0.30984 0.93677 0.15441 -0.31175 -0.03774
/seq_03/frame_00091.png /seq_03/frame_00111.png -0.03856 0.06767 -0.32389 0.93225 0.14951 -0.32687 -0.0413
/seq_03/frame_00091.png /seq_03/frame_00112.png -0.039 0.06748 -0.33857 0.92657 0.14649 -0.34379 -0.04251
/seq_03/frame_00091.png /seq_03/frame_00113.png -0.02725 0.07749 -0.358 0.91776 0.13643 -0.37063 -0.04169
/seq_03/frame_00091.png /seq_03/frame_00114.png -0.01083 0.08042 -0.36517 0.9137 0.13611 -0.38113 -0.03705
/seq_03/frame_00091.png /seq_03/frame_00115.png 0.01281 0.08282 -0.36652 0.9124 0.13528 -0.38479 -0.03408
/seq_03/frame_00091.png /seq_03/frame_00116.png 0.03876 0.07208 -0.36855 0.9129 0.12478 -0.38723 -0.03307
/seq_03/frame_00091.png /seq_03/frame_00117.png 0.09864 0.08986 -0.36643 0.91809 0.09794 -0.38234 -0.03662
/seq_03/frame_00091.png /seq_03/frame_00118.png 0.13518 0.11361 -0.3683 0.9191 0.07787 -0.3838 -0.0434
/seq_03/frame_00091.png /seq_03/frame_00119.png 0.17875 0.13198 -0.3636 0.92273 0.05609 -0.37782 -0.05175
/seq_03/frame_00091.png /seq_03/frame_00120.png 0.21892 0.1354 -0.3586 0.92472 0.04007 -0.37455 -0.05483
/seq_03/frame_00121.png /seq_03/frame_00122.png 0.04886 -0.01521 0.0048 0.99925 -0.0363 0.01117 0.00699
/seq_03/frame_00121.png /seq_03/frame_00123.png 0.05856 -0.03111 0.00929 0.99833 -0.05507 0.01649 0.00586
/seq_03/frame_00121.png /seq_03/frame_00124.png 0.0653 -0.04478 0.01375 0.99671 -0.07868 0.01796 0.00785
/seq_03/frame_00121.png /seq_03/frame_00125.png 0.06858 -0.05834 0.01739 0.99469 -0.10041 0.02209 0.00497
/seq_03/frame_00121.png /seq_03/frame_00126.png 0.06748 -0.06881 0.01894 0.99292 -0.11643 0.02327 0.0022
/seq_03/frame_00121.png /seq_03/frame_00127.png 0.06748 -0.06881 0.01894 0.99292 -0.11643 0.02327 0.0022
/seq_03/frame_00121.png /seq_03/frame_00128.png 0.0664 -0.0863 0.01386 0.98814 -0.15245 0.01824 -0.00334
/seq_03/frame_00121.png /seq_03/frame_00129.png 0.06334 -0.08995 0.01322 0.98638 -0.16378 0.01516 -0.00279
/seq_03/frame_00121.png /seq_03/frame_00130.png 0.06208 -0.09357 0.01401 0.98409 -0.17661 0.01801 -0.00723
/seq_03/frame_00121.png /seq_03/frame_00131.png 0.06538 -0.09975 0.01769 0.98088 -0.19343 0.0208 -0.00573
/seq_03/frame_00121.png /seq_03/frame_00132.png 0.08371 -0.11362 0.02985 0.97139 -0.23527 0.03242 0.0008
/seq_03/frame_00121.png /seq_03/frame_00133.png 0.1 -0.11567 0.0377 0.96513 -0.25896 0.03741 0.00822
/seq_03/frame_00121.png /seq_03/frame_00134.png 0.12551 -0.11974 0.05099 0.9601 -0.2755 0.04622 0.01271
/seq_03/frame_00121.png /seq_03/frame_00135.png 0.16209 -0.11969 0.06538 0.95561 -0.28715 0.06262 0.02065
/seq_03/frame_00121.png /seq_03/frame_00136.png 0.20729 -0.11687 0.07506 0.95183 -0.29732 0.06924 0.02881
/seq_03/frame_00121.png /seq_03/frame_00137.png 0.33393 -0.09897 0.08657 0.9492 -0.29928 0.08625 0.04479
/seq_03/frame_00121.png /seq_03/frame_00138.png 0.39647 -0.08266 0.08304 0.94916 -0.29915 0.0864 0.04617
/seq_03/frame_00121.png /seq_03/frame_00139.png 0.44981 -0.08062 0.08725 0.94665 -0.30569 0.09275 0.04252
/seq_03/frame_00121.png /seq_03/frame_00140.png 0.48158 -0.06386 0.09708 0.94429 -0.307 0.11101 0.04172
/seq_03/frame_00121.png /seq_03/frame_00141.png 0.50761 -0.04828 0.10826 0.94072 -0.31091 0.12547 0.0513
/seq_03/frame_00121.png /seq_03/frame_00142.png 0.53559 -0.03209 0.12277 0.93697 -0.30897 0.15022 0.06377
/seq_03/frame_00121.png /seq_03/frame_00143.png 0.53827 -0.03442 0.12986 0.9329 -0.31678 0.15452 0.07396
/seq_03/frame_00121.png /seq_03/frame_00144.png 0.54163 -0.02529 0.13672 0.92929 -0.32177 0.16229 0.08094
/seq_03/frame_00121.png /seq_03/frame_00145.png 0.54887 -0.00911 0.14391 0.92523 -0.33011 0.1656 0.08689
/seq_03/frame_00121.png /seq_03/frame_00146.png 0.55761 0.01228 0.15055 0.9211 -0.33651 0.17302 0.09158
/seq_03/frame_00121.png /seq_03/frame_00147.png 0.57064 0.04084 0.15881 0.91431 -0.34739 0.18178 0.10158
/seq_03/frame_00121.png /seq_03/frame_00148.png 0.60011 0.09664 0.1677 0.90516 -0.36224 0.19455 0.10782
/seq_03/frame_00121.png /seq_03/frame_00149.png 0.60011 0.09664 0.1677 0.90516 -0.36224 0.19455 0.10782
/seq_03/frame_00121.png /seq_03/frame_00150.png 0.63458 0.14706 0.17464 0.89986 -0.36978 0.19791 0.1198
/seq_03/frame_00151.png /seq_03/frame_00152.png 0.04624 -0.00069 0.00773 0.9998 0.00386 0.01831 0.00652
/seq_03/frame_00151.png /seq_03/frame_00153.png 0.07541 -0.0162 0.00653 0.99966 0.00481 0.02237 0.01275
/seq_03/frame_00151.png /seq_03/frame_00154.png 0.11243 -0.03499 0.00396 0.99957 0.01115 0.02308 0.01398
/seq_03/frame_00151.png /seq_03/frame_00155.png 0.14867 -0.05281 -0.00082 0.99892 0.02999 0.0323 0.01492
/seq_03/frame_00151.png /seq_03/frame_00156.png 0.2143 -0.08078 -0.00219 0.9985 0.04585 0.0281 0.01005
/seq_03/frame_00151.png /seq_03/frame_00157.png 0.23858 -0.09483 -0.00157 0.99849 0.04747 0.02691 0.00678
/seq_03/frame_00151.png /seq_03/frame_00158.png 0.25735 -0.10303 0.00077 0.99855 0.04658 0.02712 0.00137
/seq_03/frame_00151.png /seq_03/frame_00159.png 0.27443 -0.1075 0.00312 0.99821 0.04848 0.03465 -0.00481
/seq_03/frame_00151.png /seq_03/frame_00160.png 0.27443 -0.1075 0.00312 0.99821 0.04848 0.03465 -0.00481
/seq_03/frame_00151.png /seq_03/frame_00161.png 0.32044 -0.09868 0.00658 0.99903 0.02777 0.03384 -0.00544
/seq_03/frame_00151.png /seq_03/frame_00162.png 0.33788 -0.08829 0.00215 0.99931 0.02347 0.02719 -0.00936
/seq_03/frame_00151.png /seq_03/frame_00163.png 0.33788 -0.08829 0.00215 0.99931 0.02347 0.02719 -0.00936
/seq_03/frame_00151.png /seq_03/frame_00164.png 0.38752 -0.05753 -0.00195 0.99972 0.0146 0.012 -0.014
/seq_03/frame_00151.png /seq_03/frame_00165.png 0.38752 -0.05753 -0.00195 0.99972 0.0146 0.012 -0.014
/seq_03/frame_00151.png /seq_03/frame_00166.png 0.44342 -0.02663 0.00023 0.99915 0.03987 0.0058 -0.00825
/seq_03/frame_00151.png /seq_03/frame_00167.png 0.49039 -0.0078 0.00641 0.99798 0.06213 0.00591 -0.01221
/seq_03/frame_00151.png /seq_03/frame_00168.png 0.50808 0.00509 0.01207 0.99784 0.06522 0.00446 -0.00679
/seq_03/frame_00151.png /seq_03/frame_00169.png 0.52239 0.01734 0.01483 0.99695 0.07726 0.01112 0.00023
/seq_03/frame_00151.png /seq_03/frame_00170.png 0.5321 0.01905 0.01482 0.99597 0.08929 0.00883 -0.00028
/seq_03/frame_00151.png /seq_03/frame_00171.png 0.56141 -0.01004 0.01954 0.99435 0.10513 0.01447 0.00233
/seq_03/frame_00151.png /seq_03/frame_00172.png 0.5816 -0.03286 0.01866 0.99264 0.12109 -9e-05 0.00185
/seq_03/frame_00151.png /seq_03/frame_00173.png 0.60687 -0.05663 0.01605 0.99147 0.13003 -0.00886 -0.00186
/seq_03/frame_00151.png /seq_03/frame_00174.png 0.63379 -0.07743 0.01153 0.99014 0.13952 -0.01041 -0.00668
/seq_03/frame_00151.png /seq_03/frame_00175.png 0.65897 -0.09321 0.00667 0.98816 0.15251 -0.01139 -0.01247
/seq_03/frame_00151.png /seq_03/frame_00176.png 0.71092 -0.11288 -0.0002 0.98608 0.16423 -0.01369 -0.02229
/seq_03/frame_00151.png /seq_03/frame_00177.png 0.73436 -0.11846 -0.00681 0.98426 0.17307 -0.01957 -0.03003
/seq_03/frame_00151.png /seq_03/frame_00178.png 0.75507 -0.11463 -0.01196 0.98199 0.1827 -0.02734 -0.03971
/seq_03/frame_00151.png /seq_03/frame_00179.png 0.77744 -0.10554 -0.01309 0.98122 0.18521 -0.03109 -0.04397
/seq_03/frame_00151.png /seq_03/frame_00180.png 0.79971 -0.09122 -0.0147 0.98018 0.1893 -0.0322 -0.04876
/seq_03/frame_00181.png /seq_03/frame_00182.png 0.0 0.0 0.0 1.0 0.0 0.0 0.0
/seq_03/frame_00181.png /seq_03/frame_00183.png 0.08987 0.0493 -0.00212 0.99998 0.00439 -0.00467 -0.00132
/seq_03/frame_00181.png /seq_03/frame_00184.png 0.1291 0.06208 -0.00138 0.99996 0.00105 -0.00752 0.00456
/seq_03/frame_00181.png /seq_03/frame_00185.png 0.1291 0.06208 -0.00138 0.99996 0.00105 -0.00752 0.00456
/seq_03/frame_00181.png /seq_03/frame_00186.png 0.18997 0.05997 -0.00791 0.99997 -0.00075 -0.00527 -0.00473
/seq_03/frame_00181.png /seq_03/frame_00187.png 0.18997 0.05997 -0.00791 0.99997 -0.00075 -0.00527 -0.00473
/seq_03/frame_00181.png /seq_03/frame_00188.png 0.22051 -0.00823 -0.01909 0.99892 0.0319 -0.03362 -0.00448
/seq_03/frame_00181.png /seq_03/frame_00189.png 0.25245 -0.0342 -0.02128 0.99765 0.05665 -0.03836 -0.00384
/seq_03/frame_00181.png /seq_03/frame_00190.png 0.31172 -0.07015 -0.027 0.9949 0.09531 -0.03303 -0.00044
/seq_03/frame_00181.png /seq_03/frame_00191.png 0.338 -0.08089 -0.0321 0.9935 0.10881 -0.03296 -0.00486
/seq_03/frame_00181.png /seq_03/frame_00192.png 0.36221 -0.08756 -0.0382 0.99193 0.11842 -0.04395 -0.01126
/seq_03/frame_00181.png /seq_03/frame_00193.png 0.38242 -0.08847 -0.04366 0.99043 0.12519 -0.05531 -0.01793
/seq_03/frame_00181.png /seq_03/frame_00194.png 0.38242 -0.08847 -0.04366 0.99043 0.12519 -0.05531 -0.01793
/seq_03/frame_00181.png /seq_03/frame_00195.png 0.4193 -0.06585 -0.0453 0.98872 0.13606 -0.05921 -0.02035
/seq_03/frame_00181.png /seq_03/frame_00196.png 0.4868 -0.03447 -0.04665 0.98807 0.13769 -0.06718 -0.01582
/seq_03/frame_00181.png /seq_03/frame_00197.png 0.53348 -0.01926 -0.04948 0.98852 0.13103 -0.07316 -0.01726
/seq_03/frame_00181.png /seq_03/frame_00198.png 0.53348 -0.01926 -0.04948 0.98852 0.13103 -0.07316 -0.01726
/seq_03/frame_00181.png /seq_03/frame_00199.png 0.60791 0.00923 -0.04488 0.98881 0.13414 -0.06133 -0.02257
/seq_03/frame_00181.png /seq_03/frame_00200.png 0.63397 0.00569 -0.04112 0.99018 0.12522 -0.05936 -0.01848
/seq_03/frame_00181.png /seq_03/frame_00201.png 0.63397 0.00569 -0.04112 0.99018 0.12522 -0.05936 -0.01848
/seq_03/frame_00181.png /seq_03/frame_00202.png 0.63397 0.00569 -0.04112 0.99018 0.12522 -0.05936 -0.01848
/seq_03/frame_00181.png /seq_03/frame_00203.png 0.68716 -0.06394 -0.02831 0.99415 0.09287 -0.05375 -0.01219
/seq_03/frame_00181.png /seq_03/frame_00204.png 0.68716 -0.06394 -0.02831 0.99415 0.09287 -0.05375 -0.01219
/seq_03/frame_00181.png /seq_03/frame_00205.png 0.69917 -0.12317 -0.01954 0.99398 0.1019 -0.04022 -0.00248
/seq_03/frame_00181.png /seq_03/frame_00206.png 0.71912 -0.199 -0.01921 0.99316 0.10832 -0.04236 0.0101
/seq_03/frame_00181.png /seq_03/frame_00207.png 0.71912 -0.199 -0.01921 0.99316 0.10832 -0.04236 0.0101
/seq_03/frame_00181.png /seq_03/frame_00208.png 0.74415 -0.25629 -0.02093 0.99275 0.11326 -0.03981 0.0058
/seq_03/frame_00181.png /seq_03/frame_00209.png 0.74415 -0.25629 -0.02093 0.99275 0.11326 -0.03981 0.0058
/seq_03/frame_00181.png /seq_03/frame_00210.png 0.76553 -0.30067 -0.0212 0.99347 0.10678 -0.03872 0.011
/seq_03/frame_00211.png /seq_03/frame_00212.png 0.00336 0.0048 -6e-05 0.99999 0.00497 0.00147 -0.00144
/seq_03/frame_00211.png /seq_03/frame_00213.png 0.00804 0.00748 -0.00019 1.0 -0.00024 -0.00081 0.00224
/seq_03/frame_00211.png /seq_03/frame_00214.png 0.01743 0.00669 -0.00046 0.99997 -0.00672 -0.00227 0.00089
/seq_03/frame_00211.png /seq_03/frame_00215.png 0.01413 -0.01659 -0.00464 0.99983 -0.01598 -0.00597 -0.00752
/seq_03/frame_00211.png /seq_03/frame_00216.png 0.01845 -0.03486 -0.00404 0.99965 -0.02305 -0.00677 -0.01137
/seq_03/frame_00211.png /seq_03/frame_00217.png 0.0224 -0.04605 -0.00298 0.99981 -0.01198 -0.00349 -0.01496
/seq_03/frame_00211.png /seq_03/frame_00218.png 0.03015 -0.05538 -0.00164 0.9999 -0.00691 -0.00716 -0.00983
/seq_03/frame_00211.png /seq_03/frame_00219.png 0.03933 -0.06721 -0.00192 0.99993 -0.00201 -0.00854 -0.0081
/seq_03/frame_00211.png /seq_03/frame_00220.png 0.06578 -0.11021 0.00109 0.99986 0.00327 -0.01515 -0.0068
/seq_03/frame_00211.png /seq_03/frame_00221.png 0.08065 -0.1263 0.0045 0.99976 0.00875 -0.01778 -0.00962
/seq_03/frame_00211.png /seq_03/frame_00222.png 0.09944 -0.14387 0.007 0.99978 0.00853 -0.01389 -0.01325
/seq_03/frame_00211.png /seq_03/frame_00223.png 0.12088 -0.15801 0.0027 0.99968 0.0035 -0.01925 -0.01583
/seq_03/frame_00211.png /seq_03/frame_00224.png 0.14971 -0.17042 0.0015 0.99971 -0.00015 -0.02009 -0.0132
/seq_03/frame_00211.png /seq_03/frame_00225.png 0.20506 -0.18819 0.00277 0.99972 -0.00564 -0.0211 -0.00949
/seq_03/frame_00211.png /seq_03/frame_00226.png 0.22805 -0.19842 0.00291 0.99971 -0.00538 -0.01996 -0.01202
/seq_03/frame_00211.png /seq_03/frame_00227.png 0.24896 -0.20843 0.00262 0.99971 -0.00393 -0.01684 -0.01666
/seq_03/frame_00211.png /seq_03/frame_00228.png 0.27156 -0.22332 0.00285 0.99971 -0.00193 -0.01599 -0.01769
/seq_03/frame_00211.png /seq_03/frame_00229.png 0.31247 -0.27465 0.00184 0.99905 0.03354 -0.02394 -0.01386
/seq_03/frame_00211.png /seq_03/frame_00230.png 0.31247 -0.27465 0.00184 0.99905 0.03354 -0.02394 -0.01386
/seq_03/frame_00211.png /seq_03/frame_00231.png 0.35748 -0.3123 -0.00626 0.99775 0.06101 -0.02648 -0.00844
/seq_03/frame_00211.png /seq_03/frame_00232.png 0.35748 -0.3123 -0.00626 0.99775 0.06101 -0.02648 -0.00844
/seq_03/frame_00211.png /seq_03/frame_00233.png 0.39305 -0.32736 -0.0248 0.9944 0.09574 -0.04276 -0.01336
/seq_03/frame_00211.png /seq_03/frame_00234.png 0.4331 -0.33281 -0.02935 0.99106 0.12271 -0.05049 -0.01391
/seq_03/frame_00211.png /seq_03/frame_00235.png 0.45909 -0.3271 -0.03119 0.98832 0.14279 -0.05199 -0.01164
/seq_03/frame_00211.png /seq_03/frame_00236.png 0.47924 -0.31983 -0.03187 0.98504 0.1636 -0.05362 -0.0071
/seq_03/frame_00211.png /seq_03/frame_00237.png 0.49539 -0.31016 -0.03081 0.98116 0.18601 -0.05133 -0.00921
/seq_03/frame_00211.png /seq_03/frame_00238.png 0.50745 -0.29626 -0.02997 0.97794 0.2028 -0.04911 -0.00923
/seq_03/frame_00211.png /seq_03/frame_00239.png 0.54286 -0.27662 -0.02976 0.96997 0.23907 -0.04416 -0.00793
/seq_03/frame_00211.png /seq_03/frame_00240.png 0.57492 -0.27301 -0.02915 0.96496 0.25951 -0.03844 -0.005
/seq_03/frame_00241.png /seq_03/frame_00242.png 0.0336 -0.00887 -0.00106 0.99973 0.02253 -0.00159 0.00455
/seq_03/frame_00241.png /seq_03/frame_00243.png 0.0336 -0.00887 -0.00106 0.99973 0.02253 -0.00159 0.00455
/seq_03/frame_00241.png /seq_03/frame_00244.png 0.13391 -0.05567 0.00475 0.99697 0.07706 0.00975 -0.00505
/seq_03/frame_00241.png /seq_03/frame_00245.png 0.13391 -0.05567 0.00475 0.99697 0.07706 0.00975 -0.00505
/seq_03/frame_00241.png /seq_03/frame_00246.png 0.19614 -0.08508 0.01646 0.99469 0.10055 0.02008 -0.00857
/seq_03/frame_00241.png /seq_03/frame_00247.png 0.19614 -0.08508 0.01646 0.99469 0.10055 0.02008 -0.00857
/seq_03/frame_00241.png /seq_03/frame_00248.png 0.21902 -0.12257 0.02455 0.99258 0.11791 0.02642 -0.0135
/seq_03/frame_00241.png /seq_03/frame_00249.png 0.21607 -0.18875 0.02864 0.98421 0.17416 0.03024 -0.00962
/seq_03/frame_00241.png /seq_03/frame_00250.png 0.21668 -0.23793 0.03195 0.97926 0.19893 0.03614 -0.01271
/seq_03/frame_00241.png /seq_03/frame_00251.png 0.22267 -0.27969 0.03222 0.97579 0.2158 0.03288 -0.01338
/seq_03/frame_00241.png /seq_03/frame_00252.png 0.23566 -0.30904 0.03064 0.97199 0.23223 0.0322 -0.01614
/seq_03/frame_00241.png /seq_03/frame_00253.png 0.24661 -0.33125 0.03224 0.96728 0.24977 0.03847 -0.02233
/seq_03/frame_00241.png /seq_03/frame_00254.png 0.25582 -0.35303 0.03856 0.95922 0.27675 0.04934 -0.02934
/seq_03/frame_00241.png /seq_03/frame_00255.png 0.26149 -0.35821 0.04302 0.95662 0.2839 0.05522 -0.03512
/seq_03/frame_00241.png /seq_03/frame_00256.png 0.27219 -0.35827 0.04672 0.95284 0.29347 0.06431 -0.04293
/seq_03/frame_00241.png /seq_03/frame_00257.png 0.27219 -0.35827 0.04672 0.95284 0.29347 0.06431 -0.04293
/seq_03/frame_00241.png /seq_03/frame_00258.png 0.29629 -0.35132 0.05005 0.94526 0.31419 0.07176 -0.05113
/seq_03/frame_00241.png /seq_03/frame_00259.png 0.31774 -0.35496 0.05308 0.93869 0.33076 0.07982 -0.05567
/seq_03/frame_00241.png /seq_03/frame_00260.png 0.32374 -0.3581 0.05536 0.93399 0.34149 0.08544 -0.06123
/seq_03/frame_00241.png /seq_03/frame_00261.png 0.32828 -0.3598 0.05775 0.93069 0.34854 0.08979 -0.0653
/seq_03/frame_00241.png /seq_03/frame_00262.png 0.33248 -0.36366 0.0622 0.92638 0.35664 0.09696 -0.07234
/seq_03/frame_00241.png /seq_03/frame_00263.png 0.33187 -0.37003 0.06667 0.92314 0.36172 0.10348 -0.07917
/seq_03/frame_00241.png /seq_03/frame_00264.png 0.3254 -0.38204 0.07847 0.91853 0.36544 0.12059 -0.0906
/seq_03/frame_00241.png /seq_03/frame_00265.png 0.3254 -0.38204 0.07847 0.91853 0.36544 0.12059 -0.0906
/seq_03/frame_00241.png /seq_03/frame_00266.png 0.31909 -0.38936 0.08605 0.91308 0.37181 0.13199 -0.10309
/seq_03/frame_00241.png /seq_03/frame_00267.png 0.31508 -0.39035 0.08857 0.91098 0.37444 0.13675 -0.1059
/seq_03/frame_00241.png /seq_03/frame_00268.png 0.31087 -0.39131 0.09551 0.90349 0.38509 0.14682 -0.11768
/seq_03/frame_00241.png /seq_03/frame_00269.png 0.30962 -0.39278 0.09931 0.8993 0.38945 0.15519 -0.1245
/seq_03/frame_00241.png /seq_03/frame_00270.png 0.30823 -0.39229 0.10271 0.89278 0.40053 0.15832 -0.13211
/seq_03/frame_00271.png /seq_03/frame_00272.png 0.00701 -0.00025 0.00578 0.99991 0.01232 0.00447 -0.00345
/seq_03/frame_00271.png /seq_03/frame_00273.png 0.01747 0.00644 0.01219 0.99946 0.03097 0.00472 -0.01002
/seq_03/frame_00271.png /seq_03/frame_00274.png 0.01749 0.00456 0.01696 0.99871 0.04445 0.00886 -0.023
/seq_03/frame_00271.png /seq_03/frame_00275.png 0.01948 0.00594 0.02036 0.99812 0.05417 0.01297 -0.02553
/seq_03/frame_00271.png /seq_03/frame_00276.png 0.02566 -0.00246 0.02444 0.99686 0.07179 0.01369 -0.03042
/seq_03/frame_00271.png /seq_03/frame_00277.png 0.03065 -0.00908 0.02989 0.99557 0.08415 0.01734 -0.03808
/seq_03/frame_00271.png /seq_03/frame_00278.png 0.03808 -0.03187 0.03275 0.99345 0.10246 0.0227 -0.04511
/seq_03/frame_00271.png /seq_03/frame_00279.png 0.04362 -0.05366 0.0334 0.99175 0.11613 0.0235 -0.04896
/seq_03/frame_00271.png /seq_03/frame_00280.png 0.04787 -0.08254 0.03382 0.9894 0.13474 0.02132 -0.04973
/seq_03/frame_00271.png /seq_03/frame_00281.png 0.04925 -0.11501 0.03217 0.98557 0.16117 0.01898 -0.04802
/seq_03/frame_00271.png /seq_03/frame_00282.png 0.04886 -0.14443 0.03041 0.98205 0.18377 0.01335 -0.04033
/seq_03/frame_00271.png /seq_03/frame_00283.png 0.0463 -0.2105 0.03059 0.9774 0.20836 0.00872 -0.03455
/seq_03/frame_00271.png /seq_03/frame_00284.png 0.04162 -0.23635 0.0329 0.97677 0.2112 0.01134 -0.03443
/seq_03/frame_00271.png /seq_03/frame_00285.png 0.04162 -0.23635 0.0329 0.97677 0.2112 0.01134 -0.03443
/seq_03/frame_00271.png /seq_03/frame_00286.png 0.03342 -0.27945 0.03731 0.97457 0.22175 0.00859 -0.03102
/seq_03/frame_00271.png /seq_03/frame_00287.png 0.02287 -0.29627 0.0393 0.97401 0.22421 0.01268 -0.02948
/seq_03/frame_00271.png /seq_03/frame_00288.png -0.02845 -0.33585 0.04102 0.96601 0.25697 0.01586 -0.02332
/seq_03/frame_00271.png /seq_03/frame_00289.png -0.06332 -0.3593 0.03962 0.9643 0.26355 0.0172 -0.01941
/seq_03/frame_00271.png /seq_03/frame_00290.png -0.09475 -0.38798 0.03495 0.96121 0.27489 0.01573 -0.01611
/seq_03/frame_00271.png /seq_03/frame_00291.png -0.11948 -0.41326 0.02781 0.9566 0.2908 0.01358 -0.01263
/seq_03/frame_00271.png /seq_03/frame_00292.png -0.14071 -0.43759 0.02246 0.95188 0.30619 0.01225 -0.00457
/seq_03/frame_00271.png /seq_03/frame_00293.png -0.1624 -0.48434 0.01338 0.94459 0.32753 0.01196 0.01803
/seq_03/frame_00271.png /seq_03/frame_00294.png -0.15899 -0.50319 0.01283 0.94161 0.33602 0.01008 0.01895
/seq_03/frame_00271.png /seq_03/frame_00295.png -0.15015 -0.52225 0.00882 0.93957 0.34138 0.007 0.025
/seq_03/frame_00271.png /seq_03/frame_00296.png -0.13724 -0.54637 0.00635 0.93792 0.34527 0.00606 0.03237
/seq_03/frame_00271.png /seq_03/frame_00297.png -0.12414 -0.57409 0.0049 0.93625 0.34902 0.00282 0.04007
/seq_03/frame_00271.png /seq_03/frame_00298.png -0.10201 -0.6168 -0.00334 0.92808 0.36849 0.00338 0.05363
/seq_03/frame_00271.png /seq_03/frame_00299.png -0.0943 -0.63348 -0.01096 0.92341 0.37874 0.00467 0.06205
/seq_03/frame_00271.png /seq_03/frame_00300.png -0.09165 -0.64856 -0.01878 0.91913 0.38701 0.0049 0.07349
/seq_03/frame_00301.png /seq_03/frame_00302.png -0.0019 -0.01172 -0.00182 0.99997 0.00563 0.00407 0.0039
/seq_03/frame_00301.png /seq_03/frame_00303.png -0.0035 -0.02975 -0.00696 0.99983 0.01408 0.00961 0.00678
/seq_03/frame_00301.png /seq_03/frame_00304.png -0.0035 -0.02975 -0.00696 0.99983 0.01408 0.00961 0.00678
/seq_03/frame_00301.png /seq_03/frame_00305.png -0.0035 -0.02975 -0.00696 0.99983 0.01408 0.00961 0.00678
/seq_03/frame_00301.png /seq_03/frame_00306.png -0.0035 -0.02975 -0.00696 0.99983 0.01408 0.00961 0.00678
/seq_03/frame_00301.png /seq_03/frame_00307.png -0.11977 -0.1339 -0.01211 0.99613 0.07624 0.01951 0.03916
/seq_03/frame_00301.png /seq_03/frame_00308.png -0.15686 -0.15573 -0.01692 0.99474 0.09239 0.01852 0.04027
/seq_03/frame_00301.png /seq_03/frame_00309.png -0.19306 -0.17239 -0.02428 0.99381 0.10165 0.01843 0.04084
/seq_03/frame_00301.png /seq_03/frame_00310.png -0.22491 -0.1863 -0.03586 0.99248 0.10788 0.02538 0.05205
/seq_03/frame_00301.png /seq_03/frame_00311.png -0.24857 -0.2008 -0.04317 0.99114 0.11375 0.02927 0.06194
/seq_03/frame_00301.png /seq_03/frame_00312.png -0.26532 -0.21176 -0.04408 0.99045 0.11921 0.0271 0.06377
/seq_03/frame_00301.png /seq_03/frame_00313.png -0.28254 -0.24152 -0.05074 0.98794 0.13517 0.02896 0.06975
/seq_03/frame_00301.png /seq_03/frame_00314.png -0.28802 -0.26297 -0.05512 0.98814 0.13199 0.03389 0.07071
/seq_03/frame_00301.png /seq_03/frame_00315.png -0.28802 -0.26297 -0.05512 0.98814 0.13199 0.03389 0.07071
/seq_03/frame_00301.png /seq_03/frame_00316.png -0.29882 -0.32554 -0.0617 0.98534 0.14508 0.04468 0.07786
/seq_03/frame_00301.png /seq_03/frame_00317.png -0.32541 -0.40205 -0.05723 0.98387 0.15599 0.05034 0.07158
/seq_03/frame_00301.png /seq_03/frame_00318.png -0.34249 -0.43568 -0.05551 0.98345 0.16065 0.04959 0.06752
/seq_03/frame_00301.png /seq_03/frame_00319.png -0.36059 -0.46703 -0.05729 0.9816 0.17171 0.04595 0.06971
/seq_03/frame_00301.png /seq_03/frame_00320.png -0.37821 -0.48904 -0.05478 0.98008 0.1798 0.04529 0.07118
/seq_03/frame_00301.png /seq_03/frame_00321.png -0.39839 -0.51248 -0.05268 0.97913 0.18621 0.04417 0.06847
/seq_03/frame_00301.png /seq_03/frame_00322.png -0.43456 -0.55003 -0.05006 0.97586 0.20462 0.04218 0.06369
/seq_03/frame_00301.png /seq_03/frame_00323.png -0.46198 -0.56067 -0.04872 0.97406 0.21372 0.04177 0.06149
/seq_03/frame_00301.png /seq_03/frame_00324.png -0.49459 -0.57017 -0.04813 0.97049 0.22683 0.0453 0.06818
/seq_03/frame_00301.png /seq_03/frame_00325.png -0.49459 -0.57017 -0.04813 0.97049 0.22683 0.0453 0.06818
/seq_03/frame_00301.png /seq_03/frame_00326.png -0.55739 -0.59373 -0.04971 0.9651 0.24655 0.05079 0.07216
/seq_03/frame_00301.png /seq_03/frame_00327.png -0.60249 -0.63181 -0.04917 0.95891 0.27015 0.04966 0.071
/seq_03/frame_00301.png /seq_03/frame_00328.png -0.6202 -0.65531 -0.05378 0.95642 0.27925 0.04897 0.06983
/seq_03/frame_00301.png /seq_03/frame_00329.png -0.6368 -0.67792 -0.06033 0.95465 0.28381 0.05191 0.07342
/seq_03/frame_00301.png /seq_03/frame_00330.png -0.65386 -0.7024 -0.06444 0.95095 0.29572 0.05127 0.07499
/seq_03/frame_00331.png /seq_03/frame_00332.png -0.02688 -0.03803 -0.00365 0.9997 0.02418 0.00221 -0.0013
/seq_03/frame_00331.png /seq_03/frame_00333.png -0.04136 -0.05415 -0.00625 0.99927 0.03769 0.00621 0.00228
/seq_03/frame_00331.png /seq_03/frame_00334.png -0.04902 -0.06664 -0.0076 0.99854 0.05332 0.00693 0.00529
/seq_03/frame_00331.png /seq_03/frame_00335.png -0.05239 -0.08197 -0.00859 0.99692 0.07719 0.01107 0.0082
/seq_03/frame_00331.png /seq_03/frame_00336.png -0.06336 -0.09675 -0.00871 0.99528 0.09663 0.00645 0.00675
/seq_03/frame_00331.png /seq_03/frame_00337.png -0.06336 -0.09675 -0.00871 0.99528 0.09663 0.00645 0.00675
/seq_03/frame_00331.png /seq_03/frame_00338.png -0.06336 -0.09675 -0.00871 0.99528 0.09663 0.00645 0.00675
/seq_03/frame_00331.png /seq_03/frame_00339.png -0.17745 -0.16871 -0.02323 0.98486 0.17124 0.02129 0.01657
/seq_03/frame_00331.png /seq_03/frame_00340.png -0.20236 -0.18285 -0.02584 0.98136 0.18921 0.02785 0.01883
/seq_03/frame_00331.png /seq_03/frame_00341.png -0.25373 -0.19972 -0.01933 0.9767 0.21296 0.02262 0.01387
/seq_03/frame_00331.png /seq_03/frame_00342.png -0.27999 -0.20402 -0.0169 0.97497 0.22107 0.02078 0.01106
/seq_03/frame_00331.png /seq_03/frame_00343.png -0.30109 -0.20324 -0.01807 0.9733 0.22792 0.02538 0.0102
/seq_03/frame_00331.png /seq_03/frame_00344.png -0.32443 -0.19137 -0.0199 0.97169 0.23449 0.02618 0.01252
/seq_03/frame_00331.png /seq_03/frame_00345.png -0.35716 -0.17468 -0.0235 0.96931 0.24349 0.02972 0.01629
/seq_03/frame_00331.png /seq_03/frame_00346.png -0.44142 -0.13628 -0.03588 0.9596 0.27629 0.05131 0.014
/seq_03/frame_00331.png /seq_03/frame_00347.png -0.49146 -0.12715 -0.03935 0.95429 0.2943 0.05045 0.01341
/seq_03/frame_00331.png /seq_03/frame_00348.png -0.49146 -0.12715 -0.03935 0.95429 0.2943 0.05045 0.01341
/seq_03/frame_00331.png /seq_03/frame_00349.png -0.58125 -0.11298 -0.03714 0.9466 0.32013 0.03741 0.00862
/seq_03/frame_00331.png /seq_03/frame_00350.png -0.61537 -0.11281 -0.0361 0.94145 0.3356 0.03065 0.01003
/seq_03/frame_00331.png /seq_03/frame_00351.png -0.66558 -0.11085 -0.03385 0.9317 0.36231 0.02398 0.00987
/seq_03/frame_00331.png /seq_03/frame_00352.png -0.68365 -0.11205 -0.03296 0.92665 0.37521 0.02115 0.00976
/seq_03/frame_00331.png /seq_03/frame_00353.png -0.68365 -0.11205 -0.03296 0.92665 0.37521 0.02115 0.00976
/seq_03/frame_00331.png /seq_03/frame_00354.png -0.73345 -0.11653 -0.03286 0.91564 0.40143 0.02073 0.00426
/seq_03/frame_00331.png /seq_03/frame_00355.png -0.73345 -0.11653 -0.03286 0.91564 0.40143 0.02073 0.00426
/seq_03/frame_00331.png /seq_03/frame_00356.png -0.85764 -0.12029 -0.03044 0.89249 0.45061 0.01954 0.00529
/seq_03/frame_00331.png /seq_03/frame_00357.png -0.8878 -0.12178 -0.02618 0.88776 0.46005 0.01444 0.00472
/seq_03/frame_00331.png /seq_03/frame_00358.png -0.8878 -0.12178 -0.02618 0.88776 0.46005 0.01444 0.00472
/seq_03/frame_00331.png /seq_03/frame_00359.png -0.92601 -0.12774 -0.01778 0.87693 0.4806 0.00207 0.00454
/seq_03/frame_00331.png /seq_03/frame_00360.png -0.93202 -0.13221 -0.01435 0.87538 0.48332 -0.00209 0.00988
/seq_03/frame_00361.png /seq_03/frame_00362.png -0.00852 -0.00031 -0.00135 0.99999 -0.00046 -0.00502 0.00076
/seq_03/frame_00361.png /seq_03/frame_00363.png -0.00852 -0.00031 -0.00135 0.99999 -0.00046 -0.00502 0.00076
/seq_03/frame_00361.png /seq_03/frame_00364.png -0.04775 0.00446 0.00178 0.99977 -0.01051 -0.01855 -0.00157
/seq_03/frame_00361.png /seq_03/frame_00365.png -0.04775 0.00446 0.00178 0.99977 -0.01051 -0.01855 -0.00157
/seq_03/frame_00361.png /seq_03/frame_00366.png -0.13605 0.00566 -0.00045 0.99996 -0.00629 -0.00435 0.00535
/seq_03/frame_00361.png /seq_03/frame_00367.png -0.23419 -0.00854 -0.00332 0.99982 -0.01498 -0.00774 0.00904
/seq_03/frame_00361.png /seq_03/frame_00368.png -0.28305 -0.01235 -0.00813 0.99982 -0.01545 -0.00521 0.00925
/seq_03/frame_00361.png /seq_03/frame_00369.png -0.3286 -0.01294 -0.01169 0.99987 -0.01393 -0.00307 0.00782
/seq_03/frame_00361.png /seq_03/frame_00370.png -0.3286 -0.01294 -0.01169 0.99987 -0.01393 -0.00307 0.00782
/seq_03/frame_00361.png /seq_03/frame_00371.png -0.42467 -0.02022 -0.00916 0.99975 0.01241 -0.01688 0.00815
/seq_03/frame_00361.png /seq_03/frame_00372.png -0.44214 -0.02219 -0.00655 0.99949 0.01466 -0.02376 0.01552
/seq_03/frame_00361.png /seq_03/frame_00373.png -0.45453 -0.02239 -0.00503 0.99927 0.00817 -0.02843 0.02435
/seq_03/frame_00361.png /seq_03/frame_00374.png -0.47329 -0.03018 -0.0065 0.99927 -0.01018 -0.02572 0.02647
/seq_03/frame_00361.png /seq_03/frame_00375.png -0.4979 -0.043 -0.00856 0.99883 -0.03558 -0.02167 0.02437
/seq_03/frame_00361.png /seq_03/frame_00376.png -0.56381 -0.07699 -0.01381 0.99706 -0.07227 -0.01673 0.01907
/seq_03/frame_00361.png /seq_03/frame_00377.png -0.60123 -0.09224 -0.02335 0.99556 -0.09123 -0.00723 0.02204
/seq_03/frame_00361.png /seq_03/frame_00378.png -0.60123 -0.09224 -0.02335 0.99556 -0.09123 -0.00723 0.02204
/seq_03/frame_00361.png /seq_03/frame_00379.png -0.66865 -0.11449 -0.03917 0.99066 -0.13433 0.00868 0.02154
/seq_03/frame_00361.png /seq_03/frame_00380.png -0.72996 -0.11493 -0.04195 0.98412 -0.17625 0.01045 0.01803
/seq_03/frame_00361.png /seq_03/frame_00381.png -0.72996 -0.11493 -0.04195 0.98412 -0.17625 0.01045 0.01803
/seq_03/frame_00361.png /seq_03/frame_00382.png -0.77341 -0.09748 -0.04214 0.98019 -0.19649 0.00762 0.02385
/seq_03/frame_00361.png /seq_03/frame_00383.png -0.80617 -0.07995 -0.04361 0.97517 -0.22018 0.00703 0.02277
/seq_03/frame_00361.png /seq_03/frame_00384.png -0.8421 -0.06361 -0.04694 0.97022 -0.24097 0.0152 0.01948
/seq_03/frame_00361.png /seq_03/frame_00385.png -0.91797 -0.04045 -0.04647 0.95526 -0.29534 0.00872 0.01337
/seq_03/frame_00361.png /seq_03/frame_00386.png -0.95431 -0.03664 -0.04779 0.94702 -0.32087 0.00206 0.01388
/seq_03/frame_00361.png /seq_03/frame_00387.png -0.985 -0.03606 -0.051 0.93744 -0.34798 -0.00069 0.01101
/seq_03/frame_00361.png /seq_03/frame_00388.png -1.01086 -0.03262 -0.05416 0.93029 -0.36659 0.00313 0.01309
/seq_03/frame_00361.png /seq_03/frame_00389.png -1.03435 -0.032 -0.05247 0.92388 -0.38241 -0.00056 0.01473
/seq_03/frame_00361.png /seq_03/frame_00390.png -1.07182 -0.03092 -0.05091 0.90995 -0.4144 -0.00574 0.01534
/seq_03/frame_00391.png /seq_03/frame_00392.png -0.02069 0.0024 0.00132 0.99988 -0.01529 -0.00278 -0.00108
/seq_03/frame_00391.png /seq_03/frame_00393.png -0.04165 0.00577 0.00452 0.99954 -0.03017 0.00093 -0.00057
/seq_03/frame_00391.png /seq_03/frame_00394.png -0.04165 0.00577 0.00452 0.99954 -0.03017 0.00093 -0.00057
/seq_03/frame_00391.png /seq_03/frame_00395.png -0.08081 0.00084 0.01253 0.99726 -0.07387 -0.00067 -0.00353
/seq_03/frame_00391.png /seq_03/frame_00396.png -0.09069 -0.01012 0.0143 0.99652 -0.08332 -0.00039 -0.00213
/seq_03/frame_00391.png /seq_03/frame_00397.png -0.10498 -0.02332 0.01518 0.99531 -0.09666 0.00105 -0.00213
/seq_03/frame_00391.png /seq_03/frame_00398.png -0.12163 -0.04256 0.01639 0.99366 -0.11223 0.00659 -0.00261
/seq_03/frame_00391.png /seq_03/frame_00399.png -0.14674 -0.06061 0.01805 0.99272 -0.12042 0.0022 -0.00241
/seq_03/frame_00391.png /seq_03/frame_00400.png -0.20473 -0.09406 0.01322 0.98972 -0.14297 0.00395 -0.00255
/seq_03/frame_00391.png /seq_03/frame_00401.png -0.23947 -0.10739 0.0119 0.98727 -0.15882 0.00755 -0.00505
/seq_03/frame_00391.png /seq_03/frame_00402.png -0.23947 -0.10739 0.0119 0.98727 -0.15882 0.00755 -0.00505
/seq_03/frame_00391.png /seq_03/frame_00403.png -0.30824 -0.11026 0.01064 0.98243 -0.18636 0.00905 -0.00322
/seq_03/frame_00391.png /seq_03/frame_00404.png -0.35031 -0.09939 0.00962 0.9802 -0.19762 0.01167 -0.00386
/seq_03/frame_00391.png /seq_03/frame_00405.png -0.4486 -0.07135 -0.00266 0.98001 -0.1972 0.0263 0.00083
/seq_03/frame_00391.png /seq_03/frame_00406.png -0.49363 -0.0632 -0.01125 0.98114 -0.18983 0.03585 0.00628
/seq_03/frame_00391.png /seq_03/frame_00407.png -0.53413 -0.06233 -0.01283 0.98185 -0.1854 0.03907 0.00789
/seq_03/frame_00391.png /seq_03/frame_00408.png -0.53413 -0.06233 -0.01283 0.98185 -0.1854 0.03907 0.00789
/seq_03/frame_00391.png /seq_03/frame_00409.png -0.53413 -0.06233 -0.01283 0.98185 -0.1854 0.03907 0.00789
/seq_03/frame_00391.png /seq_03/frame_00410.png -0.6316 -0.06953 -0.02174 0.98384 -0.17026 0.0491 0.02565
/seq_03/frame_00391.png /seq_03/frame_00411.png -0.64785 -0.07147 -0.02277 0.9826 -0.17522 0.05288 0.03151
/seq_03/frame_00391.png /seq_03/frame_00412.png -0.65741 -0.07308 -0.02416 0.98029 -0.18663 0.05409 0.03576
/seq_03/frame_00391.png /seq_03/frame_00413.png -0.66699 -0.07621 -0.02679 0.97664 -0.20312 0.05889 0.03816
/seq_03/frame_00391.png /seq_03/frame_00414.png -0.67386 -0.08111 -0.0283 0.97368 -0.21574 0.06043 0.04192
/seq_03/frame_00391.png /seq_03/frame_00415.png -0.68288 -0.09234 -0.02567 0.96443 -0.25305 0.06291 0.04338
/seq_03/frame_00391.png /seq_03/frame_00416.png -0.68422 -0.09991 -0.02725 0.95998 -0.26779 0.06676 0.04759
/seq_03/frame_00391.png /seq_03/frame_00417.png -0.68867 -0.10578 -0.02945 0.95482 -0.2846 0.06809 0.05185
/seq_03/frame_00391.png /seq_03/frame_00418.png -0.69233 -0.11232 -0.03001 0.95027 -0.30007 0.06445 0.05287
/seq_03/frame_00391.png /seq_03/frame_00419.png -0.71469 -0.1114 -0.03131 0.93684 -0.34092 0.06244 0.04706
/seq_03/frame_00391.png /seq_03/frame_00420.png -0.71469 -0.1114 -0.03131 0.93684 -0.34092 0.06244 0.04706
/seq_03/frame_00421.png /seq_03/frame_00422.png 0.0 0.0 0.0 1.0 0.0 0.0 0.0
/seq_03/frame_00421.png /seq_03/frame_00423.png -0.10379 0.02888 -0.00195 0.99946 0.02927 0.01491 0.0029
/seq_03/frame_00421.png /seq_03/frame_00424.png -0.19349 0.03397 0.00796 0.99867 0.04993 0.01233 -0.003
/seq_03/frame_00421.png /seq_03/frame_00425.png -0.22728 0.03723 0.01566 0.99857 0.05237 0.00303 -0.01055
/seq_03/frame_00421.png /seq_03/frame_00426.png -0.22728 0.03723 0.01566 0.99857 0.05237 0.00303 -0.01055
/seq_03/frame_00421.png /seq_03/frame_00427.png -0.26661 0.0409 0.03583 0.99769 0.05506 -0.01431 -0.03722
/seq_03/frame_00421.png /seq_03/frame_00428.png -0.28093 0.04763 0.04721 0.99649 0.05965 -0.02759 -0.05177
/seq_03/frame_00421.png /seq_03/frame_00429.png -0.28742 0.08836 0.05239 0.99689 0.05806 -0.03182 -0.04266
/seq_03/frame_00421.png /seq_03/frame_00430.png -0.29878 0.1215 0.05293 0.99593 0.06033 -0.04158 -0.05252
/seq_03/frame_00421.png /seq_03/frame_00431.png -0.30719 0.16847 0.04921 0.9952 0.0675 -0.04387 -0.05556
/seq_03/frame_00421.png /seq_03/frame_00432.png -0.32357 0.21887 0.04809 0.99348 0.08213 -0.04729 -0.06336
/seq_03/frame_00421.png /seq_03/frame_00433.png -0.33457 0.27001 0.04868 0.99166 0.10058 -0.04599 -0.06616
/seq_03/frame_00421.png /seq_03/frame_00434.png -0.34932 0.34169 0.05737 0.98904 0.11583 -0.05459 -0.07356
/seq_03/frame_00421.png /seq_03/frame_00435.png -0.34561 0.35997 0.0643 0.98705 0.12706 -0.06291 -0.075
/seq_03/frame_00421.png /seq_03/frame_00436.png -0.34401 0.38159 0.07313 0.98686 0.12555 -0.06615 -0.07725
/seq_03/frame_00421.png /seq_03/frame_00437.png -0.34401 0.38159 0.07313 0.98686 0.12555 -0.06615 -0.07725
/seq_03/frame_00421.png /seq_03/frame_00438.png -0.33155 0.4318 0.08119 0.97919 0.16764 -0.08136 -0.08044
/seq_03/frame_00421.png /seq_03/frame_00439.png -0.35023 0.49862 0.09884 0.96881 0.21996 -0.07738 -0.08389
/seq_03/frame_00421.png /seq_03/frame_00440.png -0.35479 0.52856 0.10529 0.9599 0.25531 -0.08015 -0.08358
/seq_03/frame_00421.png /seq_03/frame_00441.png -0.35695 0.5524 0.10983 0.95214 0.28186 -0.08732 -0.07978
/seq_03/frame_00421.png /seq_03/frame_00442.png -0.36039 0.57282 0.11093 0.94602 0.30349 -0.08709 -0.07311
/seq_03/frame_00421.png /seq_03/frame_00443.png -0.36178 0.58794 0.11213 0.9412 0.32096 -0.07804 -0.07093
/seq_03/frame_00421.png /seq_03/frame_00444.png -0.36485 0.62077 0.1177 0.93839 0.33356 -0.05233 -0.07369
/seq_03/frame_00421.png /seq_03/frame_00445.png -0.36485 0.62077 0.1177 0.93839 0.33356 -0.05233 -0.07369
/seq_03/frame_00421.png /seq_03/frame_00446.png -0.3419 0.64893 0.12284 0.93005 0.3571 -0.03527 -0.07902
/seq_03/frame_00421.png /seq_03/frame_00447.png -0.32794 0.66344 0.124 0.93317 0.3499 -0.02064 -0.0796
/seq_03/frame_00421.png /seq_03/frame_00448.png -0.31934 0.68332 0.12767 0.9304 0.35724 -0.01508 -0.08068
/seq_03/frame_00421.png /seq_03/frame_00449.png -0.30219 0.7308 0.12481 0.93138 0.35638 -0.01613 -0.07256
/seq_03/frame_00421.png /seq_03/frame_00450.png -0.3014 0.75173 0.12526 0.9335 0.35017 -0.00122 -0.07717
/seq_03/frame_00451.png /seq_03/frame_00452.png 0.0 0.0 0.0 1.0 0.0 0.0 0.0
/seq_03/frame_00451.png /seq_03/frame_00453.png 0.00424 0.03331 0.00551 0.99943 0.02905 0.01439 -0.00894
/seq_03/frame_00451.png /seq_03/frame_00454.png -0.01453 0.07276 0.01276 0.99968 0.0025 0.02141 -0.01321
/seq_03/frame_00451.png /seq_03/frame_00455.png -0.02656 0.09498 0.01803 0.99941 0.01635 0.02462 -0.01721
/seq_03/frame_00451.png /seq_03/frame_00456.png -0.03805 0.0998 0.0176 0.99882 0.01309 0.0408 -0.02276
/seq_03/frame_00451.png /seq_03/frame_00457.png -0.03902 0.10571 0.0105 0.99792 0.03218 0.05336 -0.01656
/seq_03/frame_00451.png /seq_03/frame_00458.png -0.04139 0.11015 -0.00279 0.9966 0.03395 0.07424 -0.01086
/seq_03/frame_00451.png /seq_03/frame_00459.png -0.03511 0.10966 -0.01459 0.99474 0.0428 0.09301 -0.00383
/seq_03/frame_00451.png /seq_03/frame_00460.png -0.02678 0.10938 -0.02585 0.99228 0.05239 0.11232 0.00334
/seq_03/frame_00451.png /seq_03/frame_00461.png -0.02308 0.10508 -0.03373 0.9908 0.05327 0.12434 0.00531
/seq_03/frame_00451.png /seq_03/frame_00462.png -0.0161 0.10138 -0.04053 0.98956 0.06093 0.13032 0.00863
/seq_03/frame_00451.png /seq_03/frame_00463.png 0.00307 0.08136 -0.05441 0.98644 0.09105 0.13602 0.01201
/seq_03/frame_00451.png /seq_03/frame_00464.png 0.01154 0.07057 -0.0606 0.98573 0.1043 0.13146 0.01326
/seq_03/frame_00451.png /seq_03/frame_00465.png 0.01808 0.06007 -0.06652 0.985 0.1201 0.12299 0.01528
/seq_03/frame_00451.png /seq_03/frame_00466.png 0.02194 0.04304 -0.0703 0.98458 0.13421 0.111 0.01624
/seq_03/frame_00451.png /seq_03/frame_00467.png 0.02252 0.02638 -0.07547 0.98447 0.1421 0.10148 0.01823
/seq_03/frame_00451.png /seq_03/frame_00468.png 0.03205 -0.00723 -0.08896 0.9811 0.16912 0.09081 0.02428
/seq_03/frame_00451.png /seq_03/frame_00469.png 0.03752 -0.03138 -0.09204 0.97703 0.19539 0.08155 0.02411
/seq_03/frame_00451.png /seq_03/frame_00470.png 0.0406 -0.0618 -0.09817 0.97076 0.22907 0.06786 0.02326
/seq_03/frame_00451.png /seq_03/frame_00471.png 0.04042 -0.08427 -0.10157 0.9648 0.2574 0.04932 0.02185
/seq_03/frame_00451.png /seq_03/frame_00472.png 0.04091 -0.10075 -0.10864 0.96107 0.27221 0.03954 0.02602
/seq_03/frame_00451.png /seq_03/frame_00473.png 0.04473 -0.14417 -0.11449 0.95105 0.30756 0.01004 0.02855
/seq_03/frame_00451.png /seq_03/frame_00474.png 0.05244 -0.16474 -0.11685 0.94662 0.32107 0.00923 0.02738
/seq_03/frame_00451.png /seq_03/frame_00475.png 0.06265 -0.1834 -0.12223 0.93787 0.34545 0.00626 0.03188
/seq_03/frame_00451.png /seq_03/frame_00476.png 0.0716 -0.20348 -0.12743 0.92748 0.37191 0.00622 0.03775
/seq_03/frame_00451.png /seq_03/frame_00477.png 0.0716 -0.20348 -0.12743 0.92748 0.37191 0.00622 0.03775
/seq_03/frame_00451.png /seq_03/frame_00478.png 0.08269 -0.24829 -0.12663 0.91338 0.40511 0.00238 0.04022
/seq_03/frame_00451.png /seq_03/frame_00479.png 0.08831 -0.26805 -0.1147 0.91971 0.39139 -0.00111 0.03088
/seq_03/frame_00451.png /seq_03/frame_00480.png 0.08831 -0.26805 -0.1147 0.91971 0.39139 -0.00111 0.03088
/seq_03/frame_00481.png /seq_03/frame_00482.png -0.00429 -0.0118 0.0003 0.99952 -0.02956 0.00649 0.00679
/seq_03/frame_00481.png /seq_03/frame_00483.png -0.00074 -0.05662 0.00289 0.99773 -0.0636 0.00568 0.02145
/seq_03/frame_00481.png /seq_03/frame_00484.png 0.00632 -0.08411 0.00406 0.99457 -0.10169 0.00768 0.02072
/seq_03/frame_00481.png /seq_03/frame_00485.png 0.01595 -0.12145 0.01256 0.99157 -0.12649 -7e-05 0.02814
/seq_03/frame_00481.png /seq_03/frame_00486.png 0.01595 -0.12145 0.01256 0.99157 -0.12649 -7e-05 0.02814
/seq_03/frame_00481.png /seq_03/frame_00487.png 0.019 -0.20279 0.02869 0.98319 -0.17173 -0.0356 0.05087
/seq_03/frame_00481.png /seq_03/frame_00488.png 0.01068 -0.26394 0.04066 0.97568 -0.20455 -0.05805 0.05321
/seq_03/frame_00481.png /seq_03/frame_00489.png 0.00707 -0.29452 0.04962 0.97491 -0.20446 -0.06864 0.05514
/seq_03/frame_00481.png /seq_03/frame_00490.png 0.00633 -0.32443 0.05642 0.97421 -0.20304 -0.08429 0.05093
/seq_03/frame_00481.png /seq_03/frame_00491.png 0.00502 -0.34917 0.06106 0.97392 -0.19967 -0.097 0.0469
/seq_03/frame_00481.png /seq_03/frame_00492.png -0.00129 -0.37228 0.07262 0.97251 -0.18772 -0.12901 0.04835
/seq_03/frame_00481.png /seq_03/frame_00493.png -0.00571 -0.3753 0.07622 0.96956 -0.1947 -0.14095 0.04676
/seq_03/frame_00481.png /seq_03/frame_00494.png -0.01274 -0.3806 0.07868 0.96697 -0.20131 -0.14912 0.04694
/seq_03/frame_00481.png /seq_03/frame_00495.png -0.01647 -0.38167 0.07971 0.9644 -0.21472 -0.14857 0.04182
/seq_03/frame_00481.png /seq_03/frame_00496.png -0.01968 -0.38345 0.07896 0.96216 -0.22441 -0.14935 0.03982
/seq_03/frame_00481.png /seq_03/frame_00497.png -0.02186 -0.38512 0.07895 0.95668 -0.25093 -0.14401 0.03251
/seq_03/frame_00481.png /seq_03/frame_00498.png -0.02298 -0.38411 0.0794 0.9547 -0.25927 -0.14245 0.0321
/seq_03/frame_00481.png /seq_03/frame_00499.png -0.02533 -0.38597 0.0799 0.95203 -0.26988 -0.14114 0.02971
/seq_03/frame_00481.png /seq_03/frame_00500.png -0.0285 -0.38722 0.07986 0.94864 -0.28236 -0.14001 0.0273
/seq_03/frame_00481.png /seq_03/frame_00501.png -0.02852 -0.38863 0.07868 0.94521 -0.29541 -0.13695 0.0235
/seq_03/frame_00481.png /seq_03/frame_00502.png -0.03074 -0.39179 0.07461 0.94133 -0.31099 -0.12926 0.02175
/seq_03/frame_00481.png /seq_03/frame_00503.png -0.02966 -0.39359 0.07393 0.93902 -0.3192 -0.12611 0.02099
/seq_03/frame_00481.png /seq_03/frame_00504.png -0.02704 -0.39433 0.0738 0.93675 -0.32643 -0.12479 0.01912
/seq_03/frame_00481.png /seq_03/frame_00505.png -0.02444 -0.39394 0.07139 0.93341 -0.33623 -0.12421 0.01629
/seq_03/frame_00481.png /seq_03/frame_00506.png -0.02263 -0.39045 0.06828 0.93117 -0.3434 -0.12155 0.01475
/seq_03/frame_00481.png /seq_03/frame_00507.png -0.01955 -0.40314 0.06606 0.92706 -0.35483 -0.12053 0.01183
/seq_03/frame_00481.png /seq_03/frame_00508.png -0.01716 -0.40282 0.06448 0.92409 -0.3627 -0.12 0.0097
/seq_03/frame_00481.png /seq_03/frame_00509.png -0.01716 -0.40282 0.06448 0.92409 -0.3627 -0.12 0.0097
/seq_03/frame_00481.png /seq_03/frame_00510.png -0.01734 -0.40628 0.05994 0.91522 -0.38968 -0.10256 0.00134
/seq_03/frame_00511.png /seq_03/frame_00512.png 0.00508 -0.00225 -0.00084 0.99962 -0.02477 0.0103 0.00634
/seq_03/frame_00511.png /seq_03/frame_00513.png 0.00648 -0.00104 -0.00047 0.9993 -0.03528 0.0101 0.00751
/seq_03/frame_00511.png /seq_03/frame_00514.png 0.00839 -5e-05 -0.0009 0.99867 -0.04829 0.01383 0.01204
/seq_03/frame_00511.png /seq_03/frame_00515.png 0.01079 0.00129 -0.00068 0.99766 -0.06443 0.01835 0.01365
/seq_03/frame_00511.png /seq_03/frame_00516.png 0.01135 0.00198 -0.00177 0.99695 -0.07369 0.02035 0.01574
/seq_03/frame_00511.png /seq_03/frame_00517.png 0.01135 0.00198 -0.00177 0.99695 -0.07369 0.02035 0.01574
/seq_03/frame_00511.png /seq_03/frame_00518.png 0.01135 0.00198 -0.00177 0.99695 -0.07369 0.02035 0.01574
/seq_03/frame_00511.png /seq_03/frame_00519.png 0.04906 0.04325 -0.02203 0.99078 -0.1152 0.05035 0.05042
/seq_03/frame_00511.png /seq_03/frame_00520.png 0.08381 0.05813 -0.02934 0.98851 -0.12509 0.05888 0.06107
/seq_03/frame_00511.png /seq_03/frame_00521.png 0.12875 0.07896 -0.03467 0.98886 -0.12008 0.05213 0.07087
/seq_03/frame_00511.png /seq_03/frame_00522.png 0.20731 0.10833 -0.03821 0.9852 -0.14226 0.05233 0.08005
/seq_03/frame_00511.png /seq_03/frame_00523.png 0.23133 0.10195 -0.03888 0.9818 -0.15764 0.06383 0.08458
/seq_03/frame_00511.png /seq_03/frame_00524.png 0.26083 0.08189 -0.03713 0.98024 -0.16633 0.06807 0.08268
/seq_03/frame_00511.png /seq_03/frame_00525.png 0.29684 0.05832 -0.0366 0.97634 -0.18612 0.06666 0.08755
/seq_03/frame_00511.png /seq_03/frame_00526.png 0.34013 0.03034 -0.03889 0.97254 -0.20091 0.06216 0.09964
/seq_03/frame_00511.png /seq_03/frame_00527.png 0.38501 0.00182 -0.03946 0.96873 -0.21694 0.05521 0.10697
/seq_03/frame_00511.png /seq_03/frame_00528.png 0.48093 -0.04113 -0.05082 0.95746 -0.25209 0.07231 0.12041
/seq_03/frame_00511.png /seq_03/frame_00529.png 0.53957 -0.05652 -0.05722 0.95755 -0.24688 0.08025 0.12533
/seq_03/frame_00511.png /seq_03/frame_00530.png 0.60338 -0.05976 -0.06477 0.95819 -0.23817 0.09317 0.12829
/seq_03/frame_00511.png /seq_03/frame_00531.png 0.76393 -0.04521 -0.06328 0.95999 -0.23213 0.07476 0.13766
/seq_03/frame_00511.png /seq_03/frame_00532.png 0.84266 -0.04131 -0.0601 0.95752 -0.2422 0.06532 0.14224
/seq_03/frame_00511.png /seq_03/frame_00533.png 0.90841 -0.03793 -0.05749 0.95478 -0.25165 0.07133 0.14135
/seq_03/frame_00511.png /seq_03/frame_00534.png 0.96277 -0.04587 -0.0528 0.95293 -0.26377 0.06757 0.13338
/seq_03/frame_00511.png /seq_03/frame_00535.png 1.01512 -0.05827 -0.048 0.9449 -0.294 0.06872 0.12648
/seq_03/frame_00511.png /seq_03/frame_00536.png 1.11449 -0.0937 -0.04601 0.92392 -0.34985 0.05492 0.14477
/seq_03/frame_00511.png /seq_03/frame_00537.png 1.16305 -0.11452 -0.04336 0.91801 -0.36481 0.05454 0.14559
/seq_03/frame_00511.png /seq_03/frame_00538.png 1.21125 -0.12997 -0.04335 0.91319 -0.37742 0.05485 0.14363
/seq_03/frame_00511.png /seq_03/frame_00539.png 1.25267 -0.13755 -0.04485 0.91103 -0.38427 0.05293 0.13986
/seq_03/frame_00511.png /seq_03/frame_00540.png 1.25267 -0.13755 -0.04485 0.91103 -0.38427 0.05293 0.13986
/seq_03/frame_00541.png /seq_03/frame_00542.png 0.04929 0.01898 0.00357 0.99996 -0.0018 -0.00903 0.00153
/seq_03/frame_00541.png /seq_03/frame_00543.png 0.1009 0.03702 0.00722 0.99993 -0.00197 -0.01171 -0.00203
/seq_03/frame_00541.png /seq_03/frame_00544.png 0.15376 0.05592 0.01219 0.99975 0.00223 -0.02011 -0.00973
/seq_03/frame_00541.png /seq_03/frame_00545.png 0.20384 0.07038 0.02079 0.99955 0.0081 -0.01968 -0.02108
/seq_03/frame_00541.png /seq_03/frame_00546.png 0.28159 0.07912 0.03134 0.99858 0.02732 -0.02356 -0.03911
/seq_03/frame_00541.png /seq_03/frame_00547.png 0.31501 0.07509 0.03638 0.99714 0.04466 -0.03159 -0.05217
/seq_03/frame_00541.png /seq_03/frame_00548.png 0.34829 0.07234 0.04116 0.9958 0.0568 -0.03231 -0.06418
/seq_03/frame_00541.png /seq_03/frame_00549.png 0.38403 0.0681 0.04468 0.99501 0.05791 -0.03027 -0.07544
/seq_03/frame_00541.png /seq_03/frame_00550.png 0.38403 0.0681 0.04468 0.99501 0.05791 -0.03027 -0.07544
/seq_03/frame_00541.png /seq_03/frame_00551.png 0.47789 0.04687 0.05576 0.99404 0.04946 -0.03138 -0.09194
/seq_03/frame_00541.png /seq_03/frame_00552.png 0.47789 0.04687 0.05576 0.99404 0.04946 -0.03138 -0.09194
/seq_03/frame_00541.png /seq_03/frame_00553.png 0.64926 -0.01327 0.07713 0.99174 0.03579 -0.04177 -0.11591
/seq_03/frame_00541.png /seq_03/frame_00554.png 0.7013 -0.03367 0.0781 0.99168 0.03065 -0.04337 -0.11728
/seq_03/frame_00541.png /seq_03/frame_00555.png 0.73974 -0.04416 0.07336 0.99222 0.02074 -0.04578 -0.11391
/seq_03/frame_00541.png /seq_03/frame_00556.png 0.80371 -0.02225 0.05896 0.99439 0.01678 -0.03851 -0.09706
/seq_03/frame_00541.png /seq_03/frame_00557.png 0.84372 -0.00062 0.051 0.99513 0.02381 -0.03704 -0.08824
/seq_03/frame_00541.png /seq_03/frame_00558.png 0.89231 0.022 0.04708 0.99604 0.02658 -0.03301 -0.07819
/seq_03/frame_00541.png /seq_03/frame_00559.png 0.94111 0.04043 0.04375 0.99598 0.0394 -0.03421 -0.07283
/seq_03/frame_00541.png /seq_03/frame_00560.png 0.97875 0.05075 0.04069 0.99559 0.04702 -0.03517 -0.07317
/seq_03/frame_00541.png /seq_03/frame_00561.png 1.03329 0.05609 0.02903 0.99602 0.06551 -0.0171 -0.05799
/seq_03/frame_00541.png /seq_03/frame_00562.png 1.06003 0.05006 0.02701 0.9963 0.06711 -0.01552 -0.05131
/seq_03/frame_00541.png /seq_03/frame_00563.png 1.08604 0.03953 0.0237 0.99622 0.07507 -0.01436 -0.04138
/seq_03/frame_00541.png /seq_03/frame_00564.png 1.10679 0.02619 0.02015 0.99557 0.08567 -0.01467 -0.03585
/seq_03/frame_00541.png /seq_03/frame_00565.png 1.11897 0.01774 0.01777 0.9947 0.0963 -0.01344 -0.03332
/seq_03/frame_00541.png /seq_03/frame_00566.png 1.12813 0.00395 0.01405 0.9924 0.1192 -0.01121 -0.02824
/seq_03/frame_00541.png /seq_03/frame_00567.png 1.12792 0.00247 0.0117 0.9907 0.13324 -0.01048 -0.0256
/seq_03/frame_00541.png /seq_03/frame_00568.png 1.12513 0.00218 0.00819 0.9893 0.14423 -0.00624 -0.0212
/seq_03/frame_00541.png /seq_03/frame_00569.png 1.12287 0.00514 0.00276 0.98739 0.15753 -0.00372 -0.01553
/seq_03/frame_00541.png /seq_03/frame_00570.png 1.12179 0.01452 -0.01072 0.98355 0.18056 0.00546 -0.0006
/seq_03/frame_00571.png /seq_03/frame_00572.png 0.00111 -9e-05 -0.00581 0.99987 0.01398 0.00261 0.00697
/seq_03/frame_00571.png /seq_03/frame_00573.png 0.00305 -0.00329 -0.01015 0.9995 0.02899 0.00523 0.01106
/seq_03/frame_00571.png /seq_03/frame_00574.png 0.0054 -0.0041 -0.01489 0.99906 0.03821 0.00698 0.01923
/seq_03/frame_00571.png /seq_03/frame_00575.png 0.01237 -0.00525 -0.03505 0.99754 0.04959 0.02151 0.0446
/seq_03/frame_00571.png /seq_03/frame_00576.png 0.02132 -0.00902 -0.04625 0.99589 0.06404 0.03029 0.05642
/seq_03/frame_00571.png /seq_03/frame_00577.png 0.03368 -0.01389 -0.05321 0.99387 0.08338 0.03623 0.06291
/seq_03/frame_00571.png /seq_03/frame_00578.png 0.04827 -0.02257 -0.06018 0.99131 0.10479 0.04247 0.06723
/seq_03/frame_00571.png /seq_03/frame_00579.png 0.06103 -0.03343 -0.06499 0.98799 0.12871 0.04672 0.07162
/seq_03/frame_00571.png /seq_03/frame_00580.png 0.07781 -0.06132 -0.07071 0.98107 0.16939 0.06411 0.0685
/seq_03/frame_00571.png /seq_03/frame_00581.png 0.08268 -0.07483 -0.07456 0.97701 0.18897 0.06877 0.07074
/seq_03/frame_00571.png /seq_03/frame_00582.png 0.0894 -0.08839 -0.07697 0.97266 0.2089 0.0732 0.0702
/seq_03/frame_00571.png /seq_03/frame_00583.png 0.09313 -0.10563 -0.07655 0.9693 0.22306 0.07762 0.06843
/seq_03/frame_00571.png /seq_03/frame_00584.png 0.10299 -0.11734 -0.07943 0.96507 0.23937 0.08227 0.0676
/seq_03/frame_00571.png /seq_03/frame_00585.png 0.11746 -0.12861 -0.08356 0.96029 0.2559 0.08516 0.07152
/seq_03/frame_00571.png /seq_03/frame_00586.png 0.11746 -0.12861 -0.08356 0.96029 0.2559 0.08516 0.07152
/seq_03/frame_00571.png /seq_03/frame_00587.png 0.11746 -0.12861 -0.08356 0.96029 0.2559 0.08516 0.07152
/seq_03/frame_00571.png /seq_03/frame_00588.png 0.24317 -0.17722 -0.08741 0.94861 0.29208 0.09882 0.07113
/seq_03/frame_00571.png /seq_03/frame_00589.png 0.2751 -0.19387 -0.08288 0.9513 0.28616 0.09462 0.06478
/seq_03/frame_00571.png /seq_03/frame_00590.png 0.32271 -0.22728 -0.07152 0.96003 0.26013 0.08901 0.05244
/seq_03/frame_00571.png /seq_03/frame_00591.png 0.34127 -0.23834 -0.06646 0.96394 0.24891 0.07898 0.05129
/seq_03/frame_00571.png /seq_03/frame_00592.png 0.36528 -0.2456 -0.06121 0.96575 0.24086 0.08333 0.0487
/seq_03/frame_00571.png /seq_03/frame_00593.png 0.36528 -0.2456 -0.06121 0.96575 0.24086 0.08333 0.0487
/seq_03/frame_00571.png /seq_03/frame_00594.png 0.44824 -0.2454 -0.05731 0.9661 0.24368 0.06602 0.05389
/seq_03/frame_00571.png /seq_03/frame_00595.png 0.58992 -0.20779 -0.05474 0.96614 0.24104 0.07063 0.05901
/seq_03/frame_00571.png /seq_03/frame_00596.png 0.66554 -0.17595 -0.0559 0.96603 0.24043 0.07025 0.06363
/seq_03/frame_00571.png /seq_03/frame_00597.png 0.72887 -0.15304 -0.05881 0.96727 0.23188 0.0785 0.06675
/seq_03/frame_00571.png /seq_03/frame_00598.png 0.77152 -0.13857 -0.06393 0.96648 0.23237 0.08016 0.07411
/seq_03/frame_00571.png /seq_03/frame_00599.png 0.80488 -0.12797 -0.06498 0.96835 0.22388 0.07935 0.07665
/seq_03/frame_00571.png /seq_03/frame_00600.png 0.86314 -0.12197 -0.06577 0.97221 0.19948 0.08383 0.08937
/seq_03/frame_00601.png /seq_03/frame_00602.png 0.0 0.0 0.0 1.0 0.0 0.0 0.0
/seq_03/frame_00601.png /seq_03/frame_00603.png 0.12265 0.00376 0.00653 0.99914 -0.03811 -0.00577 0.01549
/seq_03/frame_00601.png /seq_03/frame_00604.png 0.23151 0.00748 0.0035 0.99699 -0.07337 0.00583 0.02457
/seq_03/frame_00601.png /seq_03/frame_00605.png 0.27597 0.01117 0.00282 0.99586 -0.08576 0.00494 0.02968
/seq_03/frame_00601.png /seq_03/frame_00606.png 0.27597 0.01117 0.00282 0.99586 -0.08576 0.00494 0.02968
/seq_03/frame_00601.png /seq_03/frame_00607.png 0.37018 0.03442 -5e-05 0.99438 -0.10043 -0.00112 0.03345
/seq_03/frame_00601.png /seq_03/frame_00608.png 0.37018 0.03442 -5e-05 0.99438 -0.10043 -0.00112 0.03345
/seq_03/frame_00601.png /seq_03/frame_00609.png 0.50576 0.08225 0.00131 0.99246 -0.1137 -0.00595 0.04539
/seq_03/frame_00601.png /seq_03/frame_00610.png 0.61024 0.1177 0.0035 0.9877 -0.14915 -0.00817 0.04625
/seq_03/frame_00601.png /seq_03/frame_00611.png 0.61024 0.1177 0.0035 0.9877 -0.14915 -0.00817 0.04625
/seq_03/frame_00601.png /seq_03/frame_00612.png 0.69739 0.12438 -0.00515 0.97653 -0.2106 -0.00813 0.0444
/seq_03/frame_00601.png /seq_03/frame_00613.png 0.74256 0.1146 -0.00849 0.96617 -0.25234 -0.01752 0.05025
/seq_03/frame_00601.png /seq_03/frame_00614.png 0.82585 0.11299 -0.00828 0.94276 -0.33007 -0.01932 0.04348
/seq_03/frame_00601.png /seq_03/frame_00615.png 0.84691 0.12857 -0.00822 0.93273 -0.35774 -0.01677 0.04179
/seq_03/frame_00601.png /seq_03/frame_00616.png 0.85962 0.15849 -0.00452 0.92258 -0.38363 -0.01783 0.03679
/seq_03/frame_00601.png /seq_03/frame_00617.png 0.87312 0.1957 -0.0003 0.91329 -0.40559 -0.02032 0.03145
/seq_03/frame_00601.png /seq_03/frame_00618.png 0.88684 0.23808 -0.00067 0.9078 -0.41758 -0.02944 0.02582
/seq_03/frame_00601.png /seq_03/frame_00619.png 0.91918 0.31281 -0.00014 0.89829 -0.43797 -0.03028 0.01839
/seq_03/frame_00601.png /seq_03/frame_00620.png 0.94321 0.33783 0.00212 0.89313 -0.44846 -0.02985 0.01757
/seq_03/frame_00601.png /seq_03/frame_00621.png 0.96918 0.35088 0.00438 0.88374 -0.46678 -0.02914 0.01647
/seq_03/frame_00601.png /seq_03/frame_00622.png 0.99694 0.36044 0.00941 0.86831 -0.4945 -0.03426 0.01852
/seq_03/frame_00601.png /seq_03/frame_00623.png 1.02257 0.3663 0.0155 0.85581 -0.51586 -0.03564 0.01456
/seq_03/frame_00601.png /seq_03/frame_00624.png 1.05761 0.35273 0.02726 0.83551 -0.54762 -0.0451 0.00133
/seq_03/frame_00601.png /seq_03/frame_00625.png 1.05761 0.35273 0.02726 0.83551 -0.54762 -0.0451 0.00133
/seq_03/frame_00601.png /seq_03/frame_00626.png 1.06807 0.35056 0.03963 0.81147 -0.58152 -0.05552 -0.01661
/seq_03/frame_00601.png /seq_03/frame_00627.png 1.07027 0.34859 0.0473 0.79967 -0.59666 -0.06088 -0.0285
/seq_03/frame_00601.png /seq_03/frame_00628.png 1.07431 0.34239 0.05417 0.79412 -0.6021 -0.07153 -0.04166
/seq_03/frame_00601.png /seq_03/frame_00629.png 1.08374 0.32387 0.06885 0.78854 -0.60527 -0.08354 -0.06988
/seq_03/frame_00601.png /seq_03/frame_00630.png 1.08518 0.31693 0.07482 0.78045 -0.61428 -0.08435 -0.08024
/seq_03/frame_00631.png /seq_03/frame_00632.png -0.00565 -0.00192 0.00159 0.99969 -0.0244 0.00563 -0.00161
/seq_03/frame_00631.png /seq_03/frame_00633.png -0.01179 -0.00161 0.00342 0.99897 -0.04418 0.01066 -0.00152
/seq_03/frame_00631.png /seq_03/frame_00634.png -0.03148 0.01029 0.00277 0.99562 -0.09265 0.0119 0.00254
/seq_03/frame_00631.png /seq_03/frame_00635.png -0.04749 0.00748 0.00504 0.99307 -0.11697 0.01097 0.00059
/seq_03/frame_00631.png /seq_03/frame_00636.png -0.07131 0.00109 0.00603 0.98868 -0.14989 0.00626 0.00328
/seq_03/frame_00631.png /seq_03/frame_00637.png -0.101 -0.00691 0.00426 0.98139 -0.19057 0.01395 0.01896
/seq_03/frame_00631.png /seq_03/frame_00638.png -0.13537 -0.01908 -1e-05 0.9741 -0.22452 0.01212 0.02393
/seq_03/frame_00631.png /seq_03/frame_00639.png -0.19454 -0.04412 -0.00716 0.96983 -0.24188 0.00697 0.02949
/seq_03/frame_00631.png /seq_03/frame_00640.png -0.22618 -0.05735 -0.00915 0.96579 -0.25729 0.00795 0.0313
/seq_03/frame_00631.png /seq_03/frame_00641.png -0.25895 -0.07137 -0.00767 0.95987 -0.27846 0.01076 0.03165
/seq_03/frame_00631.png /seq_03/frame_00642.png -0.29159 -0.08238 -0.00716 0.95603 -0.29159 0.01045 0.02948
/seq_03/frame_00631.png /seq_03/frame_00643.png -0.35768 -0.10182 -0.00785 0.94445 -0.32752 0.01775 0.02053
/seq_03/frame_00631.png /seq_03/frame_00644.png -0.38587 -0.10485 -0.01203 0.941 -0.33741 0.01899 0.01774
/seq_03/frame_00631.png /seq_03/frame_00645.png -0.40501 -0.10601 -0.01217 0.94063 -0.33878 0.01917 0.00915
/seq_03/frame_00631.png /seq_03/frame_00646.png -0.41992 -0.11171 -0.00988 0.93842 -0.34462 0.0245 0.00267
/seq_03/frame_00631.png /seq_03/frame_00647.png -0.41992 -0.11171 -0.00988 0.93842 -0.34462 0.0245 0.00267
/seq_03/frame_00631.png /seq_03/frame_00648.png -0.45814 -0.11945 0.01015 0.93049 -0.36265 0.05049 -0.01104
/seq_03/frame_00631.png /seq_03/frame_00649.png -0.46841 -0.11613 0.01699 0.9269 -0.37009 0.06103 -0.01307
/seq_03/frame_00631.png /seq_03/frame_00650.png -0.47579 -0.10509 0.02251 0.92653 -0.36993 0.06494 -0.02176
/seq_03/frame_00631.png /seq_03/frame_00651.png -0.47579 -0.10509 0.02251 0.92653 -0.36993 0.06494 -0.02176
/seq_03/frame_00631.png /seq_03/frame_00652.png -0.46731 -0.05785 0.03647 0.91747 -0.38841 0.07899 -0.034
/seq_03/frame_00631.png /seq_03/frame_00653.png -0.45307 0.01383 0.04597 0.90424 -0.41504 0.09108 -0.04233
/seq_03/frame_00631.png /seq_03/frame_00654.png -0.4473 0.05485 0.05351 0.9031 -0.41592 0.09699 -0.04482
/seq_03/frame_00631.png /seq_03/frame_00655.png -0.4477 0.09293 0.06157 0.90161 -0.41636 0.10484 -0.05248
/seq_03/frame_00631.png /seq_03/frame_00656.png -0.44457 0.12747 0.06687 0.89962 -0.4186 0.11038 -0.05721
/seq_03/frame_00631.png /seq_03/frame_00657.png -0.44186 0.15585 0.06996 0.89897 -0.41765 0.11718 -0.06082
/seq_03/frame_00631.png /seq_03/frame_00658.png -0.43191 0.21283 0.07259 0.89293 -0.42692 0.12852 -0.06246
/seq_03/frame_00631.png /seq_03/frame_00659.png -0.43191 0.21283 0.07259 0.89293 -0.42692 0.12852 -0.06246
/seq_03/frame_00631.png /seq_03/frame_00660.png -0.45041 0.24865 0.07525 0.89424 -0.42228 0.13382 -0.06412
/seq_03/frame_00661.png /seq_03/frame_00662.png -0.04702 0.02392 -0.00342 0.99993 0.00999 0.00025 -0.00559
/seq_03/frame_00661.png /seq_03/frame_00663.png -0.14419 0.07112 -0.01381 0.99988 0.00812 -0.01318 0.00256
/seq_03/frame_00661.png /seq_03/frame_00664.png -0.18331 0.08983 -0.02782 0.99959 -0.00172 -0.02638 0.0109
/seq_03/frame_00661.png /seq_03/frame_00665.png -0.18331 0.08983 -0.02782 0.99959 -0.00172 -0.02638 0.0109
/seq_03/frame_00661.png /seq_03/frame_00666.png -0.18331 0.08983 -0.02782 0.99959 -0.00172 -0.02638 0.0109
/seq_03/frame_00661.png /seq_03/frame_00667.png -0.18331 0.08983 -0.02782 0.99959 -0.00172 -0.02638 0.0109
/seq_03/frame_00661.png /seq_03/frame_00668.png -0.25807 0.15932 -0.07512 0.99614 0.00741 -0.08143 0.0319
/seq_03/frame_00661.png /seq_03/frame_00669.png -0.26718 0.24343 -0.08605 0.99472 -0.00127 -0.09551 0.03751
/seq_03/frame_00661.png /seq_03/frame_00670.png -0.26718 0.24343 -0.08605 0.99472 -0.00127 -0.09551 0.03751
/seq_03/frame_00661.png /seq_03/frame_00671.png -0.26473 0.35302 -0.0894 0.99187 -0.02676 -0.12011 0.03238
/seq_03/frame_00661.png /seq_03/frame_00672.png -0.26473 0.35302 -0.0894 0.99187 -0.02676 -0.12011 0.03238
/seq_03/frame_00661.png /seq_03/frame_00673.png -0.24779 0.45447 -0.08503 0.99074 -0.04493 -0.12497 0.02838
/seq_03/frame_00661.png /seq_03/frame_00674.png -0.24647 0.52451 -0.09171 0.98878 -0.05561 -0.13587 0.02761
/seq_03/frame_00661.png /seq_03/frame_00675.png -0.24647 0.52451 -0.09171 0.98878 -0.05561 -0.13587 0.02761
/seq_03/frame_00661.png /seq_03/frame_00676.png -0.28255 0.58958 -0.09355 0.98667 -0.06577 -0.14664 0.02571
/seq_03/frame_00661.png /seq_03/frame_00677.png -0.31338 0.62469 -0.08905 0.98596 -0.08023 -0.1455 0.01667
/seq_03/frame_00661.png /seq_03/frame_00678.png -0.37943 0.70883 -0.08052 0.98482 -0.11143 -0.13292 0.0071
/seq_03/frame_00661.png /seq_03/frame_00679.png -0.37943 0.70883 -0.08052 0.98482 -0.11143 -0.13292 0.0071
/seq_03/frame_00661.png /seq_03/frame_00680.png -0.41704 0.76973 -0.0758 0.98338 -0.13656 -0.11901 0.01246
/seq_03/frame_00661.png /seq_03/frame_00681.png -0.41704 0.76973 -0.0758 0.98338 -0.13656 -0.11901 0.01246
/seq_03/frame_00661.png /seq_03/frame_00682.png -0.44018 0.84703 -0.07176 0.97813 -0.17565 -0.11023 0.01582
/seq_03/frame_00661.png /seq_03/frame_00683.png -0.43321 0.97061 -0.06018 0.96873 -0.22477 -0.10485 0.00626
/seq_03/frame_00661.png /seq_03/frame_00684.png -0.42284 1.03288 -0.05325 0.9615 -0.25486 -0.10281 0.00091
/seq_03/frame_00661.png /seq_03/frame_00685.png -0.42284 1.03288 -0.05325 0.9615 -0.25486 -0.10281 0.00091
/seq_03/frame_00661.png /seq_03/frame_00686.png -0.41239 1.12418 -0.04824 0.9462 -0.30591 -0.10533 0.00504
/seq_03/frame_00661.png /seq_03/frame_00687.png -0.4331 1.18349 -0.04181 0.94399 -0.315 -0.09723 0.01414
/seq_03/frame_00661.png /seq_03/frame_00688.png -0.46369 1.21539 -0.04238 0.94162 -0.32332 -0.09243 0.01635
/seq_03/frame_00661.png /seq_03/frame_00689.png -0.50794 1.24812 -0.04203 0.93594 -0.33914 -0.09304 0.01861
/seq_03/frame_00661.png /seq_03/frame_00690.png -0.50794 1.24812 -0.04203 0.93594 -0.33914 -0.09304 0.01861
/seq_03/frame_00691.png /seq_03/frame_00692.png -0.06743 0.06644 0.00334 0.99963 -0.02252 0.00608 0.01399
/seq_03/frame_00691.png /seq_03/frame_00693.png -0.06743 0.06644 0.00334 0.99963 -0.02252 0.00608 0.01399
/seq_03/frame_00691.png /seq_03/frame_00694.png -0.12955 0.15227 0.00417 0.99773 -0.06466 0.01383 0.01292
/seq_03/frame_00691.png /seq_03/frame_00695.png -0.15948 0.2052 0.00617 0.99652 -0.08213 0.01272 0.00666
/seq_03/frame_00691.png /seq_03/frame_00696.png -0.18796 0.25952 0.00823 0.99508 -0.09852 0.01033 0.00227
/seq_03/frame_00691.png /seq_03/frame_00697.png -0.2334 0.34716 0.00982 0.99139 -0.13057 0.00733 -0.00692
/seq_03/frame_00691.png /seq_03/frame_00698.png -0.25244 0.3802 0.00807 0.99041 -0.13714 0.01411 -0.00932
/seq_03/frame_00691.png /seq_03/frame_00699.png -0.25244 0.3802 0.00807 0.99041 -0.13714 0.01411 -0.00932
/seq_03/frame_00691.png /seq_03/frame_00700.png -0.30383 0.42795 -0.0009 0.99022 -0.13881 0.01368 0.00154
/seq_03/frame_00691.png /seq_03/frame_00701.png -0.34398 0.44541 -0.00219 0.98934 -0.14444 0.01868 0.00177
/seq_03/frame_00691.png /seq_03/frame_00702.png -0.45642 0.48771 0.00858 0.98723 -0.15502 0.03652 -0.00168
/seq_03/frame_00691.png /seq_03/frame_00703.png -0.51289 0.50629 0.0126 0.98649 -0.15564 0.05106 -0.00021
/seq_03/frame_00691.png /seq_03/frame_00704.png -0.51289 0.50629 0.0126 0.98649 -0.15564 0.05106 -0.00021
/seq_03/frame_00691.png /seq_03/frame_00705.png -0.51289 0.50629 0.0126 0.98649 -0.15564 0.05106 -0.00021
/seq_03/frame_00691.png /seq_03/frame_00706.png -0.51289 0.50629 0.0126 0.98649 -0.15564 0.05106 -0.00021
/seq_03/frame_00691.png /seq_03/frame_00707.png -0.74658 0.67471 0.02128 0.97563 -0.20981 0.05865 0.02608
/seq_03/frame_00691.png /seq_03/frame_00708.png -0.79025 0.73169 0.02701 0.96886 -0.23816 0.06042 0.0307
/seq_03/frame_00691.png /seq_03/frame_00709.png -0.82752 0.78224 0.03349 0.96329 -0.2573 0.07019 0.03064
/seq_03/frame_00691.png /seq_03/frame_00710.png -0.866 0.81995 0.03816 0.96019 -0.26978 0.06468 0.0327
/seq_03/frame_00691.png /seq_03/frame_00711.png -0.90406 0.84045 0.0432 0.95631 -0.28217 0.06421 0.04165
/seq_03/frame_00691.png /seq_03/frame_00712.png -0.99604 0.85126 0.036 0.95249 -0.29474 0.06106 0.04654
/seq_03/frame_00691.png /seq_03/frame_00713.png -0.99604 0.85126 0.036 0.95249 -0.29474 0.06106 0.04654
/seq_03/frame_00691.png /seq_03/frame_00714.png -1.11039 0.8236 0.0394 0.94442 -0.31722 0.07835 0.03609
/seq_03/frame_00691.png /seq_03/frame_00715.png -1.11039 0.8236 0.0394 0.94442 -0.31722 0.07835 0.03609
/seq_03/frame_00691.png /seq_03/frame_00716.png -1.21237 0.78837 0.03797 0.92429 -0.36909 0.08175 0.05276
/seq_03/frame_00691.png /seq_03/frame_00717.png -1.2975 0.77356 0.03061 0.904 -0.41715 0.06955 0.06265
/seq_03/frame_00691.png /seq_03/frame_00718.png -1.2975 0.77356 0.03061 0.904 -0.41715 0.06955 0.06265
/seq_03/frame_00691.png /seq_03/frame_00719.png -1.40606 0.78412 0.02937 0.87665 -0.47586 0.05332 0.04696
/seq_03/frame_00691.png /seq_03/frame_00720.png -1.46412 0.79522 0.03242 0.86572 -0.4968 0.04881 0.03658
/seq_03/frame_00721.png /seq_03/frame_00722.png -0.04155 0.01402 -0.00976 0.99983 -0.01475 -0.00081 -0.0114
/seq_03/frame_00721.png /seq_03/frame_00723.png -0.04155 0.01402 -0.00976 0.99983 -0.01475 -0.00081 -0.0114
/seq_03/frame_00721.png /seq_03/frame_00724.png -0.10535 0.01446 -0.01734 0.99934 -0.02791 -0.0069 -0.02213
/seq_03/frame_00721.png /seq_03/frame_00725.png -0.13307 -0.00237 -0.01963 0.99922 -0.03392 0.0013 -0.02013
/seq_03/frame_00721.png /seq_03/frame_00726.png -0.19352 -0.06541 -0.02248 0.99547 -0.08966 0.00852 -0.03031
/seq_03/frame_00721.png /seq_03/frame_00727.png -0.19352 -0.06541 -0.02248 0.99547 -0.08966 0.00852 -0.03031
/seq_03/frame_00721.png /seq_03/frame_00728.png -0.2509 -0.13293 -0.02951 0.99252 -0.11744 0.00994 -0.03186
/seq_03/frame_00721.png /seq_03/frame_00729.png -0.2716 -0.15592 -0.03483 0.99164 -0.12207 0.00744 -0.04104
/seq_03/frame_00721.png /seq_03/frame_00730.png -0.2943 -0.17288 -0.03876 0.9913 -0.12283 0.0077 -0.04661
/seq_03/frame_00721.png /seq_03/frame_00731.png -0.35546 -0.19 -0.04335 0.98686 -0.15108 0.01506 -0.05529
/seq_03/frame_00721.png /seq_03/frame_00732.png -0.39707 -0.19064 -0.04517 0.98436 -0.1636 0.02015 -0.06215
/seq_03/frame_00721.png /seq_03/frame_00733.png -0.44109 -0.19014 -0.04395 0.98156 -0.17767 0.02661 -0.06533
/seq_03/frame_00721.png /seq_03/frame_00734.png -0.44109 -0.19014 -0.04395 0.98156 -0.17767 0.02661 -0.06533
/seq_03/frame_00721.png /seq_03/frame_00735.png -0.52063 -0.18697 -0.04025 0.974 -0.21726 0.02756 -0.05801
/seq_03/frame_00721.png /seq_03/frame_00736.png -0.58342 -0.21156 -0.03825 0.96482 -0.2547 0.0264 -0.05963
/seq_03/frame_00721.png /seq_03/frame_00737.png -0.60666 -0.24839 -0.03984 0.96211 -0.26245 0.03468 -0.06521
/seq_03/frame_00721.png /seq_03/frame_00738.png -0.63099 -0.29586 -0.03886 0.95855 -0.27287 0.04199 -0.07039
/seq_03/frame_00721.png /seq_03/frame_00739.png -0.64889 -0.34684 -0.03792 0.95391 -0.28876 0.04955 -0.06499
/seq_03/frame_00721.png /seq_03/frame_00740.png -0.66603 -0.39399 -0.03509 0.94863 -0.30652 0.04988 -0.06047
/seq_03/frame_00721.png /seq_03/frame_00741.png -0.68553 -0.46428 -0.03462 0.94241 -0.32673 0.05372 -0.04721
/seq_03/frame_00721.png /seq_03/frame_00742.png -0.68914 -0.49132 -0.03857 0.9378 -0.34017 0.04776 -0.05032
/seq_03/frame_00721.png /seq_03/frame_00743.png -0.69676 -0.5138 -0.04342 0.92994 -0.36149 0.03918 -0.05477
/seq_03/frame_00721.png /seq_03/frame_00744.png -0.71061 -0.53627 -0.04511 0.91995 -0.3869 0.03893 -0.04978
/seq_03/frame_00721.png /seq_03/frame_00745.png -0.7332 -0.56072 -0.04481 0.90278 -0.42522 0.04113 -0.04976
/seq_03/frame_00721.png /seq_03/frame_00746.png -0.79601 -0.60125 -0.04309 0.87699 -0.47502 0.05117 -0.05136
/seq_03/frame_00721.png /seq_03/frame_00747.png -0.79601 -0.60125 -0.04309 0.87699 -0.47502 0.05117 -0.05136
/seq_03/frame_00721.png /seq_03/frame_00748.png -0.85691 -0.60726 -0.04353 0.85325 -0.51692 0.05349 -0.04355
/seq_03/frame_00721.png /seq_03/frame_00749.png -0.88177 -0.59892 -0.04425 0.84386 -0.53276 0.04834 -0.04161
/seq_03/frame_00721.png /seq_03/frame_00750.png -0.90141 -0.5885 -0.043 0.84178 -0.53707 0.04123 -0.03564
/seq_03/frame_00751.png /seq_03/frame_00752.png -0.03293 0.01079 0.00326 0.99986 -0.01025 -0.0127 0.00432
/seq_03/frame_00751.png /seq_03/frame_00753.png -0.06494 0.0228 0.00804 0.99943 -0.01812 -0.02686 0.00972
/seq_03/frame_00751.png /seq_03/frame_00754.png -0.09234 0.03674 0.01188 0.99883 -0.02485 -0.03874 0.01503
/seq_03/frame_00751.png /seq_03/frame_00755.png -0.11893 0.05389 0.01603 0.99806 -0.03222 -0.0501 0.01836
/seq_03/frame_00751.png /seq_03/frame_00756.png -0.14452 0.07015 0.01848 0.99731 -0.03552 -0.06013 0.02234
/seq_03/frame_00751.png /seq_03/frame_00757.png -0.20733 0.09608 0.02043 0.99595 -0.02519 -0.07933 0.03412
/seq_03/frame_00751.png /seq_03/frame_00758.png -0.23752 0.10235 0.02433 0.99422 -0.02499 -0.09585 0.04153
/seq_03/frame_00751.png /seq_03/frame_00759.png -0.23752 0.10235 0.02433 0.99422 -0.02499 -0.09585 0.04153
/seq_03/frame_00751.png /seq_03/frame_00760.png -0.28038 0.08563 0.02341 0.9926 -0.00742 -0.11347 0.0425
/seq_03/frame_00751.png /seq_03/frame_00761.png -0.30179 0.03972 0.0333 0.99235 0.01536 -0.11609 0.03918
/seq_03/frame_00751.png /seq_03/frame_00762.png -0.30179 0.03972 0.0333 0.99235 0.01536 -0.11609 0.03918
/seq_03/frame_00751.png /seq_03/frame_00763.png -0.30179 0.03972 0.0333 0.99235 0.01536 -0.11609 0.03918
/seq_03/frame_00751.png /seq_03/frame_00764.png -0.4031 -0.08471 0.03575 0.99224 -0.01641 -0.11232 0.05069
/seq_03/frame_00751.png /seq_03/frame_00765.png -0.43937 -0.11701 0.03775 0.99172 -0.0262 -0.1144 0.05222
/seq_03/frame_00751.png /seq_03/frame_00766.png -0.48664 -0.12586 0.04208 0.9878 -0.07769 -0.12498 0.051
/seq_03/frame_00751.png /seq_03/frame_00767.png -0.5065 -0.11478 0.0409 0.98545 -0.10167 -0.12754 0.04773
/seq_03/frame_00751.png /seq_03/frame_00768.png -0.52103 -0.10351 0.03933 0.98287 -0.12374 -0.12955 0.04318
/seq_03/frame_00751.png /seq_03/frame_00769.png -0.53586 -0.09577 0.03611 0.98041 -0.14833 -0.12344 0.0395
/seq_03/frame_00751.png /seq_03/frame_00770.png -0.55993 -0.09065 0.03359 0.97603 -0.17821 -0.12031 0.03368
/seq_03/frame_00751.png /seq_03/frame_00771.png -0.61731 -0.1024 0.02949 0.96693 -0.22973 -0.10902 0.0195
/seq_03/frame_00751.png /seq_03/frame_00772.png -0.64879 -0.11475 0.02477 0.96461 -0.24436 -0.09866 0.00838
/seq_03/frame_00751.png /seq_03/frame_00773.png -0.6769 -0.12907 0.02411 0.96643 -0.24172 -0.08697 0.00328
/seq_03/frame_00751.png /seq_03/frame_00774.png -0.70651 -0.14144 0.02523 0.96873 -0.23255 -0.08647 0.00021
/seq_03/frame_00751.png /seq_03/frame_00775.png -0.7312 -0.16041 0.0251 0.97194 -0.21866 -0.08662 -0.00475
/seq_03/frame_00751.png /seq_03/frame_00776.png -0.76037 -0.22904 0.01995 0.98148 -0.17253 -0.08291 -0.00804
/seq_03/frame_00751.png /seq_03/frame_00777.png -0.76666 -0.27652 0.01491 0.98443 -0.1594 -0.07256 -0.01487
/seq_03/frame_00751.png /seq_03/frame_00778.png -0.76666 -0.27652 0.01491 0.98443 -0.1594 -0.07256 -0.01487
/seq_03/frame_00751.png /seq_03/frame_00779.png -0.77308 -0.37194 0.01726 0.98849 -0.13325 -0.07002 -0.01493
/seq_03/frame_00751.png /seq_03/frame_00780.png -0.77406 -0.41013 0.02294 0.98822 -0.131 -0.07687 -0.01852
/seq_03/frame_00781.png /seq_03/frame_00782.png 0.00042 -0.04672 4e-05 0.99999 0.00247 0.00048 0.00393
/seq_03/frame_00781.png /seq_03/frame_00783.png 0.00042 -0.04672 4e-05 0.99999 0.00247 0.00048 0.00393
/seq_03/frame_00781.png /seq_03/frame_00784.png -0.00859 -0.09429 0.00227 0.99993 0.00683 0.00525 0.00825
/seq_03/frame_00781.png /seq_03/frame_00785.png -0.013 -0.11595 0.00226 0.99979 0.00911 0.01186 0.01391
/seq_03/frame_00781.png /seq_03/frame_00786.png -0.01341 -0.16629 0.00144 0.99943 0.01566 0.01919 0.02298
/seq_03/frame_00781.png /seq_03/frame_00787.png -0.01038 -0.1898 0.00058 0.99912 0.01459 0.03031 0.02506
/seq_03/frame_00781.png /seq_03/frame_00788.png -0.01058 -0.21215 0.0021 0.99904 0.00721 0.03642 0.02343
/seq_03/frame_00781.png /seq_03/frame_00789.png -0.01348 -0.23645 0.00543 0.99893 0.00382 0.0415 0.02028
/seq_03/frame_00781.png /seq_03/frame_00790.png -0.02609 -0.28442 0.01445 0.99886 -0.00861 0.04414 0.01617
/seq_03/frame_00781.png /seq_03/frame_00791.png -0.02947 -0.31306 0.01672 0.99886 -0.00443 0.04623 0.01088
/seq_03/frame_00781.png /seq_03/frame_00792.png -0.03054 -0.33801 0.01665 0.99834 -0.00439 0.05659 0.00953
/seq_03/frame_00781.png /seq_03/frame_00793.png -0.03085 -0.36247 0.01639 0.99802 -0.00168 0.06171 0.01185
/seq_03/frame_00781.png /seq_03/frame_00794.png -0.03105 -0.3826 0.01496 0.99757 -0.00519 0.06909 0.00705
/seq_03/frame_00781.png /seq_03/frame_00795.png -0.03292 -0.42429 0.01848 0.99579 -0.01791 0.08965 0.00664
/seq_03/frame_00781.png /seq_03/frame_00796.png -0.03544 -0.44184 0.02357 0.99508 -0.02653 0.09464 0.01279
/seq_03/frame_00781.png /seq_03/frame_00797.png -0.03856 -0.45739 0.02915 0.99439 -0.0171 0.1006 0.02788
/seq_03/frame_00781.png /seq_03/frame_00798.png -0.0405 -0.47493 0.03772 0.99289 -0.02829 0.11035 0.03458
/seq_03/frame_00781.png /seq_03/frame_00799.png -0.0405 -0.47493 0.03772 0.99289 -0.02829 0.11035 0.03458
/seq_03/frame_00781.png /seq_03/frame_00800.png -0.05212 -0.5172 0.06241 0.9891 -0.06023 0.12977 0.03474
/seq_03/frame_00781.png /seq_03/frame_00801.png -0.05212 -0.5172 0.06241 0.9891 -0.06023 0.12977 0.03474
/seq_03/frame_00781.png /seq_03/frame_00802.png -0.05718 -0.54634 0.07275 0.98638 -0.09096 0.12936 0.04524
/seq_03/frame_00781.png /seq_03/frame_00803.png -0.05656 -0.55957 0.07787 0.98641 -0.0821 0.13169 0.05397
/seq_03/frame_00781.png /seq_03/frame_00804.png -0.05522 -0.57676 0.08124 0.985 -0.07843 0.14308 0.05608
/seq_03/frame_00781.png /seq_03/frame_00805.png -0.05398 -0.59245 0.0848 0.98283 -0.09231 0.15059 0.05326
/seq_03/frame_00781.png /seq_03/frame_00806.png -0.049 -0.62215 0.09181 0.98139 -0.10462 0.15183 0.05357
/seq_03/frame_00781.png /seq_03/frame_00807.png -0.04021 -0.62813 0.09044 0.98045 -0.09431 0.15828 0.06906
/seq_03/frame_00781.png /seq_03/frame_00808.png -0.03149 -0.6324 0.08901 0.97707 -0.11366 0.16943 0.06091
/seq_03/frame_00781.png /seq_03/frame_00809.png -0.01782 -0.62902 0.0897 0.97679 -0.11313 0.17079 0.06253
/seq_03/frame_00781.png /seq_03/frame_00810.png 0.00602 -0.61305 0.09237 0.97237 -0.1303 0.1812 0.06848
/seq_03/frame_00811.png /seq_03/frame_00812.png 0.01301 0.00974 0.00149 0.99997 -0.00602 0.00243 0.00377
/seq_03/frame_00811.png /seq_03/frame_00813.png 0.01301 0.00974 0.00149 0.99997 -0.00602 0.00243 0.00377
/seq_03/frame_00811.png /seq_03/frame_00814.png 0.04164 0.04072 0.0001 0.99929 -0.03516 0.0134 -0.00165
/seq_03/frame_00811.png /seq_03/frame_00815.png 0.06276 0.07638 -0.00368 0.99856 -0.04695 0.02561 0.00519
/seq_03/frame_00811.png /seq_03/frame_00816.png 0.07592 0.09498 -0.00432 0.9982 -0.05287 0.02766 0.00576
/seq_03/frame_00811.png /seq_03/frame_00817.png 0.07592 0.09498 -0.00432 0.9982 -0.05287 0.02766 0.00576
/seq_03/frame_00811.png /seq_03/frame_00818.png 0.10227 0.14203 -0.00902 0.99734 -0.06404 0.03369 0.00917
/seq_03/frame_00811.png /seq_03/frame_00819.png 0.11082 0.1672 -0.01243 0.99727 -0.06435 0.03442 0.01111
/seq_03/frame_00811.png /seq_03/frame_00820.png 0.12881 0.23908 -0.0216 0.9958 -0.0823 0.03991 0.00345
/seq_03/frame_00811.png /seq_03/frame_00821.png 0.13717 0.2854 -0.02313 0.99582 -0.08261 0.03837 0.00715
/seq_03/frame_00811.png /seq_03/frame_00822.png 0.14218 0.33159 -0.0254 0.99524 -0.08907 0.03936 -0.00291
/seq_03/frame_00811.png /seq_03/frame_00823.png 0.14365 0.37841 -0.03032 0.99575 -0.08154 0.041 -0.01236
/seq_03/frame_00811.png /seq_03/frame_00824.png 0.1363 0.48116 -0.03393 0.99578 -0.08218 0.03088 -0.02676
/seq_03/frame_00811.png /seq_03/frame_00825.png 0.12483 0.53035 -0.03883 0.99655 -0.07378 0.02711 -0.0267
/seq_03/frame_00811.png /seq_03/frame_00826.png 0.1085 0.57969 -0.04677 0.9971 -0.06269 0.02467 -0.03552
/seq_03/frame_00811.png /seq_03/frame_00827.png 0.09295 0.62098 -0.05591 0.99726 -0.0582 0.01953 -0.04121
/seq_03/frame_00811.png /seq_03/frame_00828.png 0.07516 0.66104 -0.05908 0.99846 -0.04254 0.01526 -0.03215
/seq_03/frame_00811.png /seq_03/frame_00829.png 0.04258 0.73493 -0.06703 0.99835 -0.0317 0.02317 -0.04193
/seq_03/frame_00811.png /seq_03/frame_00830.png 0.03572 0.76598 -0.07074 0.99773 -0.02618 0.03141 -0.05352
/seq_03/frame_00811.png /seq_03/frame_00831.png 0.03443 0.79457 -0.0742 0.99783 -0.01175 0.03158 -0.05649
/seq_03/frame_00811.png /seq_03/frame_00832.png 0.04316 0.82086 -0.08138 0.99771 -0.00165 0.0367 -0.05682
/seq_03/frame_00811.png /seq_03/frame_00833.png 0.06575 0.84704 -0.09264 0.99684 0.00692 0.05155 -0.06008
/seq_03/frame_00811.png /seq_03/frame_00834.png 0.13334 0.89854 -0.10292 0.9958 0.02574 0.04843 -0.07334
/seq_03/frame_00811.png /seq_03/frame_00835.png 0.16215 0.92993 -0.10256 0.99626 0.03739 0.03321 -0.07047
/seq_03/frame_00811.png /seq_03/frame_00836.png 0.18014 0.96138 -0.10768 0.99587 0.03699 0.04248 -0.07123
/seq_03/frame_00811.png /seq_03/frame_00837.png 0.1911 0.99577 -0.11363 0.99465 0.05124 0.05135 -0.07353
/seq_03/frame_00811.png /seq_03/frame_00838.png 0.1983 1.04485 -0.11555 0.9937 0.07141 0.04201 -0.07548
/seq_03/frame_00811.png /seq_03/frame_00839.png 0.22223 1.17349 -0.12348 0.99201 0.09642 0.04425 -0.06831
/seq_03/frame_00811.png /seq_03/frame_00840.png 0.22818 1.2219 -0.13008 0.99201 0.09425 0.04647 -0.06977
/seq_03/frame_00841.png /seq_03/frame_00842.png 0.00895 0.02401 -0.00253 0.99996 -0.00357 -0.0083 -0.0004
/seq_03/frame_00841.png /seq_03/frame_00843.png 0.02798 0.04544 -0.00764 0.99955 0.00644 -0.02792 0.00923
/seq_03/frame_00841.png /seq_03/frame_00844.png 0.10282 0.0896 -0.01824 0.99859 0.01034 -0.05147 0.00835
/seq_03/frame_00841.png /seq_03/frame_00845.png 0.14996 0.11295 -0.02169 0.99874 0.00804 -0.04953 0.00018
/seq_03/frame_00841.png /seq_03/frame_00846.png 0.19018 0.13058 -0.02318 0.99843 0.00063 -0.0553 -0.00905
/seq_03/frame_00841.png /seq_03/frame_00847.png 0.22774 0.14325 -0.02279 0.99825 0.0019 -0.05822 -0.01043
/seq_03/frame_00841.png /seq_03/frame_00848.png 0.25812 0.15451 -0.02139 0.99809 0.00605 -0.06107 -0.00664
/seq_03/frame_00841.png /seq_03/frame_00849.png 0.30839 0.1866 -0.02217 0.99809 0.03371 -0.05135 -0.00708
/seq_03/frame_00841.png /seq_03/frame_00850.png 0.3337 0.21594 -0.01799 0.99673 0.06009 -0.05241 -0.01337
/seq_03/frame_00841.png /seq_03/frame_00851.png 0.36192 0.24886 -0.01158 0.99517 0.08055 -0.05195 -0.02099
/seq_03/frame_00841.png /seq_03/frame_00852.png 0.38586 0.28035 -0.01062 0.994 0.09773 -0.04252 -0.02442
/seq_03/frame_00841.png /seq_03/frame_00853.png 0.39936 0.30764 -0.00876 0.99226 0.11649 -0.03802 -0.01992
/seq_03/frame_00841.png /seq_03/frame_00854.png 0.40733 0.35529 -0.0042 0.98844 0.14406 -0.04448 -0.01576
/seq_03/frame_00841.png /seq_03/frame_00855.png 0.40408 0.37585 -0.00373 0.98691 0.15338 -0.04633 -0.0184
/seq_03/frame_00841.png /seq_03/frame_00856.png 0.38532 0.38958 -0.00127 0.98448 0.16769 -0.05078 -0.01018
/seq_03/frame_00841.png /seq_03/frame_00857.png 0.35544 0.40405 -0.0019 0.98142 0.18297 -0.05769 -0.00374
/seq_03/frame_00841.png /seq_03/frame_00858.png 0.32109 0.42704 -0.00403 0.97949 0.19058 -0.06539 -0.00106
/seq_03/frame_00841.png /seq_03/frame_00859.png 0.24697 0.4879 -0.01815 0.97565 0.21057 -0.06021 -0.01192
/seq_03/frame_00841.png /seq_03/frame_00860.png 0.21538 0.51945 -0.01807 0.97265 0.22277 -0.06456 -0.01262
/seq_03/frame_00841.png /seq_03/frame_00861.png 0.18832 0.54785 -0.01763 0.97135 0.22736 -0.06907 -0.00488
/seq_03/frame_00841.png /seq_03/frame_00862.png 0.16484 0.56551 -0.01876 0.97045 0.23061 -0.07106 0.00094
/seq_03/frame_00841.png /seq_03/frame_00863.png 0.13977 0.5757 -0.01718 0.96843 0.23752 -0.0754 -0.00638
/seq_03/frame_00841.png /seq_03/frame_00864.png 0.13419 0.57547 -0.01067 0.96045 0.26385 -0.08868 0.00726
/seq_03/frame_00841.png /seq_03/frame_00865.png 0.13534 0.58412 -0.0086 0.95609 0.27913 -0.08887 0.00937
/seq_03/frame_00841.png /seq_03/frame_00866.png 0.13534 0.58412 -0.0086 0.95609 0.27913 -0.08887 0.00937
/seq_03/frame_00841.png /seq_03/frame_00867.png 0.12275 0.61586 -0.01204 0.95022 0.2997 -0.08525 0.00118
/seq_03/frame_00841.png /seq_03/frame_00868.png 0.10163 0.65223 -0.02001 0.94405 0.31945 -0.08202 0.00034
/seq_03/frame_00841.png /seq_03/frame_00869.png 0.09147 0.67299 -0.02036 0.94121 0.32754 -0.08272 0.00136
/seq_03/frame_00841.png /seq_03/frame_00870.png 0.08102 0.68952 -0.01745 0.93701 0.33841 -0.08654 0.00106
/seq_03/frame_00871.png /seq_03/frame_00872.png -0.01134 0.01237 0.00223 0.99992 0.01176 -0.00231 0.00376
/seq_03/frame_00871.png /seq_03/frame_00873.png -0.03267 0.02758 0.00785 0.99894 0.03916 -0.01139 0.02117
/seq_03/frame_00871.png /seq_03/frame_00874.png -0.03858 0.03561 0.0105 0.99815 0.0514 -0.01347 0.02957
/seq_03/frame_00871.png /seq_03/frame_00875.png -0.03858 0.03561 0.0105 0.99815 0.0514 -0.01347 0.02957
/seq_03/frame_00871.png /seq_03/frame_00876.png -0.04903 0.04858 0.01487 0.9966 0.06858 -0.01956 0.04129
/seq_03/frame_00871.png /seq_03/frame_00877.png -0.05488 0.04933 0.01693 0.99518 0.07997 -0.01926 0.05335
/seq_03/frame_00871.png /seq_03/frame_00878.png -0.06925 0.04784 0.02137 0.99182 0.10173 -0.02279 0.07359
/seq_03/frame_00871.png /seq_03/frame_00879.png -0.07636 0.04795 0.0222 0.9899 0.11268 -0.02284 0.08293
/seq_03/frame_00871.png /seq_03/frame_00880.png -0.07737 0.05106 0.02454 0.98795 0.12565 -0.02028 0.08803
/seq_03/frame_00871.png /seq_03/frame_00881.png -0.07737 0.05106 0.02454 0.98795 0.12565 -0.02028 0.08803
/seq_03/frame_00871.png /seq_03/frame_00882.png -0.07842 0.05856 0.03221 0.98422 0.14327 -0.02396 0.10108
/seq_03/frame_00871.png /seq_03/frame_00883.png -0.0786 0.0633 0.03723 0.97957 0.1674 -0.02034 0.10953
/seq_03/frame_00871.png /seq_03/frame_00884.png -0.07693 0.06226 0.04079 0.97735 0.17885 -0.02049 0.1113
/seq_03/frame_00871.png /seq_03/frame_00885.png -0.07342 0.05901 0.04646 0.97466 0.18716 -0.02233 0.12049
/seq_03/frame_00871.png /seq_03/frame_00886.png -0.07075 0.05492 0.04947 0.97328 0.19328 -0.02433 0.12156
/seq_03/frame_00871.png /seq_03/frame_00887.png -0.07214 0.05387 0.05299 0.97139 0.20046 -0.02414 0.12505
/seq_03/frame_00871.png /seq_03/frame_00888.png -0.08813 0.05499 0.06038 0.96447 0.22571 -0.02418 0.13516
/seq_03/frame_00871.png /seq_03/frame_00889.png -0.08813 0.05499 0.06038 0.96447 0.22571 -0.02418 0.13516
/seq_03/frame_00871.png /seq_03/frame_00890.png -0.10004 0.05213 0.06725 0.95916 0.24245 -0.01826 0.14458
/seq_03/frame_00871.png /seq_03/frame_00891.png -0.10004 0.05213 0.06725 0.95916 0.24245 -0.01826 0.14458
/seq_03/frame_00871.png /seq_03/frame_00892.png -0.10799 0.04723 0.06836 0.95274 0.26778 -0.01257 0.14287
/seq_03/frame_00871.png /seq_03/frame_00893.png -0.11411 0.04735 0.07114 0.94603 0.28695 -0.01156 0.15016
/seq_03/frame_00871.png /seq_03/frame_00894.png -0.11411 0.04735 0.07114 0.94603 0.28695 -0.01156 0.15016
/seq_03/frame_00871.png /seq_03/frame_00895.png -0.12351 0.05064 0.07291 0.94216 0.29637 -0.01963 0.15529
/seq_03/frame_00871.png /seq_03/frame_00896.png -0.12351 0.05064 0.07291 0.94216 0.29637 -0.01963 0.15529
/seq_03/frame_00871.png /seq_03/frame_00897.png -0.14401 0.0508 0.07441 0.93639 0.3114 -0.01927 0.16071
/seq_03/frame_00871.png /seq_03/frame_00898.png -0.15742 0.0533 0.07418 0.93554 0.31321 -0.0228 0.16172
/seq_03/frame_00871.png /seq_03/frame_00899.png -0.1847 0.05912 0.0716 0.93501 0.31531 -0.02656 0.1601
/seq_03/frame_00871.png /seq_03/frame_00900.png -0.1847 0.05912 0.0716 0.93501 0.31531 -0.02656 0.1601
/seq_03/frame_00901.png /seq_03/frame_00902.png -0.02462 0.01649 -0.0105 0.99917 -0.03544 -0.00089 -0.01993
/seq_03/frame_00901.png /seq_03/frame_00903.png -0.03839 0.02728 -0.01372 0.99771 -0.06055 0.0018 -0.03023
/seq_03/frame_00901.png /seq_03/frame_00904.png -0.04937 0.04431 -0.01339 0.99582 -0.08597 0.00044 -0.03077
/seq_03/frame_00901.png /seq_03/frame_00905.png -0.04352 0.05892 -0.01192 0.9932 -0.11054 -0.00445 -0.03613
/seq_03/frame_00901.png /seq_03/frame_00906.png -0.04352 0.05892 -0.01192 0.9932 -0.11054 -0.00445 -0.03613
/seq_03/frame_00901.png /seq_03/frame_00907.png -0.03028 0.07814 -0.02045 0.98716 -0.15381 -0.00136 -0.04299
/seq_03/frame_00901.png /seq_03/frame_00908.png 0.0212 0.13128 -0.02886 0.979 -0.1969 0.00408 -0.0527
/seq_03/frame_00901.png /seq_03/frame_00909.png 0.0441 0.16511 -0.0274 0.97593 -0.21203 0.00522 -0.05067
/seq_03/frame_00901.png /seq_03/frame_00910.png 0.0441 0.16511 -0.0274 0.97593 -0.21203 0.00522 -0.05067
/seq_03/frame_00901.png /seq_03/frame_00911.png 0.08211 0.22519 -0.03258 0.96925 -0.23952 0.01283 -0.05503
/seq_03/frame_00901.png /seq_03/frame_00912.png 0.09877 0.27896 -0.03683 0.96233 -0.26479 0.02051 -0.05822
/seq_03/frame_00901.png /seq_03/frame_00913.png 0.09877 0.27896 -0.03683 0.96233 -0.26479 0.02051 -0.05822
/seq_03/frame_00901.png /seq_03/frame_00914.png 0.10787 0.32542 -0.03837 0.95595 -0.28545 0.02437 -0.06393
/seq_03/frame_00901.png /seq_03/frame_00915.png 0.10787 0.32542 -0.03837 0.95595 -0.28545 0.02437 -0.06393
/seq_03/frame_00901.png /seq_03/frame_00916.png 0.11409 0.35144 -0.03874 0.95177 -0.29732 0.02676 -0.07086
/seq_03/frame_00901.png /seq_03/frame_00917.png 0.11541 0.37254 -0.03965 0.95154 -0.29535 0.02732 -0.08119
/seq_03/frame_00901.png /seq_03/frame_00918.png 0.11541 0.37254 -0.03965 0.95154 -0.29535 0.02732 -0.08119
/seq_03/frame_00901.png /seq_03/frame_00919.png 0.10754 0.39696 -0.0414 0.95411 -0.28511 0.03008 -0.08648
/seq_03/frame_00901.png /seq_03/frame_00920.png 0.10754 0.39696 -0.0414 0.95411 -0.28511 0.03008 -0.08648
/seq_03/frame_00901.png /seq_03/frame_00921.png 0.08595 0.41904 -0.03915 0.95382 -0.28599 0.03116 -0.08642
/seq_03/frame_00901.png /seq_03/frame_00922.png 0.0476 0.41716 -0.03714 0.95023 -0.29787 0.03086 -0.08596
/seq_03/frame_00901.png /seq_03/frame_00923.png 0.02636 0.41837 -0.03556 0.94731 -0.30622 0.03299 -0.088
/seq_03/frame_00901.png /seq_03/frame_00924.png 0.00523 0.42327 -0.03679 0.94545 -0.31114 0.03248 -0.09087
/seq_03/frame_00901.png /seq_03/frame_00925.png -0.01602 0.43144 -0.03935 0.94384 -0.31538 0.03059 -0.09364
/seq_03/frame_00901.png /seq_03/frame_00926.png -0.0392 0.44335 -0.04223 0.94377 -0.31502 0.03098 -0.09536
/seq_03/frame_00901.png /seq_03/frame_00927.png -0.07694 0.46413 -0.04214 0.94748 -0.3052 0.02565 -0.09207
/seq_03/frame_00901.png /seq_03/frame_00928.png -0.08294 0.47381 -0.04047 0.9514 -0.29408 0.02769 -0.08707
/seq_03/frame_00901.png /seq_03/frame_00929.png -0.08294 0.47381 -0.04047 0.9514 -0.29408 0.02769 -0.08707
/seq_03/frame_00901.png /seq_03/frame_00930.png -0.0911 0.49752 -0.037 0.9619 -0.2596 0.02588 -0.08172
