/seq_02/frame_00001.png /seq_02/frame_00002.png 0.03409 -0.03255 -0.00356 0.99958 0.02432 -0.01014 0.01221
/seq_02/frame_00001.png /seq_02/frame_00003.png 0.07069 -0.07195 -0.01125 0.99924 0.03475 -0.01529 0.00887
/seq_02/frame_00001.png /seq_02/frame_00004.png 0.09838 -0.09704 -0.01402 0.99892 0.04399 -0.01473 0.00142
/seq_02/frame_00001.png /seq_02/frame_00005.png 0.13697 -0.11858 -0.02137 0.99803 0.05603 -0.02707 -0.00751
/seq_02/frame_00001.png /seq_02/frame_00006.png 0.15229 -0.11498 -0.02551 0.99724 0.0669 -0.0277 -0.01656
/seq_02/frame_00001.png /seq_02/frame_00007.png 0.16651 -0.10507 -0.02852 0.99693 0.06965 -0.0271 -0.02326
/seq_02/frame_00001.png /seq_02/frame_00008.png 0.17162 -0.09082 -0.03412 0.99642 0.07022 -0.03693 -0.02933
/seq_02/frame_00001.png /seq_02/frame_00009.png 0.17924 -0.03892 -0.03627 0.99705 0.05517 -0.04949 -0.01991
/seq_02/frame_00001.png /seq_02/frame_00010.png 0.18238 -0.00205 -0.03507 0.99738 0.04786 -0.05134 -0.0174
/seq_02/frame_00001.png /seq_02/frame_00011.png 0.18544 0.03416 -0.0342 0.99818 0.03384 -0.04706 -0.01683
/seq_02/frame_00001.png /seq_02/frame_00012.png 0.1847 0.07122 -0.03574 0.99848 0.01494 -0.04997 -0.01764
/seq_02/frame_00001.png /seq_02/frame_00013.png 0.18158 0.10578 -0.037 0.99828 -0.00728 -0.05664 -0.01303
/seq_02/frame_00001.png /seq_02/frame_00014.png 0.15374 0.16667 -0.03387 0.99867 0.00048 -0.0504 -0.01052
/seq_02/frame_00001.png /seq_02/frame_00015.png 0.1199 0.19392 -0.03489 0.9987 0.01656 -0.04659 -0.01237
/seq_02/frame_00001.png /seq_02/frame_00016.png 0.07443 0.22701 -0.03253 0.99856 0.02965 -0.04174 -0.01578
/seq_02/frame_00001.png /seq_02/frame_00017.png 0.02916 0.2584 -0.02918 0.99902 0.02314 -0.03546 -0.01254
/seq_02/frame_00001.png /seq_02/frame_00018.png -0.01083 0.28958 -0.03499 0.99926 0.01211 -0.03428 -0.01246
/seq_02/frame_00001.png /seq_02/frame_00019.png -0.01083 0.28958 -0.03499 0.99926 0.01211 -0.03428 -0.01246
/seq_02/frame_00001.png /seq_02/frame_00020.png -0.01083 0.28958 -0.03499 0.99926 0.01211 -0.03428 -0.01246
/seq_02/frame_00001.png /seq_02/frame_00021.png -0.07664 0.48056 -0.05018 0.99496 -0.07464 -0.06137 -0.02668
/seq_02/frame_00001.png /seq_02/frame_00022.png -0.07393 0.51089 -0.05619 0.99397 -0.08298 -0.06787 -0.02288
/seq_02/frame_00001.png /seq_02/frame_00023.png -0.0673 0.53702 -0.05881 0.99272 -0.08526 -0.08214 -0.02195
/seq_02/frame_00001.png /seq_02/frame_00024.png -0.0377 0.58932 -0.05757 0.9898 -0.09994 -0.09708 -0.02971
/seq_02/frame_00001.png /seq_02/frame_00025.png -0.02761 0.61494 -0.05669 0.98931 -0.10132 -0.09921 -0.03389
/seq_02/frame_00001.png /seq_02/frame_00026.png -0.02024 0.6334 -0.05545 0.98837 -0.10229 -0.10749 -0.03329
/seq_02/frame_00001.png /seq_02/frame_00027.png -0.01667 0.65016 -0.04903 0.98815 -0.0992 -0.11293 -0.03104
/seq_02/frame_00001.png /seq_02/frame_00028.png -0.02674 0.67295 -0.03783 0.98892 -0.08872 -0.11558 -0.02833
/seq_02/frame_00001.png /seq_02/frame_00029.png -0.04244 0.6785 -0.03457 0.9889 -0.08505 -0.11872 -0.02725
/seq_02/frame_00001.png /seq_02/frame_00030.png -0.07228 0.68002 -0.03341 0.98835 -0.08652 -0.12193 -0.02839
/seq_02/frame_00001.png /seq_02/frame_00031.png -0.10999 0.67815 -0.03004 0.98817 -0.08968 -0.11989 -0.03338
/seq_02/frame_00001.png /seq_02/frame_00032.png -0.14126 0.67503 -0.02859 0.98735 -0.09205 -0.12443 -0.03445
/seq_02/frame_00001.png /seq_02/frame_00033.png -0.19502 0.66517 -0.02841 0.98859 -0.07855 -0.12203 -0.04041
/seq_02/frame_00001.png /seq_02/frame_00034.png -0.21805 0.65852 -0.02929 0.98849 -0.08066 -0.12127 -0.04101
/seq_02/frame_00001.png /seq_02/frame_00035.png -0.21805 0.65852 -0.02929 0.98849 -0.08066 -0.12127 -0.04101
/seq_02/frame_00001.png /seq_02/frame_00036.png -0.25698 0.66285 -0.03494 0.98793 -0.0723 -0.13058 -0.04134
/seq_02/frame_00001.png /seq_02/frame_00037.png -0.27631 0.67066 -0.03443 0.98735 -0.07819 -0.13405 -0.03252
/seq_02/frame_00001.png /seq_02/frame_00038.png -0.33409 0.70909 -0.03295 0.98678 -0.08526 -0.13413 -0.03163
/seq_02/frame_00001.png /seq_02/frame_00039.png -0.36679 0.74076 -0.02985 0.98594 -0.0948 -0.13315 -0.0346
/seq_02/frame_00001.png /seq_02/frame_00040.png -0.40293 0.77736 -0.02312 0.98489 -0.10822 -0.13021 -0.03636
/seq_02/frame_00001.png /seq_02/frame_00041.png -0.44049 0.81735 -0.01913 0.98335 -0.12139 -0.12968 -0.03832
/seq_02/frame_00001.png /seq_02/frame_00042.png -0.47794 0.85636 -0.01887 0.98188 -0.13022 -0.13191 -0.03931
/seq_02/frame_00001.png /seq_02/frame_00043.png -0.5313 0.92187 -0.01799 0.97907 -0.15433 -0.12637 -0.04038
/seq_02/frame_00001.png /seq_02/frame_00044.png -0.5553 0.93984 -0.01816 0.97618 -0.16894 -0.13259 -0.03073
/seq_02/frame_00001.png /seq_02/frame_00045.png -0.58807 0.95045 -0.01537 0.97612 -0.17031 -0.13207 -0.02729
/seq_02/frame_00001.png /seq_02/frame_00046.png -0.63172 0.95681 -0.01376 0.97522 -0.17972 -0.12622 -0.02695
/seq_02/frame_00001.png /seq_02/frame_00047.png -0.7476 0.97588 -0.01082 0.97351 -0.19477 -0.11255 -0.04086
/seq_02/frame_00001.png /seq_02/frame_00048.png -0.80317 0.9852 -0.01068 0.9719 -0.206 -0.10598 -0.04167
/seq_02/frame_00001.png /seq_02/frame_00049.png -0.84398 0.991 -0.0115 0.97056 -0.21248 -0.10627 -0.03964
/seq_02/frame_00001.png /seq_02/frame_00050.png -0.88535 1.00064 -0.01184 0.96681 -0.22814 -0.10842 -0.03837
/seq_02/frame_00051.png /seq_02/frame_00052.png -0.08505 0.04679 0.00861 0.99881 -0.0478 0.00667 -0.00737
/seq_02/frame_00051.png /seq_02/frame_00053.png -0.12524 0.07065 0.01271 0.99753 -0.06952 0.00483 -0.00927
/seq_02/frame_00051.png /seq_02/frame_00054.png -0.16472 0.09353 0.01713 0.99598 -0.08863 0.00599 -0.01117
/seq_02/frame_00051.png /seq_02/frame_00055.png -0.1984 0.11009 0.01557 0.99428 -0.10604 0.0054 -0.01191
/seq_02/frame_00051.png /seq_02/frame_00056.png -0.22878 0.11964 0.01217 0.9928 -0.11921 0.00366 -0.01139
/seq_02/frame_00051.png /seq_02/frame_00057.png -0.26027 0.11457 0.00791 0.99282 -0.11922 0.00046 -0.00986
/seq_02/frame_00051.png /seq_02/frame_00058.png -0.26027 0.11457 0.00791 0.99282 -0.11922 0.00046 -0.00986
/seq_02/frame_00051.png /seq_02/frame_00059.png -0.26027 0.11457 0.00791 0.99282 -0.11922 0.00046 -0.00986
/seq_02/frame_00051.png /seq_02/frame_00060.png -0.26027 0.11457 0.00791 0.99282 -0.11922 0.00046 -0.00986
/seq_02/frame_00051.png /seq_02/frame_00061.png -0.50472 0.00074 -0.00093 0.99267 -0.1204 0.00303 -0.01025
/seq_02/frame_00051.png /seq_02/frame_00062.png -0.58285 -0.02604 -0.0041 0.9936 -0.11271 -0.00721 -0.00324
/seq_02/frame_00051.png /seq_02/frame_00063.png -0.63548 -0.03451 -0.00625 0.99297 -0.1181 -0.00767 -0.00344
/seq_02/frame_00051.png /seq_02/frame_00064.png -0.70142 -0.04191 -0.00915 0.99112 -0.13208 -0.01554 -0.00118
/seq_02/frame_00051.png /seq_02/frame_00065.png -0.77527 -0.04572 -0.00579 0.98969 -0.14216 -0.01562 -0.00718
/seq_02/frame_00051.png /seq_02/frame_00066.png -0.91981 -0.03209 -0.00126 0.98869 -0.14933 0.00358 -0.01348
/seq_02/frame_00051.png /seq_02/frame_00067.png -0.97378 -0.02288 -0.00371 0.9896 -0.1432 0.00537 -0.01276
/seq_02/frame_00051.png /seq_02/frame_00068.png -1.02056 -0.01719 -0.00587 0.99059 -0.13634 -0.00207 -0.01174
/seq_02/frame_00051.png /seq_02/frame_00069.png -1.07371 -0.01866 -0.0048 0.99156 -0.12855 -0.0109 -0.01313
/seq_02/frame_00051.png /seq_02/frame_00070.png -1.13215 -0.03425 -0.00445 0.99281 -0.11903 5e-05 -0.01234
/seq_02/frame_00051.png /seq_02/frame_00071.png -1.2733 -0.07584 0.00089 0.99262 -0.1201 0.01403 -0.00936
/seq_02/frame_00051.png /seq_02/frame_00072.png -1.32858 -0.08606 0.00308 0.99209 -0.12518 0.00861 -0.00242
/seq_02/frame_00051.png /seq_02/frame_00073.png -1.36618 -0.09227 0.00153 0.99222 -0.12436 0.005 -0.00128
/seq_02/frame_00051.png /seq_02/frame_00074.png -1.36618 -0.09227 0.00153 0.99222 -0.12436 0.005 -0.00128
/seq_02/frame_00051.png /seq_02/frame_00075.png -1.44184 -0.09024 0.00194 0.98843 -0.15164 0.00019 0.00224
/seq_02/frame_00051.png /seq_02/frame_00076.png -1.52811 -0.06729 0.01084 0.98186 -0.18952 -0.00486 -0.0018
/seq_02/frame_00051.png /seq_02/frame_00077.png -1.57104 -0.05531 0.01836 0.97953 -0.20131 -0.0013 -0.00043
/seq_02/frame_00051.png /seq_02/frame_00078.png -1.608 -0.04924 0.02394 0.9779 -0.20895 -0.00331 0.0056
/seq_02/frame_00051.png /seq_02/frame_00079.png -1.63896 -0.04937 0.02389 0.97742 -0.21114 -0.00498 0.00642
/seq_02/frame_00051.png /seq_02/frame_00080.png -1.65459 -0.04962 0.01933 0.97679 -0.21406 -0.00399 0.00573
/seq_02/frame_00051.png /seq_02/frame_00081.png -1.62531 -0.05295 0.00934 0.97352 -0.22851 -0.00648 0.00294
/seq_02/frame_00051.png /seq_02/frame_00082.png -1.59773 -0.0624 0.01014 0.97406 -0.22617 -0.00707 -0.00327
/seq_02/frame_00051.png /seq_02/frame_00083.png -1.55637 -0.07591 0.01109 0.97608 -0.21733 -0.0038 -0.00532
/seq_02/frame_00051.png /seq_02/frame_00084.png -1.51245 -0.09284 0.01317 0.97876 -0.20497 -0.00384 -0.00169
/seq_02/frame_00051.png /seq_02/frame_00085.png -1.43731 -0.12363 0.00953 0.9855 -0.16925 -0.01231 0.00116
/seq_02/frame_00051.png /seq_02/frame_00086.png -1.40118 -0.1427 0.00726 0.99009 -0.1402 0.00643 0.00511
/seq_02/frame_00051.png /seq_02/frame_00087.png -1.36355 -0.16642 0.00338 0.99115 -0.13265 -0.00323 0.00426
/seq_02/frame_00051.png /seq_02/frame_00088.png -1.32791 -0.19254 -0.00132 0.99217 -0.12466 -0.00766 0.00279
/seq_02/frame_00051.png /seq_02/frame_00089.png -1.29282 -0.21642 -0.00383 0.99295 -0.11821 -0.0084 -0.00121
/seq_02/frame_00051.png /seq_02/frame_00090.png -1.2335 -0.26048 -0.01336 0.99397 -0.10829 -0.01162 -0.01251
/seq_02/frame_00051.png /seq_02/frame_00091.png -1.21263 -0.27947 -0.01523 0.9939 -0.10817 -0.01198 -0.01754
/seq_02/frame_00051.png /seq_02/frame_00092.png -1.20443 -0.29733 -0.02023 0.99402 -0.10626 -0.01023 -0.02296
/seq_02/frame_00051.png /seq_02/frame_00093.png -1.2131 -0.32141 -0.02816 0.99358 -0.10976 -0.01391 -0.02346
/seq_02/frame_00051.png /seq_02/frame_00094.png -1.24055 -0.35063 -0.03541 0.99379 -0.10913 -0.01289 -0.01775
/seq_02/frame_00051.png /seq_02/frame_00095.png -1.34019 -0.4152 -0.03634 0.99586 -0.09029 -0.00831 -0.00614
/seq_02/frame_00051.png /seq_02/frame_00096.png -1.38425 -0.43088 -0.03461 0.99758 -0.06901 0.00059 -0.00798
/seq_02/frame_00051.png /seq_02/frame_00097.png -1.42611 -0.43727 -0.03115 0.99833 -0.05725 0.00062 -0.00712
/seq_02/frame_00051.png /seq_02/frame_00098.png -1.46519 -0.43895 -0.03123 0.999 -0.04342 0.00668 -0.00799
/seq_02/frame_00051.png /seq_02/frame_00099.png -1.57022 -0.44532 -0.02705 0.99878 -0.04769 0.01245 -0.00076
/seq_02/frame_00051.png /seq_02/frame_00100.png -1.63395 -0.45127 -0.02462 0.99818 -0.05276 0.02801 -0.00815
/seq_02/frame_00101.png /seq_02/frame_00102.png 0.0 0.0 0.0 1.0 0.0 0.0 0.0
/seq_02/frame_00101.png /seq_02/frame_00103.png 0.0 0.0 0.0 1.0 0.0 0.0 0.0
/seq_02/frame_00101.png /seq_02/frame_00104.png -0.31744 0.07141 0.01972 0.99967 -0.01686 -0.0074 0.01801
/seq_02/frame_00101.png /seq_02/frame_00105.png -0.40673 0.11275 0.03356 0.99943 -0.0284 -0.00284 0.01807
/seq_02/frame_00101.png /seq_02/frame_00106.png -0.49553 0.15109 0.03875 0.99906 -0.03947 0.00336 0.01746
/seq_02/frame_00101.png /seq_02/frame_00107.png -0.56685 0.18454 0.04076 0.99849 -0.04965 0.00113 0.02345
/seq_02/frame_00101.png /seq_02/frame_00108.png -0.62395 0.20449 0.03937 0.99863 -0.04577 -0.00646 0.02438
/seq_02/frame_00101.png /seq_02/frame_00109.png -0.73162 0.21868 0.03345 0.99773 -0.05772 -0.01989 0.0286
/seq_02/frame_00101.png /seq_02/frame_00110.png -0.79839 0.22089 0.03165 0.99668 -0.07312 -0.01123 0.03399
/seq_02/frame_00101.png /seq_02/frame_00111.png -0.86522 0.22631 0.02729 0.99518 -0.09485 -0.0045 0.0244
/seq_02/frame_00101.png /seq_02/frame_00112.png -0.9262 0.23349 0.03355 0.99381 -0.10777 0.00268 0.02693
/seq_02/frame_00101.png /seq_02/frame_00113.png -0.97975 0.24641 0.03716 0.99153 -0.12485 -0.00178 0.03579
/seq_02/frame_00101.png /seq_02/frame_00114.png -1.09977 0.29927 0.0366 0.9844 -0.17262 -0.00616 0.03347
/seq_02/frame_00101.png /seq_02/frame_00115.png -1.15256 0.32537 0.03675 0.98097 -0.19182 -0.00378 0.02982
/seq_02/frame_00101.png /seq_02/frame_00116.png -1.19697 0.33931 0.03543 0.97876 -0.20294 -0.00922 0.02752
/seq_02/frame_00101.png /seq_02/frame_00117.png -1.22831 0.3365 0.03409 0.97776 -0.20753 -0.01227 0.02784
/seq_02/frame_00101.png /seq_02/frame_00118.png -1.2864 0.29282 0.03128 0.97267 -0.23054 -0.01145 0.02527
/seq_02/frame_00101.png /seq_02/frame_00119.png -1.2864 0.29282 0.03128 0.97267 -0.23054 -0.01145 0.02527
/seq_02/frame_00101.png /seq_02/frame_00120.png -1.35631 0.23345 0.03492 0.96035 -0.27712 -0.00206 0.03044
/seq_02/frame_00101.png /seq_02/frame_00121.png -1.38187 0.21086 0.03477 0.95665 -0.28987 -0.0054 0.02764
/seq_02/frame_00101.png /seq_02/frame_00122.png -1.41796 0.19217 0.03467 0.95223 -0.30408 -0.01297 0.02486
/seq_02/frame_00101.png /seq_02/frame_00123.png -1.50677 0.17199 0.03362 0.93502 -0.3541 -0.00238 0.01833
/seq_02/frame_00101.png /seq_02/frame_00124.png -1.56093 0.17493 0.02943 0.92726 -0.3742 0.001 0.01259
/seq_02/frame_00101.png /seq_02/frame_00125.png -1.61586 0.18283 0.02937 0.91945 -0.39308 -0.00163 0.00943
/seq_02/frame_00101.png /seq_02/frame_00126.png -1.66364 0.18539 0.02423 0.91276 -0.40841 -0.00655 0.00437
/seq_02/frame_00101.png /seq_02/frame_00127.png -1.70689 0.18839 0.0211 0.90788 -0.41911 -0.00999 -0.00198
/seq_02/frame_00101.png /seq_02/frame_00128.png -1.77177 0.15713 0.01161 0.89805 -0.43903 -0.02674 -0.00594
/seq_02/frame_00101.png /seq_02/frame_00129.png -1.82125 0.13248 0.01345 0.89409 -0.4471 -0.02508 -0.00896
/seq_02/frame_00101.png /seq_02/frame_00130.png -1.86501 0.09189 0.01258 0.88742 -0.46053 -0.01594 -0.01167
/seq_02/frame_00101.png /seq_02/frame_00131.png -1.90277 0.06533 0.00878 0.8731 -0.48712 -0.01067 -0.01693
/seq_02/frame_00101.png /seq_02/frame_00132.png -1.93623 0.04635 0.00737 0.85768 -0.5136 -0.01727 -0.01748
/seq_02/frame_00101.png /seq_02/frame_00133.png -2.00364 0.02767 0.0068 0.82176 -0.569 -0.02241 -0.02126
/seq_02/frame_00101.png /seq_02/frame_00134.png -2.03654 0.03794 0.01469 0.80152 -0.59759 -0.00974 -0.01912
/seq_02/frame_00101.png /seq_02/frame_00135.png -2.08112 0.04005 0.01927 0.78163 -0.62335 -0.00239 -0.02202
/seq_02/frame_00101.png /seq_02/frame_00136.png -2.12002 0.04428 0.02248 0.75924 -0.65047 0.00599 -0.02024
/seq_02/frame_00101.png /seq_02/frame_00137.png -2.14729 0.04046 0.02511 0.71601 -0.69778 0.00744 -0.01941
/seq_02/frame_00101.png /seq_02/frame_00138.png -2.13193 0.02201 0.02374 -0.68921 0.7243 -0.0089 0.01745
/seq_02/frame_00101.png /seq_02/frame_00139.png -2.13485 -0.00209 0.02028 -0.66872 0.74309 -0.01531 0.02004
/seq_02/frame_00101.png /seq_02/frame_00140.png -2.09357 -0.03063 0.02299 -0.6447 0.76415 -0.01861 0.00917
/seq_02/frame_00101.png /seq_02/frame_00141.png -2.08528 -0.05822 0.02556 -0.61961 0.78483 -0.01146 0.00235
/seq_02/frame_00101.png /seq_02/frame_00142.png -2.08245 -0.08302 0.02936 -0.59408 0.80436 -0.00803 -0.00396
/seq_02/frame_00101.png /seq_02/frame_00143.png -2.08245 -0.08302 0.02936 -0.59408 0.80436 -0.00803 -0.00396
/seq_02/frame_00101.png /seq_02/frame_00144.png -2.08245 -0.08302 0.02936 -0.59408 0.80436 -0.00803 -0.00396
/seq_02/frame_00101.png /seq_02/frame_00145.png -2.10011 -0.20112 0.05867 -0.46589 0.88457 0.00152 -0.022
/seq_02/frame_00101.png /seq_02/frame_00146.png -2.09244 -0.23227 0.05915 -0.45375 0.89072 0.00218 -0.02684
/seq_02/frame_00101.png /seq_02/frame_00147.png -2.06904 -0.24905 0.05795 -0.42898 0.9027 0.01078 -0.03156
/seq_02/frame_00101.png /seq_02/frame_00148.png -2.04967 -0.24264 0.06026 -0.41429 0.9093 0.01752 -0.0351
/seq_02/frame_00101.png /seq_02/frame_00149.png -2.02272 -0.23295 0.06218 -0.40628 0.91265 0.01919 -0.04046
/seq_02/frame_00101.png /seq_02/frame_00150.png -1.98825 -0.21802 0.06565 -0.40229 0.91393 0.01825 -0.05049
/seq_02/frame_00151.png /seq_02/frame_00152.png 0.10019 0.04205 -0.00248 0.99986 0.01392 -0.00938 -0.00281
/seq_02/frame_00151.png /seq_02/frame_00153.png 0.15252 0.0536 -0.00461 0.99973 0.01621 -0.01174 -0.01172
/seq_02/frame_00151.png /seq_02/frame_00154.png 0.19614 0.05485 -0.00482 0.99968 0.00837 -0.01936 -0.01367
/seq_02/frame_00151.png /seq_02/frame_00155.png 0.25838 0.04302 -0.00475 0.99938 -0.00354 -0.03007 -0.01778
/seq_02/frame_00151.png /seq_02/frame_00156.png 0.40268 -0.01087 0.00861 0.99893 -0.01605 -0.04191 -0.01108
/seq_02/frame_00151.png /seq_02/frame_00157.png 0.4731 -0.03201 0.01015 0.99854 -0.0168 -0.05076 -0.00726
/seq_02/frame_00151.png /seq_02/frame_00158.png 0.5301 -0.05017 0.00607 0.99896 -0.01486 -0.04148 -0.01179
/seq_02/frame_00151.png /seq_02/frame_00159.png 0.58542 -0.05225 -4e-05 0.99921 -0.00955 -0.03561 -0.01457
/seq_02/frame_00151.png /seq_02/frame_00160.png 0.63915 -0.03359 -0.00431 0.99935 0.00472 -0.03408 -0.01035
/seq_02/frame_00151.png /seq_02/frame_00161.png 0.78456 0.04834 -0.00226 0.99801 0.04285 -0.04451 -0.01281
/seq_02/frame_00151.png /seq_02/frame_00162.png 0.86368 0.08581 -0.00707 0.99666 0.06272 -0.04917 -0.01774
/seq_02/frame_00151.png /seq_02/frame_00163.png 0.93885 0.11292 -0.01142 0.99576 0.07971 -0.04497 -0.00952
/seq_02/frame_00151.png /seq_02/frame_00164.png 1.01683 0.13601 -0.01814 0.99586 0.0811 -0.03997 -0.00986
/seq_02/frame_00151.png /seq_02/frame_00165.png 1.10835 0.15497 -0.02789 0.99555 0.0838 -0.04251 -0.00656
/seq_02/frame_00151.png /seq_02/frame_00166.png 1.30233 0.18096 -0.02842 0.99633 0.0672 -0.04563 -0.02712
/seq_02/frame_00151.png /seq_02/frame_00167.png 1.38438 0.1868 -0.03128 0.997 0.06328 -0.03647 -0.02559
/seq_02/frame_00151.png /seq_02/frame_00168.png 1.45787 0.19659 -0.03551 0.9974 0.06338 -0.02817 -0.01971
/seq_02/frame_00151.png /seq_02/frame_00169.png 1.53212 0.2134 -0.0424 0.997 0.07286 -0.02416 -0.0095
/seq_02/frame_00151.png /seq_02/frame_00170.png 1.62396 0.23601 -0.0415 0.99588 0.08632 -0.02541 -0.01081
/seq_02/frame_00151.png /seq_02/frame_00171.png 1.80727 0.29062 -0.04461 0.99301 0.11421 -0.02798 -0.01012
/seq_02/frame_00151.png /seq_02/frame_00172.png 1.8813 0.31145 -0.04878 0.99326 0.11367 -0.02115 -0.00786
/seq_02/frame_00151.png /seq_02/frame_00173.png 1.9587 0.32546 -0.05295 0.9943 0.10487 -0.01592 -0.01084
/seq_02/frame_00151.png /seq_02/frame_00174.png 2.03948 0.33342 -0.05564 0.99463 0.10221 -0.01378 -0.00893
/seq_02/frame_00151.png /seq_02/frame_00175.png 2.18305 0.34244 -0.04426 0.99407 0.1054 -0.02175 -0.01547
/seq_02/frame_00151.png /seq_02/frame_00176.png 2.18305 0.34244 -0.04426 0.99407 0.1054 -0.02175 -0.01547
/seq_02/frame_00151.png /seq_02/frame_00177.png 2.27513 0.35223 -0.04795 0.99391 0.10786 -0.01568 -0.01651
/seq_02/frame_00151.png /seq_02/frame_00178.png 2.32207 0.36788 -0.05167 0.99284 0.11849 -0.01329 -0.0071
/seq_02/frame_00151.png /seq_02/frame_00179.png 2.32207 0.36788 -0.05167 0.99284 0.11849 -0.01329 -0.0071
/seq_02/frame_00151.png /seq_02/frame_00180.png 2.52992 0.47307 -0.05116 0.98496 0.17025 -0.01918 -0.02238
/seq_02/frame_00151.png /seq_02/frame_00181.png 2.59434 0.50277 -0.05596 0.98256 0.18393 -0.01356 -0.02364
/seq_02/frame_00151.png /seq_02/frame_00182.png 2.66077 0.52228 -0.05891 0.9817 0.18927 -0.01089 -0.01805
/seq_02/frame_00151.png /seq_02/frame_00183.png 2.66077 0.52228 -0.05891 0.9817 0.18927 -0.01089 -0.01805
/seq_02/frame_00151.png /seq_02/frame_00184.png 2.66077 0.52228 -0.05891 0.9817 0.18927 -0.01089 -0.01805
/seq_02/frame_00151.png /seq_02/frame_00185.png 2.66077 0.52228 -0.05891 0.9817 0.18927 -0.01089 -0.01805
/seq_02/frame_00151.png /seq_02/frame_00186.png 3.02654 0.52111 -0.04303 0.98421 0.17487 -0.0172 -0.02154
/seq_02/frame_00151.png /seq_02/frame_00187.png 3.02654 0.52111 -0.04303 0.98421 0.17487 -0.0172 -0.02154
/seq_02/frame_00151.png /seq_02/frame_00188.png 3.15577 0.54463 -0.04751 0.98268 0.18371 -0.00966 -0.02251
/seq_02/frame_00151.png /seq_02/frame_00189.png 3.30828 0.58523 -0.04106 0.97145 0.23448 -0.02015 -0.02984
/seq_02/frame_00151.png /seq_02/frame_00190.png 3.37663 0.59701 -0.0432 0.96987 0.24147 -0.01478 -0.02872
/seq_02/frame_00151.png /seq_02/frame_00191.png 3.43385 0.59395 -0.04584 0.96972 0.24294 -0.00901 -0.02342
/seq_02/frame_00151.png /seq_02/frame_00192.png 3.4988 0.57916 -0.04831 0.96937 0.24435 -0.01082 -0.02228
/seq_02/frame_00151.png /seq_02/frame_00193.png 3.56955 0.54413 -0.05053 0.96963 0.24299 -0.01246 -0.02508
/seq_02/frame_00151.png /seq_02/frame_00194.png 3.69448 0.43728 -0.03859 0.96737 0.24883 -0.0332 -0.03415
/seq_02/frame_00151.png /seq_02/frame_00195.png 3.74302 0.3934 -0.04327 0.96779 0.24893 -0.02423 -0.02887
/seq_02/frame_00151.png /seq_02/frame_00196.png 3.78415 0.36011 -0.04666 0.96844 0.24727 -0.01438 -0.02788
/seq_02/frame_00151.png /seq_02/frame_00197.png 3.82205 0.3303 -0.05015 0.96641 0.25596 -0.0065 -0.02213
/seq_02/frame_00151.png /seq_02/frame_00198.png 3.87533 0.29532 -0.05187 0.96547 0.25991 -0.00979 -0.0149
/seq_02/frame_00151.png /seq_02/frame_00199.png 3.99794 0.21978 -0.05371 0.97042 0.24108 -0.011 -0.00703
/seq_02/frame_00151.png /seq_02/frame_00200.png 4.04793 0.1887 -0.05496 0.97212 0.23435 0.00109 -0.00776
/seq_02/frame_00201.png /seq_02/frame_00202.png 0.067 -0.06723 -0.00148 0.99989 -0.01299 0.00625 -0.00185
/seq_02/frame_00201.png /seq_02/frame_00203.png 0.09491 -0.11841 -0.00177 0.99968 -0.02392 0.00772 -0.00046
/seq_02/frame_00201.png /seq_02/frame_00204.png 0.13988 -0.25144 0.01241 0.99934 -0.03542 0.00716 0.00426
/seq_02/frame_00201.png /seq_02/frame_00205.png 0.15627 -0.32023 0.0148 0.9992 -0.03827 0.00677 0.00937
/seq_02/frame_00201.png /seq_02/frame_00206.png 0.17547 -0.37816 0.01793 0.9993 -0.03563 0.00619 0.00936
/seq_02/frame_00201.png /seq_02/frame_00207.png 0.2009 -0.43101 0.0236 0.99966 -0.024 0.0042 0.00874
/seq_02/frame_00201.png /seq_02/frame_00208.png 0.28358 -0.54353 0.02748 0.99989 -0.00682 -0.00545 0.01162
/seq_02/frame_00201.png /seq_02/frame_00209.png 0.33382 -0.60226 0.02626 0.99977 0.00253 -0.00221 0.02126
/seq_02/frame_00201.png /seq_02/frame_00210.png 0.36742 -0.65525 0.03014 0.99968 0.01553 -0.00508 0.01937
/seq_02/frame_00201.png /seq_02/frame_00211.png 0.38589 -0.704 0.03064 0.99958 0.02429 -0.00817 0.01335
/seq_02/frame_00201.png /seq_02/frame_00212.png 0.39788 -0.75386 0.03103 0.99965 0.0207 -0.01316 0.00957
/seq_02/frame_00201.png /seq_02/frame_00213.png 0.38898 -0.87561 0.03232 0.99988 -0.00684 -0.00705 0.01201
/seq_02/frame_00201.png /seq_02/frame_00214.png 0.37208 -0.94142 0.03569 0.99956 -0.0235 -0.00305 0.01808
/seq_02/frame_00201.png /seq_02/frame_00215.png 0.36472 -0.99976 0.034 0.99882 -0.04574 0.00222 0.01591
/seq_02/frame_00201.png /seq_02/frame_00216.png 0.37004 -1.04386 0.02767 0.99773 -0.06663 0.00725 0.00651
/seq_02/frame_00201.png /seq_02/frame_00217.png 0.38564 -1.08081 0.02018 0.99617 -0.08647 0.0113 0.00574
/seq_02/frame_00201.png /seq_02/frame_00218.png 0.44221 -1.15984 0.01708 0.98938 -0.14372 0.00874 0.01987
/seq_02/frame_00201.png /seq_02/frame_00219.png 0.46966 -1.19645 0.01397 0.98435 -0.1736 0.00799 0.02906
/seq_02/frame_00201.png /seq_02/frame_00220.png 0.46966 -1.19645 0.01397 0.98435 -0.1736 0.00799 0.02906
/seq_02/frame_00201.png /seq_02/frame_00221.png 0.50963 -1.25191 0.00669 0.96258 -0.27003 0.01831 0.01348
/seq_02/frame_00201.png /seq_02/frame_00222.png 0.51218 -1.28742 0.00559 0.9465 -0.32153 0.02093 0.01757
/seq_02/frame_00201.png /seq_02/frame_00223.png 0.51976 -1.34012 -0.00284 0.91589 -0.40006 0.02734 0.01862
/seq_02/frame_00201.png /seq_02/frame_00224.png 0.53182 -1.33005 -0.00531 0.8993 -0.43587 0.03254 0.01442
/seq_02/frame_00201.png /seq_02/frame_00225.png 0.56356 -1.31132 -0.00228 0.88498 -0.46443 0.03083 0.01271
/seq_02/frame_00201.png /seq_02/frame_00226.png 0.57846 -1.27129 -0.00816 0.87183 -0.48894 0.02501 0.01507
/seq_02/frame_00201.png /seq_02/frame_00227.png 0.61572 -1.20531 -0.01838 0.84703 -0.53063 0.02574 0.01767
/seq_02/frame_00201.png /seq_02/frame_00228.png 0.62417 -1.17471 -0.02409 0.81889 -0.57274 0.03138 0.01993
/seq_02/frame_00201.png /seq_02/frame_00229.png 0.63069 -1.15214 -0.02452 0.78246 -0.62158 0.03172 0.02003
/seq_02/frame_00201.png /seq_02/frame_00230.png 0.6423 -1.13709 -0.0218 0.73696 -0.67505 0.02221 0.02663
/seq_02/frame_00201.png /seq_02/frame_00231.png 0.65223 -1.12818 -0.01793 -0.6822 0.73029 -0.01758 -0.0312
/seq_02/frame_00201.png /seq_02/frame_00232.png 0.66382 -1.1213 -0.0173 -0.59339 0.804 -0.02491 -0.02916
/seq_02/frame_00201.png /seq_02/frame_00233.png 0.66764 -1.10924 -0.00846 -0.56478 0.82447 -0.02335 -0.02678
/seq_02/frame_00201.png /seq_02/frame_00234.png 0.64904 -1.08156 -0.00778 -0.53544 0.84383 -0.02937 -0.01981
/seq_02/frame_00201.png /seq_02/frame_00235.png 0.62505 -1.04063 0.00141 -0.52117 0.8531 -0.01995 -0.01398
/seq_02/frame_00201.png /seq_02/frame_00236.png 0.58839 -0.99003 0.00903 -0.51114 0.85938 -0.01216 -0.00684
/seq_02/frame_00201.png /seq_02/frame_00237.png 0.50169 -0.88221 0.01068 -0.50508 0.86305 -0.0059 0.00202
/seq_02/frame_00201.png /seq_02/frame_00238.png 0.50169 -0.88221 0.01068 -0.50508 0.86305 -0.0059 0.00202
/seq_02/frame_00201.png /seq_02/frame_00239.png 0.44558 -0.76844 0.00647 -0.49612 0.86812 -0.01472 -0.00267
/seq_02/frame_00201.png /seq_02/frame_00240.png 0.44558 -0.76844 0.00647 -0.49612 0.86812 -0.01472 -0.00267
/seq_02/frame_00201.png /seq_02/frame_00241.png 0.42417 -0.61546 0.0036 -0.49605 0.86823 -0.01043 -0.00097
/seq_02/frame_00201.png /seq_02/frame_00242.png 0.41065 -0.45067 0.01547 -0.49162 0.87064 -0.01668 -0.00473
/seq_02/frame_00201.png /seq_02/frame_00243.png 0.40504 -0.38466 0.01486 -0.49594 0.86813 -0.0166 -0.01095
/seq_02/frame_00201.png /seq_02/frame_00244.png 0.38867 -0.32147 0.0088 -0.50653 0.86198 -0.01392 -0.01472
/seq_02/frame_00201.png /seq_02/frame_00245.png 0.35807 -0.23635 0.00664 -0.51732 0.85564 -0.01361 -0.00834
/seq_02/frame_00201.png /seq_02/frame_00246.png 0.28237 -0.07 0.01396 -0.54133 0.84071 -0.00816 0.00963
/seq_02/frame_00201.png /seq_02/frame_00247.png 0.25914 -0.00319 0.01302 -0.54869 0.836 -0.00545 0.00375
/seq_02/frame_00201.png /seq_02/frame_00248.png 0.24537 0.06829 0.01103 -0.54396 0.83908 -0.00417 0.00513
/seq_02/frame_00201.png /seq_02/frame_00249.png 0.24135 0.14426 0.01549 -0.5418 0.8404 0.00422 0.01253
/seq_02/frame_00201.png /seq_02/frame_00250.png 0.24135 0.14426 0.01549 -0.5418 0.8404 0.00422 0.01253
/seq_02/frame_00251.png /seq_02/frame_00252.png -0.00747 0.05301 -0.0038 0.99999 0.00154 -0.00333 -0.00068
/seq_02/frame_00251.png /seq_02/frame_00253.png -0.00747 0.05301 -0.0038 0.99999 0.00154 -0.00333 -0.00068
/seq_02/frame_00251.png /seq_02/frame_00254.png -0.04481 0.19438 -0.00034 0.9995 0.0229 0.00071 -0.0217
/seq_02/frame_00251.png /seq_02/frame_00255.png -0.07399 0.26339 0.003 0.99883 0.03862 0.00036 -0.02913
/seq_02/frame_00251.png /seq_02/frame_00256.png -0.11157 0.38473 -0.00311 0.99792 0.06075 -0.00182 -0.02159
/seq_02/frame_00251.png /seq_02/frame_00257.png -0.1128 0.45101 -0.00531 0.99793 0.0611 0.00227 -0.01993
/seq_02/frame_00251.png /seq_02/frame_00258.png -0.1128 0.45101 -0.00531 0.99793 0.0611 0.00227 -0.01993
/seq_02/frame_00251.png /seq_02/frame_00259.png -0.07792 0.61207 0.00099 0.9965 0.08037 0.00021 -0.0232
/seq_02/frame_00251.png /seq_02/frame_00260.png -0.0554 0.68704 0.00425 0.9957 0.08482 0.00253 -0.03713
/seq_02/frame_00251.png /seq_02/frame_00261.png -0.03772 0.79835 0.00291 0.99524 0.09401 0.00283 -0.02572
/seq_02/frame_00251.png /seq_02/frame_00262.png -0.04542 0.85782 0.00207 0.9939 0.10798 0.00368 -0.02196
/seq_02/frame_00251.png /seq_02/frame_00263.png -0.06369 0.91743 -9e-05 0.99165 0.12638 0.01272 -0.02216
/seq_02/frame_00251.png /seq_02/frame_00264.png -0.06369 0.91743 -9e-05 0.99165 0.12638 0.01272 -0.02216
/seq_02/frame_00251.png /seq_02/frame_00265.png -0.13981 1.07961 -0.01107 0.98557 0.1673 0.02093 -0.01496
/seq_02/frame_00251.png /seq_02/frame_00266.png -0.14983 1.12718 -0.0182 0.98585 0.16677 0.01721 -0.00033
/seq_02/frame_00251.png /seq_02/frame_00267.png -0.14558 1.1665 -0.02512 0.9853 0.17017 0.01154 0.00957
/seq_02/frame_00251.png /seq_02/frame_00268.png -0.13418 1.21768 -0.03435 0.98535 0.16845 0.01164 0.02387
/seq_02/frame_00251.png /seq_02/frame_00269.png -0.11476 1.26943 -0.03965 0.98482 0.16873 0.01481 0.03796
/seq_02/frame_00251.png /seq_02/frame_00270.png -0.07652 1.35097 -0.05009 0.98447 0.16523 0.01555 0.05732
/seq_02/frame_00251.png /seq_02/frame_00271.png -0.06562 1.37011 -0.05324 0.98506 0.16065 0.01875 0.0592
/seq_02/frame_00251.png /seq_02/frame_00272.png -0.06109 1.39388 -0.05922 0.98441 0.16182 0.02056 0.0658
/seq_02/frame_00251.png /seq_02/frame_00273.png -0.07907 1.39221 -0.06884 0.9829 0.16621 0.01791 0.07727
/seq_02/frame_00251.png /seq_02/frame_00274.png -0.07907 1.39221 -0.06884 0.9829 0.16621 0.01791 0.07727
/seq_02/frame_00251.png /seq_02/frame_00275.png -0.17416 1.48326 -0.07965 0.97148 0.21833 0.03219 0.0867
/seq_02/frame_00251.png /seq_02/frame_00276.png -0.17416 1.48326 -0.07965 0.97148 0.21833 0.03219 0.0867
/seq_02/frame_00251.png /seq_02/frame_00277.png -0.24837 1.54063 -0.08292 0.96377 0.24889 0.04406 0.08516
/seq_02/frame_00251.png /seq_02/frame_00278.png -0.27387 1.56456 -0.08349 0.95879 0.26815 0.04442 0.08275
/seq_02/frame_00251.png /seq_02/frame_00279.png -0.29595 1.61375 -0.07785 0.95754 0.27549 0.04149 0.07417
/seq_02/frame_00251.png /seq_02/frame_00280.png -0.28868 1.64666 -0.07403 0.95844 0.27427 0.04031 0.06747
/seq_02/frame_00251.png /seq_02/frame_00281.png -0.28868 1.64666 -0.07403 0.95844 0.27427 0.04031 0.06747
/seq_02/frame_00251.png /seq_02/frame_00282.png -0.28868 1.64666 -0.07403 0.95844 0.27427 0.04031 0.06747
/seq_02/frame_00251.png /seq_02/frame_00283.png -0.28868 1.64666 -0.07403 0.95844 0.27427 0.04031 0.06747
/seq_02/frame_00251.png /seq_02/frame_00284.png -0.20166 1.83068 -0.05956 0.96509 0.2535 0.04335 0.04963
/seq_02/frame_00251.png /seq_02/frame_00285.png -0.17339 1.88562 -0.06449 0.96921 0.23575 0.03335 0.06283
/seq_02/frame_00251.png /seq_02/frame_00286.png -0.17339 1.88562 -0.06449 0.96921 0.23575 0.03335 0.06283
/seq_02/frame_00251.png /seq_02/frame_00287.png -0.13383 1.95325 -0.06518 0.97616 0.20603 0.02097 0.06496
/seq_02/frame_00251.png /seq_02/frame_00288.png -0.10858 1.9959 -0.06464 0.97945 0.19081 0.01138 0.06441
/seq_02/frame_00251.png /seq_02/frame_00289.png -0.07311 2.06789 -0.06862 0.98565 0.15803 0.00463 0.05922
/seq_02/frame_00251.png /seq_02/frame_00290.png -0.06703 2.09606 -0.0705 0.98648 0.15169 0.00247 0.062
/seq_02/frame_00251.png /seq_02/frame_00291.png -0.06548 2.11715 -0.06833 0.98729 0.14754 0.00372 0.05897
/seq_02/frame_00251.png /seq_02/frame_00292.png -0.06247 2.13539 -0.06722 0.98777 0.14409 0.00254 0.05959
/seq_02/frame_00251.png /seq_02/frame_00293.png -0.05864 2.15475 -0.06584 0.98836 0.14019 -1e-05 0.0591
/seq_02/frame_00251.png /seq_02/frame_00294.png -0.03978 2.18889 -0.06121 0.98822 0.14237 -0.00817 0.05557
/seq_02/frame_00251.png /seq_02/frame_00295.png -0.02458 2.19598 -0.0582 0.98877 0.13914 -0.00142 0.05458
/seq_02/frame_00251.png /seq_02/frame_00296.png 0.00606 2.22008 -0.05984 0.98886 0.13959 0.00119 0.05175
/seq_02/frame_00251.png /seq_02/frame_00297.png 0.00606 2.22008 -0.05984 0.98886 0.13959 0.00119 0.05175
/seq_02/frame_00251.png /seq_02/frame_00298.png 0.14212 2.21866 -0.05508 0.99242 0.10932 0.0057 0.05582
/seq_02/frame_00251.png /seq_02/frame_00299.png 0.1978 2.20717 -0.0526 0.99383 0.09494 0.00424 0.05712
/seq_02/frame_00251.png /seq_02/frame_00300.png 0.24717 2.19502 -0.05058 0.99527 0.07947 0.00263 0.05583
/seq_02/frame_00301.png /seq_02/frame_00302.png 0.02995 -0.00365 5e-05 0.99999 0.00494 0.00153 -0.00174
/seq_02/frame_00301.png /seq_02/frame_00303.png 0.08935 0.01494 0.00453 0.99967 0.024 1e-05 -0.00967
/seq_02/frame_00301.png /seq_02/frame_00304.png 0.11598 0.03291 0.00704 0.99951 0.02722 -0.00684 -0.0141
/seq_02/frame_00301.png /seq_02/frame_00305.png 0.11598 0.03291 0.00704 0.99951 0.02722 -0.00684 -0.0141
/seq_02/frame_00301.png /seq_02/frame_00306.png 0.18172 0.08025 0.01764 0.99863 0.02741 -0.0063 -0.04408
/seq_02/frame_00301.png /seq_02/frame_00307.png 0.21489 0.0952 0.02038 0.99785 0.03141 -0.00447 -0.05728
/seq_02/frame_00301.png /seq_02/frame_00308.png 0.28734 0.09089 0.03135 0.99686 0.01816 -0.00403 -0.07703
/seq_02/frame_00301.png /seq_02/frame_00309.png 0.3301 0.07193 0.03578 0.99685 0.00536 -0.00742 -0.07872
/seq_02/frame_00301.png /seq_02/frame_00310.png 0.38031 0.04924 0.04288 0.99652 -0.00027 -0.01324 -0.08226
/seq_02/frame_00301.png /seq_02/frame_00311.png 0.42636 0.02478 0.04935 0.99597 -0.00926 -0.00588 -0.08903
/seq_02/frame_00301.png /seq_02/frame_00312.png 0.46615 0.00089 0.05168 0.99558 -0.02252 -0.00127 -0.0912
/seq_02/frame_00301.png /seq_02/frame_00313.png 0.51619 -0.00578 0.05734 0.9939 -0.04349 0.0091 -0.10098
/seq_02/frame_00301.png /seq_02/frame_00314.png 0.52303 0.01815 0.05831 0.99221 -0.06233 0.01454 -0.10686
/seq_02/frame_00301.png /seq_02/frame_00315.png 0.52675 0.04714 0.05774 0.99048 -0.08116 0.01433 -0.11026
/seq_02/frame_00301.png /seq_02/frame_00316.png 0.52106 0.07512 0.06386 0.9868 -0.10653 0.01705 -0.12078
/seq_02/frame_00301.png /seq_02/frame_00317.png 0.51244 0.10127 0.06677 0.98378 -0.13264 0.0275 -0.11761
/seq_02/frame_00301.png /seq_02/frame_00318.png 0.4877 0.12642 0.06937 0.97657 -0.17977 0.03767 -0.11212
/seq_02/frame_00301.png /seq_02/frame_00319.png 0.4877 0.12642 0.06937 0.97657 -0.17977 0.03767 -0.11212
/seq_02/frame_00301.png /seq_02/frame_00320.png 0.46463 0.11772 0.07299 0.96675 -0.22131 0.05191 -0.11713
/seq_02/frame_00301.png /seq_02/frame_00321.png 0.46463 0.11772 0.07299 0.96675 -0.22131 0.05191 -0.11713
/seq_02/frame_00301.png /seq_02/frame_00322.png 0.45728 0.09221 0.08341 0.95381 -0.26949 0.05849 -0.11916
/seq_02/frame_00301.png /seq_02/frame_00323.png 0.43224 0.09348 0.0819 0.94945 -0.28383 0.05596 -0.12189
/seq_02/frame_00301.png /seq_02/frame_00324.png 0.43178 0.08429 0.0871 0.94604 -0.29459 0.05682 -0.12244
/seq_02/frame_00301.png /seq_02/frame_00325.png 0.43178 0.08429 0.0871 0.94604 -0.29459 0.05682 -0.12244
/seq_02/frame_00301.png /seq_02/frame_00326.png 0.39465 0.08723 0.08593 0.93532 -0.32065 0.05849 -0.13764
/seq_02/frame_00301.png /seq_02/frame_00327.png 0.40414 0.06005 0.09817 0.9279 -0.33243 0.06199 -0.15702
/seq_02/frame_00301.png /seq_02/frame_00328.png 0.40414 0.06005 0.09817 0.9279 -0.33243 0.06199 -0.15702
/seq_02/frame_00301.png /seq_02/frame_00329.png 0.45171 0.01464 0.10942 0.91604 -0.3594 0.06573 -0.16546
/seq_02/frame_00301.png /seq_02/frame_00330.png 0.45171 0.01464 0.10942 0.91604 -0.3594 0.06573 -0.16546
/seq_02/frame_00301.png /seq_02/frame_00331.png 0.50919 -0.03777 0.11662 0.9031 -0.38793 0.06391 -0.17271
/seq_02/frame_00301.png /seq_02/frame_00332.png 0.54159 -0.08941 0.11395 0.88796 -0.4246 0.059 -0.16659
/seq_02/frame_00301.png /seq_02/frame_00333.png 0.54159 -0.08941 0.11395 0.88796 -0.4246 0.059 -0.16659
/seq_02/frame_00301.png /seq_02/frame_00334.png 0.55457 -0.12984 0.11582 0.87232 -0.45647 0.06448 -0.16291
/seq_02/frame_00301.png /seq_02/frame_00335.png 0.55264 -0.15342 0.11768 0.86626 -0.46612 0.0666 -0.16698
/seq_02/frame_00301.png /seq_02/frame_00336.png 0.5465 -0.18171 0.11538 0.8622 -0.47541 0.06691 -0.16163
/seq_02/frame_00301.png /seq_02/frame_00337.png 0.52791 -0.26316 0.09843 0.85438 -0.49615 0.06977 -0.13785
/seq_02/frame_00301.png /seq_02/frame_00338.png 0.52791 -0.26316 0.09843 0.85438 -0.49615 0.06977 -0.13785
/seq_02/frame_00301.png /seq_02/frame_00339.png 0.52621 -0.33952 0.09195 0.84528 -0.51464 0.06551 -0.1279
/seq_02/frame_00301.png /seq_02/frame_00340.png 0.52621 -0.33952 0.09195 0.84528 -0.51464 0.06551 -0.1279
/seq_02/frame_00301.png /seq_02/frame_00341.png 0.53018 -0.36094 0.08966 0.83332 -0.53478 0.06907 -0.12171
/seq_02/frame_00301.png /seq_02/frame_00342.png 0.56495 -0.35883 0.09566 0.81503 -0.56232 0.07225 -0.11957
/seq_02/frame_00301.png /seq_02/frame_00343.png 0.56495 -0.35883 0.09566 0.81503 -0.56232 0.07225 -0.11957
/seq_02/frame_00301.png /seq_02/frame_00344.png 0.61086 -0.34946 0.10179 0.79829 -0.58471 0.07668 -0.12239
/seq_02/frame_00301.png /seq_02/frame_00345.png 0.61086 -0.34946 0.10179 0.79829 -0.58471 0.07668 -0.12239
/seq_02/frame_00301.png /seq_02/frame_00346.png 0.66963 -0.34891 0.10347 0.77747 -0.61113 0.08332 -0.12293
/seq_02/frame_00301.png /seq_02/frame_00347.png 0.68655 -0.35461 0.10554 0.7684 -0.62304 0.08321 -0.12027
/seq_02/frame_00301.png /seq_02/frame_00348.png 0.69527 -0.35207 0.10034 0.76118 -0.63283 0.08249 -0.1154
/seq_02/frame_00301.png /seq_02/frame_00349.png 0.70557 -0.3498 0.10183 0.75699 -0.63872 0.0791 -0.1129
/seq_02/frame_00301.png /seq_02/frame_00350.png 0.70557 -0.3498 0.10183 0.75699 -0.63872 0.0791 -0.1129
/seq_02/frame_00351.png /seq_02/frame_00352.png -0.00419 -0.0023 -0.00758 0.99993 -0.00655 -0.00936 0.00104
/seq_02/frame_00351.png /seq_02/frame_00353.png -0.00457 -0.00814 -0.01144 0.99966 -0.01661 -0.02 0.00325
/seq_02/frame_00351.png /seq_02/frame_00354.png -0.01127 -0.01142 -0.01671 0.99926 -0.02796 -0.02586 0.00546
/seq_02/frame_00351.png /seq_02/frame_00355.png -0.01061 -0.02165 -0.02504 0.99857 -0.03532 -0.0389 0.00983
/seq_02/frame_00351.png /seq_02/frame_00356.png -0.00841 -0.02204 -0.02681 0.99872 -0.02932 -0.04045 0.0081
/seq_02/frame_00351.png /seq_02/frame_00357.png -0.00812 -0.02272 -0.02935 0.99871 -0.02528 -0.04308 0.00914
/seq_02/frame_00351.png /seq_02/frame_00358.png -0.02027 -0.02436 -0.02701 0.99867 -0.02185 -0.04582 0.00854
/seq_02/frame_00351.png /seq_02/frame_00359.png -0.01175 -0.02774 -0.03653 0.9984 -0.01559 -0.05296 0.01206
/seq_02/frame_00351.png /seq_02/frame_00360.png -0.0327 -0.02968 -0.03622 0.99802 -0.00395 -0.06058 0.01671
/seq_02/frame_00351.png /seq_02/frame_00361.png -0.06183 -0.03565 -0.05141 0.99649 0.02046 -0.07691 0.02597
/seq_02/frame_00351.png /seq_02/frame_00362.png -0.09501 -0.03927 -0.05356 0.99591 0.03638 -0.07718 0.02968
/seq_02/frame_00351.png /seq_02/frame_00363.png -0.13734 -0.0467 -0.05452 0.99494 0.05395 -0.07792 0.03324
/seq_02/frame_00351.png /seq_02/frame_00364.png -0.18019 -0.05976 -0.06017 0.9941 0.06303 -0.08188 0.03291
/seq_02/frame_00351.png /seq_02/frame_00365.png -0.25111 -0.09327 -0.06664 0.99331 0.07229 -0.0805 0.04026
/seq_02/frame_00351.png /seq_02/frame_00366.png -0.28294 -0.10351 -0.06525 0.99301 0.07538 -0.08056 0.04196
/seq_02/frame_00351.png /seq_02/frame_00367.png -0.32451 -0.09981 -0.06566 0.99296 0.07216 -0.0843 0.04148
/seq_02/frame_00351.png /seq_02/frame_00368.png -0.37647 -0.08896 -0.06705 0.99353 0.06902 -0.08093 0.0399
/seq_02/frame_00351.png /seq_02/frame_00369.png -0.51719 -0.05755 -0.07495 0.99371 0.06519 -0.08039 0.04267
/seq_02/frame_00351.png /seq_02/frame_00370.png -0.5864 -0.03656 -0.07156 0.99311 0.07963 -0.07405 0.04359
/seq_02/frame_00351.png /seq_02/frame_00371.png -0.5864 -0.03656 -0.07156 0.99311 0.07963 -0.07405 0.04359
/seq_02/frame_00351.png /seq_02/frame_00372.png -0.69364 -0.01698 -0.07024 0.99285 0.08292 -0.07803 0.03595
/seq_02/frame_00351.png /seq_02/frame_00373.png -0.74959 -0.01507 -0.07408 0.99175 0.09376 -0.08171 0.03095
/seq_02/frame_00351.png /seq_02/frame_00374.png -0.87919 -0.03379 -0.07098 0.98807 0.12858 -0.07477 0.04003
/seq_02/frame_00351.png /seq_02/frame_00375.png -0.87919 -0.03379 -0.07098 0.98807 0.12858 -0.07477 0.04003
/seq_02/frame_00351.png /seq_02/frame_00376.png -1.00261 -0.05858 -0.0747 0.98233 0.16553 -0.07128 0.05049
/seq_02/frame_00351.png /seq_02/frame_00377.png -1.04978 -0.06493 -0.08099 0.98057 0.17535 -0.07099 0.05187
/seq_02/frame_00351.png /seq_02/frame_00378.png -1.09453 -0.06158 -0.08644 0.97929 0.18117 -0.07511 0.05033
/seq_02/frame_00351.png /seq_02/frame_00379.png -1.13803 -0.04391 -0.09374 0.97894 0.18005 -0.07797 0.05638
/seq_02/frame_00351.png /seq_02/frame_00380.png -1.25206 0.01373 -0.10035 0.97264 0.21213 -0.07164 0.06192
/seq_02/frame_00351.png /seq_02/frame_00381.png -1.25206 0.01373 -0.10035 0.97264 0.21213 -0.07164 0.06192
/seq_02/frame_00351.png /seq_02/frame_00382.png -1.25206 0.01373 -0.10035 0.97264 0.21213 -0.07164 0.06192
/seq_02/frame_00351.png /seq_02/frame_00383.png -1.38075 0.07111 -0.11101 0.96034 0.24785 -0.09911 0.08057
/seq_02/frame_00351.png /seq_02/frame_00384.png -1.49103 0.09076 -0.12107 0.93684 0.32319 -0.09053 0.09839
/seq_02/frame_00351.png /seq_02/frame_00385.png -1.54658 0.09769 -0.12806 0.91972 0.36518 -0.0898 0.11263
/seq_02/frame_00351.png /seq_02/frame_00386.png -1.5836 0.10801 -0.1301 0.90152 0.40892 -0.08426 0.1138
/seq_02/frame_00351.png /seq_02/frame_00387.png -1.61681 0.1221 -0.13365 0.88715 0.43922 -0.08469 0.11348
/seq_02/frame_00351.png /seq_02/frame_00388.png -1.6586 0.18394 -0.14282 0.85112 0.50539 -0.07796 0.11875
/seq_02/frame_00351.png /seq_02/frame_00389.png -1.67434 0.22858 -0.14671 0.82993 0.5375 -0.07696 0.12805
/seq_02/frame_00351.png /seq_02/frame_00390.png -1.67548 0.28498 -0.14723 0.81138 0.56656 -0.06821 0.12658
/seq_02/frame_00351.png /seq_02/frame_00391.png -1.67548 0.28498 -0.14723 0.81138 0.56656 -0.06821 0.12658
/seq_02/frame_00351.png /seq_02/frame_00392.png -1.71188 0.34254 -0.14307 0.78244 0.60459 -0.06574 0.13396
/seq_02/frame_00351.png /seq_02/frame_00393.png -1.74855 0.42522 -0.14408 0.74729 0.64707 -0.06154 0.13808
/seq_02/frame_00351.png /seq_02/frame_00394.png -1.77194 0.47987 -0.14115 0.72502 0.67151 -0.05367 0.14333
/seq_02/frame_00351.png /seq_02/frame_00395.png -1.80013 0.53372 -0.13986 0.70533 0.69117 -0.04584 0.15065
/seq_02/frame_00351.png /seq_02/frame_00396.png -1.82917 0.58728 -0.1405 0.69214 0.70491 -0.03922 0.15001
/seq_02/frame_00351.png /seq_02/frame_00397.png -1.82917 0.58728 -0.1405 0.69214 0.70491 -0.03922 0.15001
/seq_02/frame_00351.png /seq_02/frame_00398.png -1.88877 0.71203 -0.14906 0.66173 0.73219 -0.03946 0.15637
/seq_02/frame_00351.png /seq_02/frame_00399.png -1.89429 0.75884 -0.14978 0.65593 0.73717 -0.04299 0.15647
/seq_02/frame_00351.png /seq_02/frame_00400.png -1.88263 0.8091 -0.153 0.64378 0.74711 -0.04435 0.15938
/seq_02/frame_00401.png /seq_02/frame_00402.png 0.00088 0.05594 0.00261 0.99987 0.0156 -0.0018 -0.0039
/seq_02/frame_00401.png /seq_02/frame_00403.png 0.02788 0.12252 0.01247 0.99979 0.01838 0.00374 -0.00829
/seq_02/frame_00401.png /seq_02/frame_00404.png 0.04859 0.13776 0.01635 0.99983 0.01163 0.00164 -0.01394
/seq_02/frame_00401.png /seq_02/frame_00405.png 0.05432 0.1632 0.01313 0.99995 0.00708 0.00267 -0.00587
/seq_02/frame_00401.png /seq_02/frame_00406.png 0.0626 0.1984 0.01029 0.99996 0.00841 0.00358 0.00167
/seq_02/frame_00401.png /seq_02/frame_00407.png 0.08015 0.29246 0.01271 0.99978 0.01982 -0.0004 0.00634
/seq_02/frame_00401.png /seq_02/frame_00408.png 0.08363 0.34638 0.01598 0.99979 0.01946 -0.00111 0.00592
/seq_02/frame_00401.png /seq_02/frame_00409.png 0.08742 0.39579 0.01566 0.99975 0.02108 -0.0013 0.00752
/seq_02/frame_00401.png /seq_02/frame_00410.png 0.09324 0.44016 0.01455 0.99973 0.02196 -0.0029 0.00656
/seq_02/frame_00401.png /seq_02/frame_00411.png 0.09762 0.47332 0.01235 0.99976 0.02023 -0.00283 0.0082
/seq_02/frame_00401.png /seq_02/frame_00412.png 0.11677 0.53088 0.01501 0.99986 0.00388 -0.00979 0.01316
/seq_02/frame_00401.png /seq_02/frame_00413.png 0.11677 0.53088 0.01501 0.99986 0.00388 -0.00979 0.01316
/seq_02/frame_00401.png /seq_02/frame_00414.png 0.15554 0.5924 0.02031 0.99975 -0.01489 -0.00907 0.01369
/seq_02/frame_00401.png /seq_02/frame_00415.png 0.15554 0.5924 0.02031 0.99975 -0.01489 -0.00907 0.01369
/seq_02/frame_00401.png /seq_02/frame_00416.png 0.19285 0.63809 0.02713 0.99942 -0.0287 -0.01396 0.01178
/seq_02/frame_00401.png /seq_02/frame_00417.png 0.19626 0.7122 0.0254 0.99939 -0.02792 -0.00905 0.01919
/seq_02/frame_00401.png /seq_02/frame_00418.png 0.18146 0.75617 0.02826 0.99977 -0.01316 -0.01106 0.01291
/seq_02/frame_00401.png /seq_02/frame_00419.png 0.18146 0.75617 0.02826 0.99977 -0.01316 -0.01106 0.01291
/seq_02/frame_00401.png /seq_02/frame_00420.png 0.15509 0.85229 0.02784 0.99967 -0.0043 -0.01502 0.02058
/seq_02/frame_00401.png /seq_02/frame_00421.png 0.15881 0.89847 0.02556 0.9994 -0.0103 -0.02138 0.02518
/seq_02/frame_00401.png /seq_02/frame_00422.png 0.20948 0.98873 0.02208 0.99923 -0.02704 -0.02058 0.01948
/seq_02/frame_00401.png /seq_02/frame_00423.png 0.24484 1.02647 0.01974 0.99918 -0.02641 -0.02039 0.02296
/seq_02/frame_00401.png /seq_02/frame_00424.png 0.2623 1.05775 0.02135 0.99896 -0.03611 -0.01646 0.02242
/seq_02/frame_00401.png /seq_02/frame_00425.png 0.26442 1.08417 0.02723 0.99868 -0.04293 -0.01991 0.02013
/seq_02/frame_00401.png /seq_02/frame_00426.png 0.24857 1.16527 0.02428 0.99896 -0.0333 -0.02199 0.0221
/seq_02/frame_00401.png /seq_02/frame_00427.png 0.23167 1.22849 0.0227 0.99953 -0.00978 -0.01595 0.02436
/seq_02/frame_00401.png /seq_02/frame_00428.png 0.21276 1.28881 0.02058 0.99962 0.00858 -0.01002 0.02438
/seq_02/frame_00401.png /seq_02/frame_00429.png 0.19713 1.34523 0.01962 0.99919 0.01991 -0.01531 0.03133
/seq_02/frame_00401.png /seq_02/frame_00430.png 0.19713 1.34523 0.01962 0.99919 0.01991 -0.01531 0.03133
/seq_02/frame_00401.png /seq_02/frame_00431.png 0.15028 1.4835 0.02733 0.99909 0.03041 -0.01694 0.02456
/seq_02/frame_00401.png /seq_02/frame_00432.png 0.13502 1.52585 0.029 0.99935 0.01814 -0.01838 0.02499
/seq_02/frame_00401.png /seq_02/frame_00433.png 0.13502 1.52585 0.029 0.99935 0.01814 -0.01838 0.02499
/seq_02/frame_00401.png /seq_02/frame_00434.png 0.12972 1.61676 0.02586 0.9996 0.01687 -0.01108 0.01978
/seq_02/frame_00401.png /seq_02/frame_00435.png 0.14616 1.65953 0.02626 0.99918 0.03301 -0.0053 0.02274
/seq_02/frame_00401.png /seq_02/frame_00436.png 0.16811 1.76797 0.03848 0.99802 0.05987 0.00229 0.019
/seq_02/frame_00401.png /seq_02/frame_00437.png 0.17583 1.80302 0.04398 0.99732 0.06961 0.00226 0.02247
/seq_02/frame_00401.png /seq_02/frame_00438.png 0.1796 1.83935 0.04682 0.99578 0.08743 -0.00274 0.02776
/seq_02/frame_00401.png /seq_02/frame_00439.png 0.1718 1.87173 0.04789 0.9933 0.11254 -0.00371 0.02583
/seq_02/frame_00401.png /seq_02/frame_00440.png 0.1718 1.87173 0.04789 0.9933 0.11254 -0.00371 0.02583
/seq_02/frame_00401.png /seq_02/frame_00441.png 0.11906 2.03268 0.06083 0.98002 0.19882 0.00073 0.00587
/seq_02/frame_00401.png /seq_02/frame_00442.png 0.11906 2.03268 0.06083 0.98002 0.19882 0.00073 0.00587
/seq_02/frame_00401.png /seq_02/frame_00443.png 0.11885 2.08045 0.05903 0.97455 0.22416 0.00068 0.00176
/seq_02/frame_00401.png /seq_02/frame_00444.png 0.13948 2.10784 0.06016 0.97305 0.23059 -0.00028 -1e-05
/seq_02/frame_00401.png /seq_02/frame_00445.png 0.19986 2.21577 0.06613 0.96451 0.26362 0.0099 -0.01115
/seq_02/frame_00401.png /seq_02/frame_00446.png 0.22748 2.22332 0.06537 0.96012 0.27895 0.0073 -0.01717
/seq_02/frame_00401.png /seq_02/frame_00447.png 0.22748 2.22332 0.06537 0.96012 0.27895 0.0073 -0.01717
/seq_02/frame_00401.png /seq_02/frame_00448.png 0.2722 2.25734 0.06278 0.95021 0.31031 0.01774 -0.02219
/seq_02/frame_00401.png /seq_02/frame_00449.png 0.28942 2.29203 0.06573 0.94656 0.32161 0.01651 -0.0177
/seq_02/frame_00401.png /seq_02/frame_00450.png 0.33464 2.33774 0.05363 0.93164 0.36223 0.02373 -0.01649
/seq_02/frame_00451.png /seq_02/frame_00452.png 0.0182 0.0416 0.00236 0.99927 0.03813 0.00037 0.00193
/seq_02/frame_00451.png /seq_02/frame_00453.png 0.0346 0.08571 0.00385 0.99749 0.07081 -0.00104 -0.00092
/seq_02/frame_00451.png /seq_02/frame_00454.png 0.04671 0.1265 0.00321 0.99537 0.09605 -0.00142 -0.00305
/seq_02/frame_00451.png /seq_02/frame_00455.png 0.0565 0.15696 0.00059 0.99278 0.11985 0.00032 -0.0053
/seq_02/frame_00451.png /seq_02/frame_00456.png 0.0712 0.18798 -0.01113 0.98773 0.15598 0.00817 0.0008
/seq_02/frame_00451.png /seq_02/frame_00457.png 0.07967 0.19656 -0.01168 0.98482 0.17348 0.00526 -0.00257
/seq_02/frame_00451.png /seq_02/frame_00458.png 0.09397 0.21297 -0.01335 0.98236 0.18678 0.00631 -0.00679
/seq_02/frame_00451.png /seq_02/frame_00459.png 0.09397 0.21297 -0.01335 0.98236 0.18678 0.00631 -0.00679
/seq_02/frame_00451.png /seq_02/frame_00460.png 0.09397 0.21297 -0.01335 0.98236 0.18678 0.00631 -0.00679
/seq_02/frame_00451.png /seq_02/frame_00461.png 0.09397 0.21297 -0.01335 0.98236 0.18678 0.00631 -0.00679
/seq_02/frame_00451.png /seq_02/frame_00462.png 0.19124 0.33741 -0.02744 0.96128 0.27407 0.02233 -0.0182
/seq_02/frame_00451.png /seq_02/frame_00463.png 0.19976 0.35322 -0.03056 0.95614 0.2904 0.0327 -0.02001
/seq_02/frame_00451.png /seq_02/frame_00464.png 0.20995 0.393 -0.03467 0.93953 0.34046 0.03202 -0.01849
/seq_02/frame_00451.png /seq_02/frame_00465.png 0.21827 0.42912 -0.0385 0.92415 0.38 0.03656 -0.01431
/seq_02/frame_00451.png /seq_02/frame_00466.png 0.23539 0.47394 -0.03863 0.90989 0.41278 0.03872 -0.01429
/seq_02/frame_00451.png /seq_02/frame_00467.png 0.2553 0.51235 -0.03803 0.89821 0.4381 0.03388 -0.01169
/seq_02/frame_00451.png /seq_02/frame_00468.png 0.27709 0.54546 -0.04186 0.88294 0.46769 0.04098 0.00054
/seq_02/frame_00451.png /seq_02/frame_00469.png 0.30424 0.5659 -0.04201 0.85742 0.51301 0.0403 0.00543
/seq_02/frame_00451.png /seq_02/frame_00470.png 0.32224 0.57703 -0.04129 0.84691 0.5297 0.0458 0.00829
/seq_02/frame_00451.png /seq_02/frame_00471.png 0.32224 0.57703 -0.04129 0.84691 0.5297 0.0458 0.00829
/seq_02/frame_00451.png /seq_02/frame_00472.png 0.34538 0.56864 -0.04268 0.8405 0.53994 0.04361 0.01066
/seq_02/frame_00451.png /seq_02/frame_00473.png 0.36149 0.55881 -0.04194 0.83728 0.54516 0.041 0.00893
/seq_02/frame_00451.png /seq_02/frame_00474.png 0.41894 0.53527 -0.03553 0.81207 0.58303 0.02484 0.00227
/seq_02/frame_00451.png /seq_02/frame_00475.png 0.41894 0.53527 -0.03553 0.81207 0.58303 0.02484 0.00227
/seq_02/frame_00451.png /seq_02/frame_00476.png 0.48355 0.53272 -0.0253 0.78139 0.62388 0.01364 0.00538
/seq_02/frame_00451.png /seq_02/frame_00477.png 0.48355 0.53272 -0.0253 0.78139 0.62388 0.01364 0.00538
/seq_02/frame_00451.png /seq_02/frame_00478.png 0.5139 0.534 -0.01269 0.75671 0.65353 0.00071 0.01728
/seq_02/frame_00451.png /seq_02/frame_00479.png 0.53539 0.51691 -0.00611 0.71628 0.69731 -0.00329 0.02631
/seq_02/frame_00451.png /seq_02/frame_00480.png 0.53539 0.51691 -0.00611 0.71628 0.69731 -0.00329 0.02631
/seq_02/frame_00451.png /seq_02/frame_00481.png 0.54651 0.48246 -0.00021 0.67984 0.73289 -0.01129 0.02359
/seq_02/frame_00451.png /seq_02/frame_00482.png 0.54698 0.46929 0.00263 0.6578 0.7527 -0.01249 0.02444
/seq_02/frame_00451.png /seq_02/frame_00483.png 0.53485 0.45376 0.00338 0.62431 0.78058 -0.01378 0.02732
/seq_02/frame_00451.png /seq_02/frame_00484.png 0.52006 0.44741 0.00245 0.60759 0.79381 -0.01949 0.01813
/seq_02/frame_00451.png /seq_02/frame_00485.png 0.50468 0.44175 0.00161 0.58967 0.80723 -0.01999 0.01603
/seq_02/frame_00451.png /seq_02/frame_00486.png 0.48897 0.43622 0.00212 0.57442 0.81798 -0.02432 0.01906
/seq_02/frame_00451.png /seq_02/frame_00487.png 0.47167 0.43226 0.00124 0.55617 0.83037 -0.02608 0.02169
/seq_02/frame_00451.png /seq_02/frame_00488.png 0.44522 0.42455 -0.00109 0.52554 0.8502 -0.02547 0.01816
/seq_02/frame_00451.png /seq_02/frame_00489.png 0.43305 0.42339 3e-05 0.513 0.85771 -0.0281 0.01943
/seq_02/frame_00451.png /seq_02/frame_00490.png 0.43305 0.42339 3e-05 0.513 0.85771 -0.0281 0.01943
/seq_02/frame_00451.png /seq_02/frame_00491.png 0.40472 0.42503 0.00017 0.48937 0.87127 -0.0311 0.02082
/seq_02/frame_00451.png /seq_02/frame_00492.png 0.40472 0.42503 0.00017 0.48937 0.87127 -0.0311 0.02082
/seq_02/frame_00451.png /seq_02/frame_00493.png 0.36925 0.43341 0.0019 0.45507 0.889 -0.03975 0.03167
/seq_02/frame_00451.png /seq_02/frame_00494.png 0.35691 0.43892 0.00468 0.43884 0.89666 -0.04222 0.04035
/seq_02/frame_00451.png /seq_02/frame_00495.png 0.3415 0.44489 0.00726 0.42236 0.90432 -0.04256 0.0449
/seq_02/frame_00451.png /seq_02/frame_00496.png 0.32809 0.44928 0.00538 0.41224 0.90913 -0.03776 0.04595
/seq_02/frame_00451.png /seq_02/frame_00497.png 0.29574 0.46294 0.01171 0.37894 0.92309 -0.04007 0.05208
/seq_02/frame_00451.png /seq_02/frame_00498.png 0.28035 0.4681 0.01473 0.35901 0.93087 -0.03928 0.0553
/seq_02/frame_00451.png /seq_02/frame_00499.png 0.2672 0.46962 0.016 0.33872 0.93832 -0.03818 0.05796
/seq_02/frame_00451.png /seq_02/frame_00500.png 0.25701 0.47353 0.01839 0.32547 0.94272 -0.03934 0.0616
/seq_02/frame_00501.png /seq_02/frame_00502.png -0.02428 0.0132 -6e-05 0.99948 0.03201 0.00376 -0.00279
/seq_02/frame_00501.png /seq_02/frame_00503.png -0.02428 0.0132 -6e-05 0.99948 0.03201 0.00376 -0.00279
/seq_02/frame_00501.png /seq_02/frame_00504.png -0.04541 0.02554 -0.00188 0.99824 0.05756 0.01202 -0.00818
/seq_02/frame_00501.png /seq_02/frame_00505.png -0.04541 0.02554 -0.00188 0.99824 0.05756 0.01202 -0.00818
/seq_02/frame_00501.png /seq_02/frame_00506.png -0.04541 0.02554 -0.00188 0.99824 0.05756 0.01202 -0.00818
/seq_02/frame_00501.png /seq_02/frame_00507.png -0.09424 0.04507 -0.00075 0.99532 0.09078 0.03103 -0.01168
/seq_02/frame_00501.png /seq_02/frame_00508.png -0.10691 0.04763 0.00266 0.99467 0.09597 0.03663 -0.0084
/seq_02/frame_00501.png /seq_02/frame_00509.png -0.12108 0.04924 0.00613 0.99402 0.10009 0.04311 -0.00664
/seq_02/frame_00501.png /seq_02/frame_00510.png -0.13462 0.05191 0.01066 0.99284 0.10623 0.05456 0.00012
/seq_02/frame_00501.png /seq_02/frame_00511.png -0.1484 0.05503 0.01492 0.9928 0.10229 0.06225 0.0015
/seq_02/frame_00501.png /seq_02/frame_00512.png -0.17795 0.04783 0.02368 0.99093 0.09863 0.09062 0.01105
/seq_02/frame_00501.png /seq_02/frame_00513.png -0.20956 0.03994 0.02326 0.99087 0.09545 0.09465 0.01062
/seq_02/frame_00501.png /seq_02/frame_00514.png -0.24845 0.02764 0.02699 0.99073 0.08444 0.10439 0.02049
/seq_02/frame_00501.png /seq_02/frame_00515.png -0.29009 0.01787 0.03217 0.9922 0.06678 0.10187 0.02658
/seq_02/frame_00501.png /seq_02/frame_00516.png -0.33369 0.02172 0.03514 0.99167 0.07063 0.1049 0.02453
/seq_02/frame_00501.png /seq_02/frame_00517.png -0.41319 0.03344 0.04878 0.99074 0.07701 0.10624 0.03481
/seq_02/frame_00501.png /seq_02/frame_00518.png -0.45078 0.0291 0.05478 0.99021 0.08636 0.10475 0.03235
/seq_02/frame_00501.png /seq_02/frame_00519.png -0.48391 0.02079 0.05556 0.99098 0.08619 0.09694 0.03358
/seq_02/frame_00501.png /seq_02/frame_00520.png -0.51756 0.00549 0.05438 0.99112 0.09401 0.09107 0.02348
/seq_02/frame_00501.png /seq_02/frame_00521.png -0.58499 -0.03264 0.04698 0.98818 0.12667 0.08402 0.01962
/seq_02/frame_00501.png /seq_02/frame_00522.png -0.61891 -0.05304 0.04004 0.98726 0.13731 0.07959 0.0115
/seq_02/frame_00501.png /seq_02/frame_00523.png -0.61891 -0.05304 0.04004 0.98726 0.13731 0.07959 0.0115
/seq_02/frame_00501.png /seq_02/frame_00524.png -0.67447 -0.08734 0.02809 0.98499 0.15384 0.0781 -0.0046
/seq_02/frame_00501.png /seq_02/frame_00525.png -0.70108 -0.09861 0.02355 0.9828 0.16879 0.0748 -0.00416
/seq_02/frame_00501.png /seq_02/frame_00526.png -0.71607 -0.09358 0.01819 0.97886 0.19611 0.05711 -0.01044
/seq_02/frame_00501.png /seq_02/frame_00527.png -0.71607 -0.09358 0.01819 0.97886 0.19611 0.05711 -0.01044
/seq_02/frame_00501.png /seq_02/frame_00528.png -0.68131 -0.07285 0.0297 0.97537 0.21459 0.0507 -0.00554
/seq_02/frame_00501.png /seq_02/frame_00529.png -0.68131 -0.07285 0.0297 0.97537 0.21459 0.0507 -0.00554
/seq_02/frame_00501.png /seq_02/frame_00530.png -0.62718 -0.03487 0.03699 0.97148 0.23229 0.04752 -0.00063
/seq_02/frame_00501.png /seq_02/frame_00531.png -0.58337 0.0016 0.03029 0.96994 0.23918 0.04469 -0.00218
/seq_02/frame_00501.png /seq_02/frame_00532.png -0.56782 0.01742 0.02411 0.97089 0.23691 0.03513 -0.00423
/seq_02/frame_00501.png /seq_02/frame_00533.png -0.55687 0.03016 0.02109 0.96945 0.2432 0.03167 -0.00364
/seq_02/frame_00501.png /seq_02/frame_00534.png -0.55398 0.03492 0.01701 0.96749 0.2513 0.02794 -0.00578
/seq_02/frame_00501.png /seq_02/frame_00535.png -0.56867 0.00594 0.00094 0.96774 0.25041 0.00959 -0.02616
/seq_02/frame_00501.png /seq_02/frame_00536.png -0.59296 -0.02123 -6e-05 0.96753 0.25147 0.00765 -0.02411
/seq_02/frame_00501.png /seq_02/frame_00537.png -0.62804 -0.05849 3e-05 0.96693 0.25378 0.00683 -0.02433
/seq_02/frame_00501.png /seq_02/frame_00538.png -0.66097 -0.0962 -0.00116 0.96856 0.24642 0.01798 -0.02914
/seq_02/frame_00501.png /seq_02/frame_00539.png -0.66097 -0.0962 -0.00116 0.96856 0.24642 0.01798 -0.02914
/seq_02/frame_00501.png /seq_02/frame_00540.png -0.70104 -0.1594 -0.00164 0.97149 0.23485 0.01429 -0.02903
/seq_02/frame_00501.png /seq_02/frame_00541.png -0.70407 -0.25416 -0.00753 0.96244 0.2688 0.01284 -0.03599
/seq_02/frame_00501.png /seq_02/frame_00542.png -0.69621 -0.32059 -0.00899 0.95669 0.28787 0.00012 -0.04327
/seq_02/frame_00501.png /seq_02/frame_00543.png -0.69621 -0.32059 -0.00899 0.95669 0.28787 0.00012 -0.04327
/seq_02/frame_00501.png /seq_02/frame_00544.png -0.68205 -0.43562 -0.02133 0.94937 0.31039 -0.01724 -0.04547
/seq_02/frame_00501.png /seq_02/frame_00545.png -0.71159 -0.51411 -0.0473 0.94477 0.31897 -0.03446 -0.06696
/seq_02/frame_00501.png /seq_02/frame_00546.png -0.71159 -0.51411 -0.0473 0.94477 0.31897 -0.03446 -0.06696
/seq_02/frame_00501.png /seq_02/frame_00547.png -0.79149 -0.59108 -0.07204 0.93995 0.32823 -0.05698 -0.07423
/seq_02/frame_00501.png /seq_02/frame_00548.png -0.79149 -0.59108 -0.07204 0.93995 0.32823 -0.05698 -0.07423
/seq_02/frame_00501.png /seq_02/frame_00549.png -0.88316 -0.66156 -0.08427 0.93498 0.33727 -0.06724 -0.08683
/seq_02/frame_00501.png /seq_02/frame_00550.png -0.93711 -0.72144 -0.09387 0.93379 0.33445 -0.08056 -0.09842
/seq_02/frame_00551.png /seq_02/frame_00552.png -0.05947 -0.09903 -0.01526 0.9995 0.02876 -0.01267 0.00285
/seq_02/frame_00551.png /seq_02/frame_00553.png -0.05947 -0.09903 -0.01526 0.9995 0.02876 -0.01267 0.00285
/seq_02/frame_00551.png /seq_02/frame_00554.png -0.10625 -0.19634 -0.02587 0.99784 0.06271 -0.01924 -0.00166
/seq_02/frame_00551.png /seq_02/frame_00555.png -0.1668 -0.25315 -0.02985 0.99861 0.05113 -0.01078 0.00751
/seq_02/frame_00551.png /seq_02/frame_00556.png -0.1668 -0.25315 -0.02985 0.99861 0.05113 -0.01078 0.00751
/seq_02/frame_00551.png /seq_02/frame_00557.png -0.27369 -0.26652 -0.02735 0.99995 0.00556 0.0003 0.00829
/seq_02/frame_00551.png /seq_02/frame_00558.png -0.33313 -0.26165 -0.024 0.99982 -0.01605 0.00752 0.00719
/seq_02/frame_00551.png /seq_02/frame_00559.png -0.41652 -0.24911 -0.01137 0.9991 -0.02562 0.03011 0.01554
/seq_02/frame_00551.png /seq_02/frame_00560.png -0.45188 -0.25019 -0.00751 0.99907 -0.01993 0.03074 0.02262
/seq_02/frame_00551.png /seq_02/frame_00561.png -0.48932 -0.26069 -0.00504 0.99898 -0.019 0.03396 0.02309
/seq_02/frame_00551.png /seq_02/frame_00562.png -0.52951 -0.2824 -0.00173 0.99845 -0.02703 0.04459 0.01969
/seq_02/frame_00551.png /seq_02/frame_00563.png -0.57576 -0.31538 0.00032 0.99777 -0.04363 0.05015 0.00542
/seq_02/frame_00551.png /seq_02/frame_00564.png -0.66317 -0.38065 -0.00246 0.99536 -0.08729 0.04018 -0.00481
/seq_02/frame_00551.png /seq_02/frame_00565.png -0.66317 -0.38065 -0.00246 0.99536 -0.08729 0.04018 -0.00481
/seq_02/frame_00551.png /seq_02/frame_00566.png -0.72157 -0.39928 -0.00406 0.99107 -0.12957 0.03081 0.00658
/seq_02/frame_00551.png /seq_02/frame_00567.png -0.72157 -0.39928 -0.00406 0.99107 -0.12957 0.03081 0.00658
/seq_02/frame_00551.png /seq_02/frame_00568.png -0.83877 -0.334 0.00567 0.98256 -0.1803 0.04396 0.01168
/seq_02/frame_00551.png /seq_02/frame_00569.png -0.88324 -0.29918 0.00603 0.98217 -0.18306 0.03912 0.01745
/seq_02/frame_00551.png /seq_02/frame_00570.png -0.9189 -0.27469 0.00952 0.98403 -0.17127 0.04175 0.02465
/seq_02/frame_00551.png /seq_02/frame_00571.png -0.95319 -0.26125 0.01119 0.98643 -0.15695 0.03908 0.02813
/seq_02/frame_00551.png /seq_02/frame_00572.png -0.97865 -0.26104 0.00968 0.98929 -0.13879 0.03359 0.03015
/seq_02/frame_00551.png /seq_02/frame_00573.png -1.05044 -0.29647 0.02246 0.99332 -0.0991 0.04929 0.03252
/seq_02/frame_00551.png /seq_02/frame_00574.png -1.07779 -0.32624 0.03067 0.99414 -0.0833 0.06112 0.03188
/seq_02/frame_00551.png /seq_02/frame_00575.png -1.10211 -0.35342 0.03376 0.99465 -0.06938 0.06778 0.03543
/seq_02/frame_00551.png /seq_02/frame_00576.png -1.12145 -0.37344 0.03274 0.99568 -0.05296 0.06614 0.03798
/seq_02/frame_00551.png /seq_02/frame_00577.png -1.13649 -0.38177 0.03229 0.99699 -0.02391 0.0648 0.03525
/seq_02/frame_00551.png /seq_02/frame_00578.png -1.15114 -0.38288 0.03534 0.99703 0.00585 0.06507 0.0407
/seq_02/frame_00551.png /seq_02/frame_00579.png -1.17554 -0.37229 0.04309 0.99379 0.0608 0.08394 0.04039
/seq_02/frame_00551.png /seq_02/frame_00580.png -1.1907 -0.36464 0.04458 0.99133 0.08979 0.08614 0.04227
/seq_02/frame_00551.png /seq_02/frame_00581.png -1.2084 -0.35671 0.04677 0.98875 0.11305 0.0869 0.04515
/seq_02/frame_00551.png /seq_02/frame_00582.png -1.22881 -0.34361 0.04685 0.9856 0.13758 0.08658 0.04652
/seq_02/frame_00551.png /seq_02/frame_00583.png -1.28529 -0.30794 0.04253 0.98138 0.16548 0.08738 0.04329
/seq_02/frame_00551.png /seq_02/frame_00584.png -1.31933 -0.28836 0.04569 0.97925 0.17551 0.09479 0.03587
/seq_02/frame_00551.png /seq_02/frame_00585.png -1.3514 -0.26783 0.04962 0.97695 0.18565 0.10239 0.02499
/seq_02/frame_00551.png /seq_02/frame_00586.png -1.37581 -0.24956 0.05113 0.97433 0.19437 0.11131 0.02243
/seq_02/frame_00551.png /seq_02/frame_00587.png -1.38038 -0.24734 0.05713 0.96981 0.21072 0.12162 0.0167
/seq_02/frame_00551.png /seq_02/frame_00588.png -1.36376 -0.26319 0.06788 0.96593 0.2193 0.1371 0.00991
/seq_02/frame_00551.png /seq_02/frame_00589.png -1.3419 -0.27965 0.08004 0.96135 0.22795 0.15419 0.00806
/seq_02/frame_00551.png /seq_02/frame_00590.png -1.31974 -0.29282 0.09189 0.95697 0.23321 0.17253 0.00711
/seq_02/frame_00551.png /seq_02/frame_00591.png -1.29896 -0.30387 0.1047 0.95355 0.23116 0.19304 0.00654
/seq_02/frame_00551.png /seq_02/frame_00592.png -1.26404 -0.31929 0.12686 0.94775 0.22221 0.22889 -0.00169
/seq_02/frame_00551.png /seq_02/frame_00593.png -1.24629 -0.32516 0.13545 0.94347 0.22187 0.2462 -0.00558
/seq_02/frame_00551.png /seq_02/frame_00594.png -1.23677 -0.32488 0.14458 0.9418 0.21271 0.2603 -0.00104
/seq_02/frame_00551.png /seq_02/frame_00595.png -1.22609 -0.32661 0.15189 0.93837 0.21033 0.27425 -0.00123
/seq_02/frame_00551.png /seq_02/frame_00596.png -1.21219 -0.33002 0.15779 0.93616 0.20746 0.28384 -0.00118
/seq_02/frame_00551.png /seq_02/frame_00597.png -1.19771 -0.32899 0.16975 0.93149 0.20145 0.30288 -0.00302
/seq_02/frame_00551.png /seq_02/frame_00598.png -1.2067 -0.32605 0.17365 0.93005 0.19647 0.31048 -0.00264
/seq_02/frame_00551.png /seq_02/frame_00599.png -1.18388 -0.32392 0.18024 0.92703 0.19208 0.32203 -0.00258
/seq_02/frame_00551.png /seq_02/frame_00600.png -1.19084 -0.32243 0.18351 0.92658 0.1868 0.32643 -0.00039
/seq_02/frame_00601.png /seq_02/frame_00602.png 0.00072 0.00834 0.00431 0.99993 -0.01157 0.00312 -0.00158
/seq_02/frame_00601.png /seq_02/frame_00603.png 0.01686 0.0245 0.00305 0.99978 -0.02059 0.00346 -0.00207
/seq_02/frame_00601.png /seq_02/frame_00604.png -0.02905 0.04477 0.00854 0.99921 -0.03957 -0.001 -0.0017
/seq_02/frame_00601.png /seq_02/frame_00605.png -0.04865 0.07393 0.01484 0.99874 -0.04889 0.0084 -0.00702
/seq_02/frame_00601.png /seq_02/frame_00606.png -0.08516 0.12901 0.01929 0.99692 -0.0751 0.02114 -0.0076
/seq_02/frame_00601.png /seq_02/frame_00607.png -0.10454 0.1459 0.0177 0.99581 -0.09005 0.01421 -0.00737
/seq_02/frame_00601.png /seq_02/frame_00608.png -0.12396 0.15563 0.01659 0.99535 -0.09531 0.01153 -0.0085
/seq_02/frame_00601.png /seq_02/frame_00609.png -0.14693 0.15266 0.01416 0.99504 -0.09858 0.00961 -0.00949
/seq_02/frame_00601.png /seq_02/frame_00610.png -0.17207 0.13839 0.01207 0.99479 -0.10137 0.0053 -0.00944
/seq_02/frame_00601.png /seq_02/frame_00611.png -0.24812 0.08134 0.0118 0.99449 -0.10478 0.00241 -0.0018
/seq_02/frame_00601.png /seq_02/frame_00612.png -0.28611 0.04871 0.00923 0.99404 -0.10874 -0.00705 -0.00073
/seq_02/frame_00601.png /seq_02/frame_00613.png -0.31663 0.01862 0.00329 0.99383 -0.1104 -0.00914 -0.00529
/seq_02/frame_00601.png /seq_02/frame_00614.png -0.34371 -0.00186 -0.00702 0.9934 -0.11265 -0.02112 -0.00515
/seq_02/frame_00601.png /seq_02/frame_00615.png -0.3687 -0.00785 -0.01878 0.99276 -0.1138 -0.03838 -0.00323
/seq_02/frame_00601.png /seq_02/frame_00616.png -0.4312 -0.00673 -0.04153 0.98909 -0.12812 -0.07248 -0.00615
/seq_02/frame_00601.png /seq_02/frame_00617.png -0.48079 0.00094 -0.0515 0.98643 -0.14448 -0.07748 -0.00896
/seq_02/frame_00601.png /seq_02/frame_00618.png -0.5431 0.01284 -0.05822 0.98233 -0.16411 -0.08906 -0.01257
/seq_02/frame_00601.png /seq_02/frame_00619.png -0.59851 0.03245 -0.06135 0.97805 -0.18339 -0.09749 -0.01686
/seq_02/frame_00601.png /seq_02/frame_00620.png -0.64803 0.05154 -0.0666 0.9732 -0.20208 -0.10783 -0.02069
/seq_02/frame_00601.png /seq_02/frame_00621.png -0.70932 0.07302 -0.07902 0.96709 -0.22122 -0.12301 -0.02578
/seq_02/frame_00601.png /seq_02/frame_00622.png -0.7364 0.07428 -0.08693 0.96399 -0.22901 -0.13196 -0.02948
/seq_02/frame_00601.png /seq_02/frame_00623.png -0.7364 0.07428 -0.08693 0.96399 -0.22901 -0.13196 -0.02948
/seq_02/frame_00601.png /seq_02/frame_00624.png -0.7364 0.07428 -0.08693 0.96399 -0.22901 -0.13196 -0.02948
/seq_02/frame_00601.png /seq_02/frame_00625.png -0.90678 0.03916 -0.10303 0.94709 -0.2713 -0.16067 -0.06009
/seq_02/frame_00601.png /seq_02/frame_00626.png -0.90678 0.03916 -0.10303 0.94709 -0.2713 -0.16067 -0.06009
/seq_02/frame_00601.png /seq_02/frame_00627.png -0.99227 0.01888 -0.12139 0.93446 -0.29583 -0.18303 -0.07595
/seq_02/frame_00601.png /seq_02/frame_00628.png -1.01678 0.01116 -0.1316 0.9283 -0.30622 -0.19661 -0.07634
/seq_02/frame_00601.png /seq_02/frame_00629.png -1.02982 0.00905 -0.13602 0.92318 -0.31784 -0.20222 -0.07635
/seq_02/frame_00601.png /seq_02/frame_00630.png -1.05725 0.03068 -0.13027 0.90708 -0.36261 -0.19559 -0.08643
/seq_02/frame_00601.png /seq_02/frame_00631.png -1.0752 0.05485 -0.12732 0.89888 -0.38441 -0.19052 -0.08911
/seq_02/frame_00601.png /seq_02/frame_00632.png -1.0752 0.05485 -0.12732 0.89888 -0.38441 -0.19052 -0.08911
/seq_02/frame_00601.png /seq_02/frame_00633.png -1.11357 0.12308 -0.1236 0.88521 -0.41923 -0.18141 -0.08798
/seq_02/frame_00601.png /seq_02/frame_00634.png -1.1253 0.14948 -0.12526 0.87767 -0.43402 -0.18091 -0.09271
/seq_02/frame_00601.png /seq_02/frame_00635.png -1.12529 0.2052 -0.12468 0.85666 -0.47422 -0.17751 -0.09869
/seq_02/frame_00601.png /seq_02/frame_00636.png -1.12529 0.2052 -0.12468 0.85666 -0.47422 -0.17751 -0.09869
/seq_02/frame_00601.png /seq_02/frame_00637.png -1.09647 0.24683 -0.11961 0.84587 -0.49622 -0.16914 -0.09833
/seq_02/frame_00601.png /seq_02/frame_00638.png -1.06811 0.27294 -0.11635 0.84069 -0.50698 -0.1671 -0.09105
/seq_02/frame_00601.png /seq_02/frame_00639.png -0.99145 0.33057 -0.12351 0.82411 -0.5335 -0.15902 -0.10455
/seq_02/frame_00601.png /seq_02/frame_00640.png -0.95999 0.35392 -0.1284 0.80537 -0.56032 -0.15984 -0.10896
/seq_02/frame_00601.png /seq_02/frame_00641.png -0.93209 0.37445 -0.13095 0.78435 -0.58855 -0.15938 -0.11402
/seq_02/frame_00601.png /seq_02/frame_00642.png -0.91042 0.38694 -0.12715 0.76155 -0.61688 -0.15877 -0.11956
/seq_02/frame_00601.png /seq_02/frame_00643.png -0.88748 0.40314 -0.1274 0.7389 -0.64408 -0.15074 -0.12833
/seq_02/frame_00601.png /seq_02/frame_00644.png -0.84826 0.42021 -0.11942 -0.68562 0.70395 0.13357 0.12861
/seq_02/frame_00601.png /seq_02/frame_00645.png -0.83608 0.42502 -0.11611 -0.65872 0.73019 0.12795 0.12861
/seq_02/frame_00601.png /seq_02/frame_00646.png -0.83961 0.42049 -0.11316 -0.63666 0.74901 0.12501 0.1342
/seq_02/frame_00601.png /seq_02/frame_00647.png -0.82166 0.42867 -0.11465 -0.61812 0.76409 0.12172 0.13886
/seq_02/frame_00601.png /seq_02/frame_00648.png -0.83064 0.42416 -0.11026 -0.60285 0.77603 0.11777 0.1431
/seq_02/frame_00601.png /seq_02/frame_00649.png -0.82527 0.42843 -0.10963 -0.58429 0.78909 0.11933 0.1473
/seq_02/frame_00601.png /seq_02/frame_00650.png -0.82527 0.42843 -0.10963 -0.58429 0.78909 0.11933 0.1473
/seq_02/frame_00651.png /seq_02/frame_00652.png 0.0 0.0 0.0 1.0 0.0 0.0 0.0
/seq_02/frame_00651.png /seq_02/frame_00653.png 0.01777 -0.00037 -0.00289 0.99987 -0.01442 -0.00082 -0.00673
/seq_02/frame_00651.png /seq_02/frame_00654.png 0.05005 0.00665 -0.00668 0.99965 -0.02574 -0.00143 -0.00595
/seq_02/frame_00651.png /seq_02/frame_00655.png 0.05005 0.00665 -0.00668 0.99965 -0.02574 -0.00143 -0.00595
/seq_02/frame_00651.png /seq_02/frame_00656.png 0.05791 -0.0004 -0.00638 0.99885 -0.0468 -0.00058 -0.01023
/seq_02/frame_00651.png /seq_02/frame_00657.png 0.05791 -0.0004 -0.00638 0.99885 -0.0468 -0.00058 -0.01023
/seq_02/frame_00651.png /seq_02/frame_00658.png 0.06813 0.00437 -0.00466 0.99857 -0.05267 -0.00635 -0.00639
/seq_02/frame_00651.png /seq_02/frame_00659.png 0.07346 0.00474 -0.00513 0.9982 -0.05887 -0.00739 -0.0087
/seq_02/frame_00651.png /seq_02/frame_00660.png 0.08128 0.00233 -0.00466 0.99805 -0.0614 -0.00844 -0.00707
/seq_02/frame_00651.png /seq_02/frame_00661.png 0.07605 0.00096 0.00312 0.99828 -0.05804 -0.00839 -0.00179
/seq_02/frame_00651.png /seq_02/frame_00662.png 0.07605 0.00096 0.00312 0.99828 -0.05804 -0.00839 -0.00179
/seq_02/frame_00651.png /seq_02/frame_00663.png 0.07882 -0.01229 0.0081 0.99906 -0.03616 -0.01682 0.01682
/seq_02/frame_00651.png /seq_02/frame_00664.png 0.07882 -0.01229 0.0081 0.99906 -0.03616 -0.01682 0.01682
/seq_02/frame_00651.png /seq_02/frame_00665.png 0.07882 -0.01229 0.0081 0.99906 -0.03616 -0.01682 0.01682
/seq_02/frame_00651.png /seq_02/frame_00666.png 0.07882 -0.01229 0.0081 0.99906 -0.03616 -0.01682 0.01682
/seq_02/frame_00651.png /seq_02/frame_00667.png 0.07882 -0.01229 0.0081 0.99906 -0.03616 -0.01682 0.01682
/seq_02/frame_00651.png /seq_02/frame_00668.png 0.06704 -0.02476 0.01884 0.99903 0.0069 -0.02611 0.03481
/seq_02/frame_00651.png /seq_02/frame_00669.png 0.05722 -0.02721 0.0227 0.99857 0.0184 -0.02819 0.04152
/seq_02/frame_00651.png /seq_02/frame_00670.png 0.05722 -0.02721 0.0227 0.99857 0.0184 -0.02819 0.04152
/seq_02/frame_00651.png /seq_02/frame_00671.png 0.04318 -0.037 0.02232 0.99766 0.0352 -0.02846 0.05115
/seq_02/frame_00651.png /seq_02/frame_00672.png 0.04318 -0.037 0.02232 0.99766 0.0352 -0.02846 0.05115
/seq_02/frame_00651.png /seq_02/frame_00673.png 0.02676 -0.04131 0.02842 0.9969 0.05558 -0.0236 0.05039
/seq_02/frame_00651.png /seq_02/frame_00674.png 0.02061 -0.04794 0.0194 0.99651 0.06492 -0.02181 0.04767
/seq_02/frame_00651.png /seq_02/frame_00675.png 0.01329 -0.05198 0.01487 0.99639 0.07037 -0.02331 0.04148
/seq_02/frame_00651.png /seq_02/frame_00676.png 0.00659 -0.05651 0.01247 0.99597 0.07903 -0.02119 0.03677
/seq_02/frame_00651.png /seq_02/frame_00677.png 0.00066 -0.06232 0.01034 0.99513 0.09146 -0.02139 0.02975
/seq_02/frame_00651.png /seq_02/frame_00678.png -0.00874 -0.06771 0.00164 0.99235 0.11886 -0.02447 0.02287
/seq_02/frame_00651.png /seq_02/frame_00679.png -0.00874 -0.06771 0.00164 0.99235 0.11886 -0.02447 0.02287
/seq_02/frame_00651.png /seq_02/frame_00680.png -0.0198 -0.07404 -0.00511 0.98971 0.13972 -0.02474 0.01828
/seq_02/frame_00651.png /seq_02/frame_00681.png -0.02561 -0.07795 -0.00811 0.98843 0.14883 -0.02598 0.01354
/seq_02/frame_00651.png /seq_02/frame_00682.png -0.04158 -0.08412 -0.01117 0.98349 0.17907 -0.02571 0.00398
/seq_02/frame_00651.png /seq_02/frame_00683.png -0.04706 -0.08492 -0.01456 0.98202 0.18699 -0.02596 0.00102
/seq_02/frame_00651.png /seq_02/frame_00684.png -0.05439 -0.08516 -0.01819 0.98024 0.19578 -0.02805 -0.00219
/seq_02/frame_00651.png /seq_02/frame_00685.png -0.07606 -0.09813 -0.01818 0.97736 0.20974 -0.02736 -0.0054
/seq_02/frame_00651.png /seq_02/frame_00686.png -0.07606 -0.09813 -0.01818 0.97736 0.20974 -0.02736 -0.0054
/seq_02/frame_00651.png /seq_02/frame_00687.png -0.09688 -0.09169 -0.02832 0.96669 0.25343 -0.03108 -0.01755
/seq_02/frame_00651.png /seq_02/frame_00688.png -0.11497 -0.09729 -0.02969 0.96275 0.26755 -0.03401 -0.01902
/seq_02/frame_00651.png /seq_02/frame_00689.png -0.13955 -0.10918 -0.02984 0.95833 0.2827 -0.03369 -0.02342
/seq_02/frame_00651.png /seq_02/frame_00690.png -0.16536 -0.12618 -0.02704 0.95385 0.29727 -0.03174 -0.02826
/seq_02/frame_00651.png /seq_02/frame_00691.png -0.20065 -0.1501 -0.02565 0.94868 0.31321 -0.03243 -0.02933
/seq_02/frame_00651.png /seq_02/frame_00692.png -0.26338 -0.18906 -0.02438 0.94222 0.33199 -0.03162 -0.03171
/seq_02/frame_00651.png /seq_02/frame_00693.png -0.29592 -0.20744 -0.02663 0.93891 0.34105 -0.02872 -0.03625
/seq_02/frame_00651.png /seq_02/frame_00694.png -0.32668 -0.23078 -0.02422 0.93515 0.35145 -0.02462 -0.03705
/seq_02/frame_00651.png /seq_02/frame_00695.png -0.35261 -0.24983 -0.0216 0.92834 0.36848 -0.02599 -0.0416
/seq_02/frame_00651.png /seq_02/frame_00696.png -0.41407 -0.3152 -0.01942 0.91778 0.39344 -0.03294 -0.04249
/seq_02/frame_00651.png /seq_02/frame_00697.png -0.44896 -0.35596 -0.0191 0.91164 0.40683 -0.03199 -0.04879
/seq_02/frame_00651.png /seq_02/frame_00698.png -0.48704 -0.39616 -0.01988 0.90568 0.41972 -0.03275 -0.04999
/seq_02/frame_00651.png /seq_02/frame_00699.png -0.51904 -0.42538 -0.02294 0.90061 0.42978 -0.03791 -0.05245
/seq_02/frame_00651.png /seq_02/frame_00700.png -0.55608 -0.44874 -0.02702 0.89751 0.43546 -0.04121 -0.05621
/seq_02/frame_00701.png /seq_02/frame_00702.png -0.06057 -0.01334 0.00143 0.99991 -0.01175 -0.00078 -0.00625
/seq_02/frame_00701.png /seq_02/frame_00703.png -0.12586 -0.02598 0.00398 0.9997 -0.02122 0.00413 -0.01108
/seq_02/frame_00701.png /seq_02/frame_00704.png -0.18562 -0.03702 0.00235 0.99931 -0.035 0.00941 -0.00851
/seq_02/frame_00701.png /seq_02/frame_00705.png -0.23383 -0.04657 -0.00049 0.99893 -0.0453 0.00834 -0.00404
/seq_02/frame_00701.png /seq_02/frame_00706.png -0.23383 -0.04657 -0.00049 0.99893 -0.0453 0.00834 -0.00404
/seq_02/frame_00701.png /seq_02/frame_00707.png -0.23383 -0.04657 -0.00049 0.99893 -0.0453 0.00834 -0.00404
/seq_02/frame_00701.png /seq_02/frame_00708.png -0.37127 -0.20114 -0.00456 0.9985 -0.05215 0.01626 0.00185
/seq_02/frame_00701.png /seq_02/frame_00709.png -0.39978 -0.24726 -0.00816 0.99839 -0.05309 0.01986 0.00335
/seq_02/frame_00701.png /seq_02/frame_00710.png -0.42957 -0.28398 -0.01241 0.99797 -0.06217 0.01378 -0.00012
/seq_02/frame_00701.png /seq_02/frame_00711.png -0.49931 -0.35481 -0.0104 0.99527 -0.09396 0.02483 -0.00102
/seq_02/frame_00701.png /seq_02/frame_00712.png -0.54953 -0.38981 -0.00634 0.99446 -0.0999 0.0327 0.00114
/seq_02/frame_00701.png /seq_02/frame_00713.png -0.54953 -0.38981 -0.00634 0.99446 -0.0999 0.0327 0.00114
/seq_02/frame_00701.png /seq_02/frame_00714.png -0.61838 -0.44112 0.00122 0.99344 -0.10851 0.03608 0.00314
/seq_02/frame_00701.png /seq_02/frame_00715.png -0.64067 -0.4897 0.00877 0.992 -0.12137 0.03327 0.01024
/seq_02/frame_00701.png /seq_02/frame_00716.png -0.64067 -0.4897 0.00877 0.992 -0.12137 0.03327 0.01024
/seq_02/frame_00701.png /seq_02/frame_00717.png -0.66824 -0.57782 0.01144 0.99209 -0.11533 0.04533 0.01991
/seq_02/frame_00701.png /seq_02/frame_00718.png -0.6787 -0.62927 0.02394 0.99307 -0.10071 0.05063 0.03334
/seq_02/frame_00701.png /seq_02/frame_00719.png -0.68122 -0.67902 0.03231 0.99432 -0.08608 0.05058 0.03687
/seq_02/frame_00701.png /seq_02/frame_00720.png -0.68097 -0.78157 0.03853 0.99527 -0.06302 0.05089 0.05364
/seq_02/frame_00701.png /seq_02/frame_00721.png -0.67157 -0.83192 0.0404 0.99523 -0.05473 0.05506 0.0591
/seq_02/frame_00701.png /seq_02/frame_00722.png -0.66071 -0.87696 0.03921 0.99493 -0.0511 0.06085 0.06168
/seq_02/frame_00701.png /seq_02/frame_00723.png -0.65033 -0.91072 0.03835 0.99485 -0.04636 0.06659 0.06073
/seq_02/frame_00701.png /seq_02/frame_00724.png -0.64623 -0.94721 0.03971 0.99391 -0.05136 0.07338 0.06416
/seq_02/frame_00701.png /seq_02/frame_00725.png -0.63192 -1.02136 0.02942 0.99355 -0.06383 0.0725 0.05944
/seq_02/frame_00701.png /seq_02/frame_00726.png -0.62098 -1.06894 0.03485 0.99361 -0.05132 0.07925 0.06181
/seq_02/frame_00701.png /seq_02/frame_00727.png -0.60806 -1.12225 0.04392 0.99354 -0.04122 0.07954 0.06967
/seq_02/frame_00701.png /seq_02/frame_00728.png -0.59215 -1.17137 0.05507 0.99323 -0.03334 0.08071 0.07663
/seq_02/frame_00701.png /seq_02/frame_00729.png -0.56172 -1.23036 0.0654 0.99277 -0.02591 0.08726 0.07817
/seq_02/frame_00701.png /seq_02/frame_00730.png -0.54047 -1.24659 0.07102 0.99118 -0.03002 0.09753 0.08458
/seq_02/frame_00701.png /seq_02/frame_00731.png -0.51727 -1.26184 0.07727 0.99051 -0.02372 0.10492 0.0856
/seq_02/frame_00701.png /seq_02/frame_00732.png -0.48474 -1.277 0.08352 0.99015 -0.00926 0.10518 0.09197
/seq_02/frame_00701.png /seq_02/frame_00733.png -0.44106 -1.29319 0.0911 0.98949 0.00943 0.1079 0.09585
/seq_02/frame_00701.png /seq_02/frame_00734.png -0.36031 -1.32206 0.10115 0.98717 0.0306 0.11613 0.1052
/seq_02/frame_00701.png /seq_02/frame_00735.png -0.32544 -1.33635 0.0999 0.98698 0.02346 0.11603 0.10887
/seq_02/frame_00701.png /seq_02/frame_00736.png -0.29401 -1.35 0.09574 0.98749 -0.00029 0.1126 0.1104
/seq_02/frame_00701.png /seq_02/frame_00737.png -0.27124 -1.36257 0.09307 0.98681 -0.02658 0.1082 0.11745
/seq_02/frame_00701.png /seq_02/frame_00738.png -0.2498 -1.37423 0.0921 0.98586 -0.04454 0.11031 0.11803
/seq_02/frame_00701.png /seq_02/frame_00739.png -0.23404 -1.41092 0.08301 0.98636 -0.06389 0.10482 0.10965
/seq_02/frame_00701.png /seq_02/frame_00740.png -0.23064 -1.44755 0.07217 0.98728 -0.06758 0.10143 0.10214
/seq_02/frame_00701.png /seq_02/frame_00741.png -0.23126 -1.49519 0.06484 0.98901 -0.05449 0.09521 0.09909
/seq_02/frame_00701.png /seq_02/frame_00742.png -0.22508 -1.54231 0.06035 0.99073 -0.03359 0.09048 0.09559
/seq_02/frame_00701.png /seq_02/frame_00743.png -0.21374 -1.58307 0.06676 0.99083 -0.00998 0.09832 0.09219
/seq_02/frame_00701.png /seq_02/frame_00744.png -0.17842 -1.64885 0.0723 0.991 -0.00487 0.09881 0.09022
/seq_02/frame_00701.png /seq_02/frame_00745.png -0.16 -1.67401 0.07279 0.99139 -0.00175 0.10077 0.08362
/seq_02/frame_00701.png /seq_02/frame_00746.png -0.13169 -1.70366 0.06962 0.99208 0.00761 0.09787 0.07837
/seq_02/frame_00701.png /seq_02/frame_00747.png -0.09357 -1.73627 0.06746 0.9925 0.01972 0.09442 0.07514
/seq_02/frame_00701.png /seq_02/frame_00748.png -0.02145 -1.80509 0.06036 0.99363 0.03867 0.08113 0.06799
/seq_02/frame_00701.png /seq_02/frame_00749.png 0.00586 -1.83297 0.05589 0.99374 0.05128 0.07684 0.06278
/seq_02/frame_00701.png /seq_02/frame_00750.png 0.03482 -1.85635 0.05124 0.99371 0.06189 0.06909 0.06273
/seq_02/frame_00751.png /seq_02/frame_00752.png 0.02448 -0.01202 -0.00802 0.99997 0.00434 -0.00415 -0.00419
/seq_02/frame_00751.png /seq_02/frame_00753.png 0.03984 -0.02127 -0.01473 0.99987 0.00425 -0.0098 -0.01216
/seq_02/frame_00751.png /seq_02/frame_00754.png 0.04791 -0.04064 -0.0221 0.99972 0.00857 -0.01041 -0.01938
/seq_02/frame_00751.png /seq_02/frame_00755.png 0.04835 -0.0562 -0.02716 0.99954 0.0133 -0.01268 -0.02405
/seq_02/frame_00751.png /seq_02/frame_00756.png 0.05186 -0.08062 -0.03194 0.99925 0.01955 -0.01747 -0.02866
/seq_02/frame_00751.png /seq_02/frame_00757.png 0.05126 -0.11261 -0.03306 0.99905 0.02717 -0.01706 -0.02945
/seq_02/frame_00751.png /seq_02/frame_00758.png 0.04388 -0.19302 -0.04158 0.99791 0.03992 -0.03355 -0.03808
/seq_02/frame_00751.png /seq_02/frame_00759.png 0.04617 -0.22455 -0.04586 0.99766 0.03741 -0.03863 -0.04234
/seq_02/frame_00751.png /seq_02/frame_00760.png 0.05544 -0.23716 -0.05186 0.99682 0.04165 -0.0481 -0.04808
/seq_02/frame_00751.png /seq_02/frame_00761.png 0.05544 -0.23716 -0.05186 0.99682 0.04165 -0.0481 -0.04808
/seq_02/frame_00751.png /seq_02/frame_00762.png 0.10925 -0.24608 -0.06307 0.99515 0.06149 -0.0572 -0.05115
/seq_02/frame_00751.png /seq_02/frame_00763.png 0.14568 -0.24955 -0.06748 0.99395 0.07236 -0.06294 -0.05349
/seq_02/frame_00751.png /seq_02/frame_00764.png 0.22217 -0.24637 -0.07697 0.99259 0.08923 -0.06608 -0.04936
/seq_02/frame_00751.png /seq_02/frame_00765.png 0.22217 -0.24637 -0.07697 0.99259 0.08923 -0.06608 -0.04936
/seq_02/frame_00751.png /seq_02/frame_00766.png 0.30282 -0.24283 -0.07757 0.99202 0.09635 -0.06409 -0.05011
/seq_02/frame_00751.png /seq_02/frame_00767.png 0.33545 -0.23695 -0.07265 0.99262 0.09275 -0.05949 -0.05067
/seq_02/frame_00751.png /seq_02/frame_00768.png 0.39325 -0.22329 -0.06469 0.99366 0.08693 -0.03836 -0.0601
/seq_02/frame_00751.png /seq_02/frame_00769.png 0.42502 -0.21493 -0.0589 0.99489 0.07664 -0.02729 -0.05976
/seq_02/frame_00751.png /seq_02/frame_00770.png 0.4623 -0.21182 -0.0523 0.9962 0.06355 -0.02164 -0.05542
/seq_02/frame_00751.png /seq_02/frame_00771.png 0.49533 -0.2096 -0.04651 0.99668 0.05872 -0.01048 -0.05541
/seq_02/frame_00751.png /seq_02/frame_00772.png 0.55991 -0.20081 -0.03454 0.99778 0.05623 0.00775 -0.03477
/seq_02/frame_00751.png /seq_02/frame_00773.png 0.55991 -0.20081 -0.03454 0.99778 0.05623 0.00775 -0.03477
/seq_02/frame_00751.png /seq_02/frame_00774.png 0.62482 -0.18431 -0.02001 0.99758 0.06061 0.0274 -0.0204
/seq_02/frame_00751.png /seq_02/frame_00775.png 0.63922 -0.17583 -0.01253 0.99725 0.06377 0.03522 -0.01382
/seq_02/frame_00751.png /seq_02/frame_00776.png 0.63922 -0.17583 -0.01253 0.99725 0.06377 0.03522 -0.01382
/seq_02/frame_00751.png /seq_02/frame_00777.png 0.71821 -0.15882 0.00648 0.99629 0.07234 0.04657 -0.00108
/seq_02/frame_00751.png /seq_02/frame_00778.png 0.75259 -0.1613 0.01242 0.9952 0.084 0.04966 0.00776
/seq_02/frame_00751.png /seq_02/frame_00779.png 0.79693 -0.16556 0.01259 0.99351 0.09903 0.05407 0.01447
/seq_02/frame_00751.png /seq_02/frame_00780.png 0.86026 -0.16634 0.01108 0.99168 0.1162 0.05374 0.01306
/seq_02/frame_00751.png /seq_02/frame_00781.png 0.86026 -0.16634 0.01108 0.99168 0.1162 0.05374 0.01306
/seq_02/frame_00751.png /seq_02/frame_00782.png 1.00362 -0.17764 -0.00297 0.985 0.16162 0.05939 0.01099
/seq_02/frame_00751.png /seq_02/frame_00783.png 1.04663 -0.17505 0.00102 0.98444 0.16243 0.06595 0.0117
/seq_02/frame_00751.png /seq_02/frame_00784.png 1.07778 -0.16856 0.0012 0.98261 0.17024 0.07337 0.01055
/seq_02/frame_00751.png /seq_02/frame_00785.png 1.07778 -0.16856 0.0012 0.98261 0.17024 0.07337 0.01055
/seq_02/frame_00751.png /seq_02/frame_00786.png 1.17268 -0.1417 -0.00367 0.97435 0.21033 0.07996 -0.00159
/seq_02/frame_00751.png /seq_02/frame_00787.png 1.21394 -0.13891 -0.00361 0.97239 0.21948 0.0793 0.00119
/seq_02/frame_00751.png /seq_02/frame_00788.png 1.25296 -0.13932 -0.00287 0.97079 0.22654 0.07884 0.00484
/seq_02/frame_00751.png /seq_02/frame_00789.png 1.28737 -0.1379 -0.00024 0.9684 0.23443 0.08472 0.00835
/seq_02/frame_00751.png /seq_02/frame_00790.png 1.31748 -0.13593 0.00472 0.96667 0.23886 0.09163 0.01047
/seq_02/frame_00751.png /seq_02/frame_00791.png 1.34455 -0.13709 0.00951 0.96522 0.24273 0.09546 0.01808
/seq_02/frame_00751.png /seq_02/frame_00792.png 1.39497 -0.15616 0.01432 0.96078 0.25979 0.09439 0.02223
/seq_02/frame_00751.png /seq_02/frame_00793.png 1.42653 -0.17006 0.01482 0.95994 0.26345 0.09236 0.02414
/seq_02/frame_00751.png /seq_02/frame_00794.png 1.4618 -0.1796 0.01497 0.95831 0.26941 0.09185 0.02493
/seq_02/frame_00751.png /seq_02/frame_00795.png 1.49361 -0.18378 0.01195 0.95327 0.28675 0.09308 0.01964
/seq_02/frame_00751.png /seq_02/frame_00796.png 1.56031 -0.18911 0.00911 0.94408 0.31619 0.09269 0.01239
/seq_02/frame_00751.png /seq_02/frame_00797.png 1.56031 -0.18911 0.00911 0.94408 0.31619 0.09269 0.01239
/seq_02/frame_00751.png /seq_02/frame_00798.png 1.61218 -0.17765 0.01399 0.9396 0.32702 0.10056 0.0097
/seq_02/frame_00751.png /seq_02/frame_00799.png 1.63534 -0.16563 0.01603 0.93621 0.3349 0.10614 0.0091
/seq_02/frame_00751.png /seq_02/frame_00800.png 1.66026 -0.149 0.01772 0.93099 0.34673 0.11385 0.00788
/seq_02/frame_00801.png /seq_02/frame_00802.png 0.04828 0.01884 0.00409 0.99984 0.00807 0.01568 0.00351
/seq_02/frame_00801.png /seq_02/frame_00803.png 0.09064 0.03695 0.00129 0.9998 0.0075 0.01469 0.01138
/seq_02/frame_00801.png /seq_02/frame_00804.png 0.13475 0.05302 -0.00326 0.99966 0.00568 0.01556 0.02016
/seq_02/frame_00801.png /seq_02/frame_00805.png 0.21274 0.07676 -0.0076 0.99933 0.00423 0.01293 0.03404
/seq_02/frame_00801.png /seq_02/frame_00806.png 0.21274 0.07676 -0.0076 0.99933 0.00423 0.01293 0.03404
/seq_02/frame_00801.png /seq_02/frame_00807.png 0.21274 0.07676 -0.0076 0.99933 0.00423 0.01293 0.03404
/seq_02/frame_00801.png /seq_02/frame_00808.png 0.31947 0.06697 -0.01144 0.99942 -0.00037 0.00596 0.03352
/seq_02/frame_00801.png /seq_02/frame_00809.png 0.36308 0.06155 -0.01796 0.99941 -0.00022 -0.0062 0.0337
/seq_02/frame_00801.png /seq_02/frame_00810.png 0.40461 0.06416 -0.02497 0.99915 0.01101 -0.01562 0.03657
/seq_02/frame_00801.png /seq_02/frame_00811.png 0.47361 0.08384 -0.03941 0.99729 0.04841 -0.03571 0.04224
/seq_02/frame_00801.png /seq_02/frame_00812.png 0.49023 0.09963 -0.04441 0.99621 0.06481 -0.04086 0.04112
/seq_02/frame_00801.png /seq_02/frame_00813.png 0.5166 0.10987 -0.04821 0.99509 0.07325 -0.04885 0.04516
/seq_02/frame_00801.png /seq_02/frame_00814.png 0.5166 0.10987 -0.04821 0.99509 0.07325 -0.04885 0.04516
/seq_02/frame_00801.png /seq_02/frame_00815.png 0.61216 0.15462 -0.0636 0.99265 0.07728 -0.08303 0.04206
/seq_02/frame_00801.png /seq_02/frame_00816.png 0.65412 0.16491 -0.06912 0.99261 0.07348 -0.08948 0.03639
/seq_02/frame_00801.png /seq_02/frame_00817.png 0.69274 0.17023 -0.07325 0.99229 0.06848 -0.09702 0.03548
/seq_02/frame_00801.png /seq_02/frame_00818.png 0.7246 0.17174 -0.07011 0.99208 0.07062 -0.09625 0.03895
/seq_02/frame_00801.png /seq_02/frame_00819.png 0.75067 0.17079 -0.06804 0.99096 0.08382 -0.09575 0.04246
/seq_02/frame_00801.png /seq_02/frame_00820.png 0.78527 0.14054 -0.06881 0.98627 0.11772 -0.10513 0.04857
/seq_02/frame_00801.png /seq_02/frame_00821.png 0.80317 0.11499 -0.06834 0.98421 0.1307 -0.10651 0.0538
/seq_02/frame_00801.png /seq_02/frame_00822.png 0.80317 0.11499 -0.06834 0.98421 0.1307 -0.10651 0.0538
/seq_02/frame_00801.png /seq_02/frame_00823.png 0.84477 0.06973 -0.0649 0.98161 0.15584 -0.09724 0.05188
/seq_02/frame_00801.png /seq_02/frame_00824.png 0.8607 0.05454 -0.06717 0.98075 0.16308 -0.09489 0.05028
/seq_02/frame_00801.png /seq_02/frame_00825.png 0.91494 0.01575 -0.06222 0.97853 0.17553 -0.09211 0.05647
/seq_02/frame_00801.png /seq_02/frame_00826.png 0.93125 0.00236 -0.05957 0.97894 0.1746 -0.0873 0.05972
/seq_02/frame_00801.png /seq_02/frame_00827.png 0.9426 -0.00604 -0.05843 0.97558 0.19356 -0.08909 0.05321
/seq_02/frame_00801.png /seq_02/frame_00828.png 0.9545 -0.01037 -0.06124 0.96896 0.22382 -0.09295 0.04879
/seq_02/frame_00801.png /seq_02/frame_00829.png 0.99046 -0.02414 -0.06272 0.95936 0.26143 -0.09239 0.05247
/seq_02/frame_00801.png /seq_02/frame_00830.png 1.01443 -0.03543 -0.06375 0.9544 0.27928 -0.09083 0.05358
/seq_02/frame_00801.png /seq_02/frame_00831.png 1.01443 -0.03543 -0.06375 0.9544 0.27928 -0.09083 0.05358
/seq_02/frame_00801.png /seq_02/frame_00832.png 1.06633 -0.08032 -0.06454 0.94471 0.30707 -0.09755 0.06101
/seq_02/frame_00801.png /seq_02/frame_00833.png 1.06633 -0.08032 -0.06454 0.94471 0.30707 -0.09755 0.06101
/seq_02/frame_00801.png /seq_02/frame_00834.png 1.11031 -0.12616 -0.05934 0.93999 0.32213 -0.09111 0.06593
/seq_02/frame_00801.png /seq_02/frame_00835.png 1.14033 -0.1628 -0.05365 0.93548 0.3337 -0.09404 0.06835
/seq_02/frame_00801.png /seq_02/frame_00836.png 1.14033 -0.1628 -0.05365 0.93548 0.3337 -0.09404 0.06835
/seq_02/frame_00801.png /seq_02/frame_00837.png 1.16129 -0.20599 -0.05079 0.93335 0.34088 -0.08621 0.07232
/seq_02/frame_00801.png /seq_02/frame_00838.png 1.16648 -0.23449 -0.04739 0.92579 0.36235 -0.08478 0.06648
/seq_02/frame_00801.png /seq_02/frame_00839.png 1.14771 -0.2926 -0.04257 0.91393 0.39184 -0.08296 0.06566
/seq_02/frame_00801.png /seq_02/frame_00840.png 1.14499 -0.32158 -0.04262 0.90668 0.40913 -0.07902 0.06555
/seq_02/frame_00801.png /seq_02/frame_00841.png 1.14564 -0.35005 -0.04489 0.89745 0.42908 -0.07888 0.06526
/seq_02/frame_00801.png /seq_02/frame_00842.png 1.15171 -0.37721 -0.04559 0.89082 0.44256 -0.07793 0.06707
/seq_02/frame_00801.png /seq_02/frame_00843.png 1.16849 -0.42337 -0.05033 0.88001 0.46174 -0.08341 0.07364
/seq_02/frame_00801.png /seq_02/frame_00844.png 1.18687 -0.4387 -0.05046 0.87638 0.46859 -0.08288 0.07421
/seq_02/frame_00801.png /seq_02/frame_00845.png 1.2101 -0.44792 -0.04739 0.8734 0.47472 -0.07859 0.07511
/seq_02/frame_00801.png /seq_02/frame_00846.png 1.2101 -0.44792 -0.04739 0.8734 0.47472 -0.07859 0.07511
/seq_02/frame_00801.png /seq_02/frame_00847.png 1.28033 -0.45202 -0.04204 0.8653 0.4909 -0.07149 0.0719
/seq_02/frame_00801.png /seq_02/frame_00848.png 1.35362 -0.45866 -0.04161 0.86599 0.48984 -0.07291 0.06927
/seq_02/frame_00801.png /seq_02/frame_00849.png 1.38938 -0.4653 -0.04097 0.86448 0.49286 -0.07211 0.06757
/seq_02/frame_00801.png /seq_02/frame_00850.png 1.42543 -0.47141 -0.04015 0.8605 0.49968 -0.07066 0.06967
/seq_02/frame_00851.png /seq_02/frame_00852.png 0.05119 -0.01384 -0.00256 0.99938 0.03467 0.00096 0.00619
/seq_02/frame_00851.png /seq_02/frame_00853.png 0.07614 -0.04623 0.00118 0.99697 0.07745 0.00559 0.00357
/seq_02/frame_00851.png /seq_02/frame_00854.png 0.07614 -0.04623 0.00118 0.99697 0.07745 0.00559 0.00357
/seq_02/frame_00851.png /seq_02/frame_00855.png 0.08263 -0.10789 0.00551 0.99396 0.10929 0.00792 0.00511
/seq_02/frame_00851.png /seq_02/frame_00856.png 0.08263 -0.10789 0.00551 0.99396 0.10929 0.00792 0.00511
/seq_02/frame_00851.png /seq_02/frame_00857.png 0.08204 -0.18334 0.00046 0.99099 0.13372 0.00532 0.00596
/seq_02/frame_00851.png /seq_02/frame_00858.png 0.09241 -0.25338 -0.00728 0.98827 0.15226 0.00239 0.01188
/seq_02/frame_00851.png /seq_02/frame_00859.png 0.09241 -0.25338 -0.00728 0.98827 0.15226 0.00239 0.01188
/seq_02/frame_00851.png /seq_02/frame_00860.png 0.11786 -0.29601 -0.00699 0.98568 0.16816 0.00936 0.00825
/seq_02/frame_00851.png /seq_02/frame_00861.png 0.13665 -0.30705 -0.00636 0.98447 0.175 0.00985 0.01017
/seq_02/frame_00851.png /seq_02/frame_00862.png 0.18593 -0.33282 -0.00417 0.98171 0.19022 0.0056 0.00586
/seq_02/frame_00851.png /seq_02/frame_00863.png 0.18593 -0.33282 -0.00417 0.98171 0.19022 0.0056 0.00586
/seq_02/frame_00851.png /seq_02/frame_00864.png 0.23591 -0.37447 -0.0037 0.98123 0.19279 0.00532 0.00099
/seq_02/frame_00851.png /seq_02/frame_00865.png 0.23591 -0.37447 -0.0037 0.98123 0.19279 0.00532 0.00099
/seq_02/frame_00851.png /seq_02/frame_00866.png 0.27507 -0.42681 -0.0026 0.98153 0.1912 0.00113 -0.00596
/seq_02/frame_00851.png /seq_02/frame_00867.png 0.29604 -0.47772 0.00076 0.97908 0.20327 -0.00117 -0.00874
/seq_02/frame_00851.png /seq_02/frame_00868.png 0.29604 -0.47772 0.00076 0.97908 0.20327 -0.00117 -0.00874
/seq_02/frame_00851.png /seq_02/frame_00869.png 0.27883 -0.53856 0.00146 0.97582 0.21823 0.00019 -0.01247
/seq_02/frame_00851.png /seq_02/frame_00870.png 0.27883 -0.53856 0.00146 0.97582 0.21823 0.00019 -0.01247
/seq_02/frame_00851.png /seq_02/frame_00871.png 0.21686 -0.62325 -0.00822 0.97151 0.23679 0.00836 -0.00526
/seq_02/frame_00851.png /seq_02/frame_00872.png 0.1514 -0.71218 -0.00969 0.96702 0.25441 0.00914 -0.008
/seq_02/frame_00851.png /seq_02/frame_00873.png 0.12608 -0.75033 -0.00724 0.96301 0.26892 0.01053 -0.01388
/seq_02/frame_00851.png /seq_02/frame_00874.png 0.12608 -0.75033 -0.00724 0.96301 0.26892 0.01053 -0.01388
/seq_02/frame_00851.png /seq_02/frame_00875.png 0.10091 -0.79646 -0.00771 0.95735 0.28834 0.00588 -0.01753
/seq_02/frame_00851.png /seq_02/frame_00876.png 0.09218 -0.81891 -0.00852 0.95601 0.29268 0.00164 -0.01955
/seq_02/frame_00851.png /seq_02/frame_00877.png 0.05993 -0.87861 -0.01018 0.95097 0.30845 0.01229 -0.01904
/seq_02/frame_00851.png /seq_02/frame_00878.png 0.05993 -0.87861 -0.01018 0.95097 0.30845 0.01229 -0.01904
/seq_02/frame_00851.png /seq_02/frame_00879.png 0.01316 -0.94682 -0.01073 0.9493 0.31321 0.01454 -0.02269
/seq_02/frame_00851.png /seq_02/frame_00880.png 0.01316 -0.94682 -0.01073 0.9493 0.31321 0.01454 -0.02269
/seq_02/frame_00851.png /seq_02/frame_00881.png -0.02613 -0.99531 -0.00993 0.95659 0.28991 -0.0039 -0.02958
/seq_02/frame_00851.png /seq_02/frame_00882.png -0.0601 -1.03601 -0.00213 0.9601 0.27734 -0.00191 -0.03585
/seq_02/frame_00851.png /seq_02/frame_00883.png -0.0601 -1.03601 -0.00213 0.9601 0.27734 -0.00191 -0.03585
/seq_02/frame_00851.png /seq_02/frame_00884.png -0.12801 -1.07046 -0.0013 0.9592 0.28007 -0.00502 -0.03845
/seq_02/frame_00851.png /seq_02/frame_00885.png -0.12801 -1.07046 -0.0013 0.9592 0.28007 -0.00502 -0.03845
/seq_02/frame_00851.png /seq_02/frame_00886.png -0.23286 -1.11181 -0.00086 0.96173 0.27201 -0.00529 -0.0327
/seq_02/frame_00851.png /seq_02/frame_00887.png -0.32362 -1.15706 -0.00579 0.96536 0.25964 -0.00646 -0.025
/seq_02/frame_00851.png /seq_02/frame_00888.png -0.32362 -1.15706 -0.00579 0.96536 0.25964 -0.00646 -0.025
/seq_02/frame_00851.png /seq_02/frame_00889.png -0.37649 -1.18129 -0.00655 0.97037 0.23932 -0.00685 -0.03269
/seq_02/frame_00851.png /seq_02/frame_00890.png -0.37649 -1.18129 -0.00655 0.97037 0.23932 -0.00685 -0.03269
/seq_02/frame_00851.png /seq_02/frame_00891.png -0.4056 -1.18687 -0.00741 0.97773 0.20809 -0.00741 -0.02634
/seq_02/frame_00851.png /seq_02/frame_00892.png -0.42322 -1.18984 -0.00391 0.98218 0.18572 -0.01069 -0.02694
/seq_02/frame_00851.png /seq_02/frame_00893.png -0.42322 -1.18984 -0.00391 0.98218 0.18572 -0.01069 -0.02694
/seq_02/frame_00851.png /seq_02/frame_00894.png -0.42532 -1.19078 6e-05 0.98574 0.16549 -0.01111 -0.02836
/seq_02/frame_00851.png /seq_02/frame_00895.png -0.42132 -1.18777 0.00064 0.98749 0.1549 -0.00975 -0.02796
/seq_02/frame_00851.png /seq_02/frame_00896.png -0.43103 -1.19511 0.00111 0.98953 0.14107 -0.01164 -0.02823
/seq_02/frame_00851.png /seq_02/frame_00897.png -0.43103 -1.19511 0.00111 0.98953 0.14107 -0.01164 -0.02823
/seq_02/frame_00851.png /seq_02/frame_00898.png -0.441 -1.20091 0.00272 0.99173 0.12477 -0.00743 -0.029
/seq_02/frame_00851.png /seq_02/frame_00899.png -0.441 -1.20091 0.00272 0.99173 0.12477 -0.00743 -0.029
/seq_02/frame_00851.png /seq_02/frame_00900.png -0.45182 -1.20433 0.00373 0.9933 0.11155 -0.00759 -0.02918
