/seq_02/frame_00001.png /seq_02/frame_00002.png -0.07798 0.06438 -0.04111 0.99993 0.01069 -0.00475 -0.00049
/seq_02/frame_00001.png /seq_02/frame_00003.png 0.00996 0.0027 -0.00236 0.99985 0.01683 -0.00437 0.00135
/seq_02/frame_00001.png /seq_02/frame_00004.png 0.01944 0.00381 -0.00296 0.99989 0.0144 -0.00252 -0.00266
/seq_02/frame_00001.png /seq_02/frame_00005.png 0.01944 0.00381 -0.00296 0.99989 0.0144 -0.00252 -0.00266
/seq_02/frame_00001.png /seq_02/frame_00006.png 0.01944 0.00381 -0.00296 0.99989 0.0144 -0.00252 -0.00266
/seq_02/frame_00001.png /seq_02/frame_00007.png 0.06615 -0.00212 -0.00077 0.99973 0.02279 0.00087 0.00396
/seq_02/frame_00001.png /seq_02/frame_00008.png 0.09229 -0.00966 0.00513 0.99948 0.03221 0.00029 0.00296
/seq_02/frame_00001.png /seq_02/frame_00009.png 0.12442 -0.01613 0.02213 0.9985 0.05366 -0.01047 0.0034
/seq_02/frame_00001.png /seq_02/frame_00010.png 0.14186 -0.02519 0.02444 0.99755 0.068 -0.01527 0.00678
/seq_02/frame_00001.png /seq_02/frame_00011.png 0.16711 -0.0393 0.02815 0.99706 0.07479 -0.01586 0.00566
/seq_02/frame_00001.png /seq_02/frame_00012.png 0.19429 -0.0552 0.03493 0.99623 0.08372 -0.02196 0.00656
/seq_02/frame_00001.png /seq_02/frame_00013.png 0.22591 -0.07569 0.04122 0.99569 0.08899 -0.02523 0.00703
/seq_02/frame_00001.png /seq_02/frame_00014.png 0.25806 -0.10051 0.0411 0.99496 0.09545 -0.02963 0.00779
/seq_02/frame_00001.png /seq_02/frame_00015.png 0.31706 -0.13087 0.03428 0.99453 0.10132 -0.02277 0.01152
/seq_02/frame_00001.png /seq_02/frame_00016.png 0.34412 -0.13748 0.03523 0.9937 0.11011 -0.0168 0.0125
/seq_02/frame_00001.png /seq_02/frame_00017.png 0.37269 -0.1374 0.03372 0.99242 0.12152 -0.01358 0.01197
/seq_02/frame_00001.png /seq_02/frame_00018.png 0.40909 -0.13539 0.03356 0.99029 0.13855 -0.00848 0.00777
/seq_02/frame_00001.png /seq_02/frame_00019.png 0.4432 -0.13395 0.03131 0.98627 0.16496 0.00119 0.00757
/seq_02/frame_00001.png /seq_02/frame_00020.png 0.47182 -0.13037 0.02796 0.98337 0.18118 0.01072 0.00587
/seq_02/frame_00001.png /seq_02/frame_00021.png 0.50798 -0.11596 0.00606 0.97786 0.20712 0.02979 -0.00272
/seq_02/frame_00001.png /seq_02/frame_00022.png 0.52759 -0.13952 0.01006 0.97528 0.21689 0.04083 -0.01066
/seq_02/frame_00001.png /seq_02/frame_00023.png 0.53814 -0.15326 0.00168 0.97101 0.23332 0.04943 -0.01589
/seq_02/frame_00001.png /seq_02/frame_00024.png 0.54644 -0.15886 -0.0055 0.96857 0.24019 0.06083 -0.02203
/seq_02/frame_00001.png /seq_02/frame_00025.png 0.54968 -0.16113 -0.00774 0.96622 0.24987 0.05902 -0.02242
/seq_02/frame_00001.png /seq_02/frame_00026.png 0.55333 -0.16392 -0.00753 0.96351 0.26169 0.05251 -0.02038
/seq_02/frame_00001.png /seq_02/frame_00027.png 0.57168 -0.17083 -0.01227 0.95385 0.29464 0.05128 -0.0271
/seq_02/frame_00001.png /seq_02/frame_00028.png 0.58204 -0.17053 -0.01524 0.9478 0.31376 0.04993 -0.02725
/seq_02/frame_00001.png /seq_02/frame_00029.png 0.5929 -0.16919 -0.0184 0.94271 0.32877 0.05106 -0.02451
/seq_02/frame_00001.png /seq_02/frame_00030.png 0.60182 -0.165 -0.02188 0.93958 0.3367 0.0562 -0.02579
/seq_02/frame_00031.png /seq_02/frame_00032.png -0.00546 -0.00722 0.00285 0.99996 0.00788 -0.00307 0.00247
/seq_02/frame_00031.png /seq_02/frame_00033.png -0.00319 -0.03614 0.0261 0.99907 0.00123 -0.02879 0.03205
/seq_02/frame_00031.png /seq_02/frame_00034.png 0.00063 -0.06781 0.0403 0.99797 -0.01444 -0.0426 0.04513
/seq_02/frame_00031.png /seq_02/frame_00035.png 0.00683 -0.09341 0.05041 0.99618 -0.0306 -0.04732 0.06675
/seq_02/frame_00031.png /seq_02/frame_00036.png 0.01617 -0.12578 0.05709 0.99507 -0.05358 -0.04625 0.06947
/seq_02/frame_00031.png /seq_02/frame_00037.png 0.02558 -0.1537 0.06205 0.99301 -0.07818 -0.04902 0.0736
/seq_02/frame_00031.png /seq_02/frame_00038.png 0.03409 -0.17068 0.067 0.98938 -0.11406 -0.05648 0.07013
/seq_02/frame_00031.png /seq_02/frame_00039.png 0.05006 -0.1884 0.07246 0.98457 -0.14616 -0.0611 0.07439
/seq_02/frame_00031.png /seq_02/frame_00040.png 0.05949 -0.19037 0.07834 0.98221 -0.15593 -0.07003 0.07772
/seq_02/frame_00031.png /seq_02/frame_00041.png 0.07787 -0.18817 0.07949 0.98026 -0.16485 -0.07427 0.08003
/seq_02/frame_00031.png /seq_02/frame_00042.png 0.10407 -0.18679 0.08098 0.97817 -0.17265 -0.07679 0.08647
/seq_02/frame_00031.png /seq_02/frame_00043.png 0.13496 -0.18527 0.08301 0.97649 -0.18277 -0.07614 0.0852
/seq_02/frame_00031.png /seq_02/frame_00044.png 0.17217 -0.18839 0.07754 0.97502 -0.19205 -0.07543 0.08225
/seq_02/frame_00031.png /seq_02/frame_00045.png 0.23826 -0.19188 0.05655 0.97323 -0.20676 -0.07018 0.0718
/seq_02/frame_00031.png /seq_02/frame_00046.png 0.23826 -0.19188 0.05655 0.97323 -0.20676 -0.07018 0.0718
/seq_02/frame_00031.png /seq_02/frame_00047.png 0.28459 -0.19768 0.04245 0.97083 -0.22741 -0.04905 0.058
/seq_02/frame_00031.png /seq_02/frame_00048.png 0.31253 -0.21061 0.03047 0.9654 -0.25234 -0.04428 0.04874
/seq_02/frame_00031.png /seq_02/frame_00049.png 0.34089 -0.23291 0.02538 0.9552 -0.29119 -0.03317 0.04134
/seq_02/frame_00031.png /seq_02/frame_00050.png 0.3642 -0.26386 0.02538 0.9468 -0.31829 -0.02488 0.04045
/seq_02/frame_00031.png /seq_02/frame_00051.png 0.3844 -0.28596 0.02884 0.94116 -0.33542 -0.02102 0.03561
/seq_02/frame_00031.png /seq_02/frame_00052.png 0.41077 -0.30128 0.02441 0.92613 -0.37688 -0.00241 0.01563
/seq_02/frame_00031.png /seq_02/frame_00053.png 0.41077 -0.30128 0.02441 0.92613 -0.37688 -0.00241 0.01563
/seq_02/frame_00031.png /seq_02/frame_00054.png 0.44545 -0.30955 0.02056 0.91146 -0.41121 -0.00407 0.01087
/seq_02/frame_00031.png /seq_02/frame_00055.png 0.47154 -0.30323 0.02084 0.90687 -0.42126 -0.00706 0.00892
/seq_02/frame_00031.png /seq_02/frame_00056.png 0.49709 -0.29238 0.02515 0.90977 -0.4144 -0.015 0.01898
/seq_02/frame_00031.png /seq_02/frame_00057.png 0.52356 -0.27974 0.02999 0.90976 -0.41426 -0.02104 0.01664
/seq_02/frame_00031.png /seq_02/frame_00058.png 0.56779 -0.24107 0.03325 0.90515 -0.42391 -0.02275 0.02211
/seq_02/frame_00031.png /seq_02/frame_00059.png 0.58801 -0.22302 0.03302 0.9041 -0.42621 -0.02214 0.02134
/seq_02/frame_00031.png /seq_02/frame_00060.png 0.60603 -0.20516 0.032 0.90187 -0.4308 -0.02036 0.0251
/seq_02/frame_00061.png /seq_02/frame_00062.png 0.0305 0.03148 -0.00504 0.9999 -0.01407 -0.00223 -0.00012
/seq_02/frame_00061.png /seq_02/frame_00063.png 0.04235 0.04275 -0.00904 0.99982 -0.01802 0.00461 0.0044
/seq_02/frame_00061.png /seq_02/frame_00064.png 0.05388 0.05615 -0.00966 0.99917 -0.03949 0.00897 0.00514
/seq_02/frame_00061.png /seq_02/frame_00065.png 0.06459 0.05812 -0.00808 0.99862 -0.05168 0.00856 0.00276
/seq_02/frame_00061.png /seq_02/frame_00066.png 0.07754 0.05438 -0.00982 0.99809 -0.06091 0.00994 0.00289
/seq_02/frame_00061.png /seq_02/frame_00067.png 0.07754 0.05438 -0.00982 0.99809 -0.06091 0.00994 0.00289
/seq_02/frame_00061.png /seq_02/frame_00068.png 0.07754 0.05438 -0.00982 0.99809 -0.06091 0.00994 0.00289
/seq_02/frame_00061.png /seq_02/frame_00069.png 0.07754 0.05438 -0.00982 0.99809 -0.06091 0.00994 0.00289
/seq_02/frame_00061.png /seq_02/frame_00070.png 0.12523 0.0093 -0.00855 0.99262 -0.12013 0.01657 -0.0008
/seq_02/frame_00061.png /seq_02/frame_00071.png 0.13978 -0.03813 -0.01219 0.9877 -0.15462 0.02316 0.00103
/seq_02/frame_00061.png /seq_02/frame_00072.png 0.13978 -0.03813 -0.01219 0.9877 -0.15462 0.02316 0.00103
/seq_02/frame_00061.png /seq_02/frame_00073.png 0.14151 -0.09231 -0.01783 0.98132 -0.18921 0.03482 0.00257
/seq_02/frame_00061.png /seq_02/frame_00074.png 0.14151 -0.09231 -0.01783 0.98132 -0.18921 0.03482 0.00257
/seq_02/frame_00061.png /seq_02/frame_00075.png 0.1273 -0.13421 -0.02466 0.97583 -0.21405 0.04379 -0.00324
/seq_02/frame_00061.png /seq_02/frame_00076.png 0.07291 -0.16926 -0.02573 0.96836 -0.24552 0.04471 -0.00025
/seq_02/frame_00061.png /seq_02/frame_00077.png 0.04622 -0.19046 -0.02774 0.96487 -0.25861 0.04605 0.00587
/seq_02/frame_00061.png /seq_02/frame_00078.png 0.02041 -0.21213 -0.02946 0.96213 -0.26795 0.04964 0.00693
/seq_02/frame_00061.png /seq_02/frame_00079.png 0.00017 -0.23044 -0.02924 0.96042 -0.27323 0.05376 0.00659
/seq_02/frame_00061.png /seq_02/frame_00080.png -0.01553 -0.24557 -0.03364 0.95784 -0.28055 0.06178 0.00501
/seq_02/frame_00061.png /seq_02/frame_00081.png -0.02679 -0.25236 -0.03813 0.95438 -0.2909 0.06664 0.00982
/seq_02/frame_00061.png /seq_02/frame_00082.png -0.03593 -0.2708 -0.03548 0.94261 -0.32566 0.07146 0.01806
/seq_02/frame_00061.png /seq_02/frame_00083.png -0.03414 -0.28168 -0.03581 0.93796 -0.33911 0.06858 0.02295
/seq_02/frame_00061.png /seq_02/frame_00084.png -0.02682 -0.29366 -0.04039 0.93567 -0.34383 0.07681 0.02009
/seq_02/frame_00061.png /seq_02/frame_00085.png -0.02307 -0.30334 -0.04783 0.93326 -0.34694 0.0905 0.0215
/seq_02/frame_00061.png /seq_02/frame_00086.png -0.02066 -0.30828 -0.05535 0.93212 -0.34861 0.09519 0.02353
/seq_02/frame_00061.png /seq_02/frame_00087.png -0.02953 -0.30451 -0.06374 0.92681 -0.35885 0.10758 0.02611
/seq_02/frame_00061.png /seq_02/frame_00088.png -0.06192 -0.30081 -0.08316 0.91177 -0.38745 0.132 0.03364
/seq_02/frame_00061.png /seq_02/frame_00089.png -0.0739 -0.3056 -0.08895 0.90965 -0.39175 0.13261 0.03853
/seq_02/frame_00061.png /seq_02/frame_00090.png -0.07995 -0.31291 -0.0917 0.90874 -0.39286 0.1361 0.03637
/seq_02/frame_00091.png /seq_02/frame_00092.png -0.01261 -0.00141 -0.00641 0.99989 -0.01232 0.00051 0.00768
/seq_02/frame_00091.png /seq_02/frame_00093.png -0.01363 -0.00288 0.00102 0.99979 -0.01838 0.00065 0.00936
/seq_02/frame_00091.png /seq_02/frame_00094.png -0.04002 -0.01046 -0.01687 0.99895 -0.04251 0.00441 0.01625
/seq_02/frame_00091.png /seq_02/frame_00095.png -0.05029 -0.01463 -0.01939 0.9977 -0.06412 0.00081 0.02194
/seq_02/frame_00091.png /seq_02/frame_00096.png -0.05563 -0.01896 -0.01677 0.99707 -0.07351 -0.00266 0.02083
/seq_02/frame_00091.png /seq_02/frame_00097.png -0.05563 -0.01896 -0.01677 0.99707 -0.07351 -0.00266 0.02083
/seq_02/frame_00091.png /seq_02/frame_00098.png -0.05563 -0.01896 -0.01677 0.99707 -0.07351 -0.00266 0.02083
/seq_02/frame_00091.png /seq_02/frame_00099.png -0.05563 -0.01896 -0.01677 0.99707 -0.07351 -0.00266 0.02083
/seq_02/frame_00091.png /seq_02/frame_00100.png -0.08074 -0.02967 -0.02322 0.98415 -0.17351 -0.00937 0.03529
/seq_02/frame_00091.png /seq_02/frame_00101.png -0.0857 -0.02743 -0.02381 0.98064 -0.19208 -0.01037 0.03673
/seq_02/frame_00091.png /seq_02/frame_00102.png -0.09 -0.02642 -0.02216 0.97739 -0.20814 -0.01188 0.03538
/seq_02/frame_00091.png /seq_02/frame_00103.png -0.09665 -0.02859 -0.01985 0.97168 -0.23318 -0.01433 0.03556
/seq_02/frame_00091.png /seq_02/frame_00104.png -0.10376 -0.03246 -0.01846 0.96515 -0.25844 -0.01834 0.03699
/seq_02/frame_00091.png /seq_02/frame_00105.png -0.10902 -0.04058 -0.01644 0.95779 -0.28438 -0.01317 0.03983
/seq_02/frame_00091.png /seq_02/frame_00106.png -0.11689 -0.04555 -0.01738 0.94756 -0.3157 -0.01493 0.04735
/seq_02/frame_00091.png /seq_02/frame_00107.png -0.11881 -0.04277 -0.02039 0.93857 -0.33975 -0.00558 0.0602
/seq_02/frame_00091.png /seq_02/frame_00108.png -0.11958 -0.03834 -0.02649 0.92991 -0.35979 -0.0022 0.07628
/seq_02/frame_00091.png /seq_02/frame_00109.png -0.12141 -0.03192 -0.03218 0.92404 -0.37367 0.00042 0.08068
/seq_02/frame_00091.png /seq_02/frame_00110.png -0.1147 -0.03512 -0.03398 0.91842 -0.38724 -0.00611 0.08071
/seq_02/frame_00091.png /seq_02/frame_00111.png -0.0878 -0.04251 -0.02903 0.90799 -0.41155 -0.0077 0.07816
/seq_02/frame_00091.png /seq_02/frame_00112.png -0.04975 -0.05257 -0.02409 0.89698 -0.43388 -0.02208 0.08179
/seq_02/frame_00091.png /seq_02/frame_00113.png 0.00251 -0.07525 -0.01354 0.87199 -0.48343 -0.03828 0.06686
/seq_02/frame_00091.png /seq_02/frame_00114.png 0.02526 -0.08741 -0.00701 0.86501 -0.49689 -0.0384 0.05819
/seq_02/frame_00091.png /seq_02/frame_00115.png 0.04255 -0.09998 0.00057 0.86135 -0.50437 -0.03766 0.04764
/seq_02/frame_00091.png /seq_02/frame_00116.png 0.04255 -0.09998 0.00057 0.86135 -0.50437 -0.03766 0.04764
/seq_02/frame_00091.png /seq_02/frame_00117.png 0.0523 -0.11199 0.01113 0.86037 -0.50808 -0.03021 0.02657
/seq_02/frame_00091.png /seq_02/frame_00118.png 0.05172 -0.12039 0.01843 0.86103 -0.50748 -0.02906 0.01552
/seq_02/frame_00091.png /seq_02/frame_00119.png 0.05254 -0.14897 0.02452 0.86357 -0.50351 -0.02579 -0.00701
/seq_02/frame_00091.png /seq_02/frame_00120.png 0.05331 -0.16034 0.0263 0.8634 -0.50378 -0.0224 -0.01566
/seq_02/frame_00121.png /seq_02/frame_00122.png 0.00154 -0.01115 0.00288 0.99992 -0.00223 0.00707 -0.01023
/seq_02/frame_00121.png /seq_02/frame_00123.png 0.00141 -0.01558 0.00869 0.99969 -0.00651 0.01311 -0.0201
/seq_02/frame_00121.png /seq_02/frame_00124.png 0.00254 -0.01747 0.01392 0.99942 -0.00368 0.0158 -0.02997
/seq_02/frame_00121.png /seq_02/frame_00125.png 0.00707 -0.0218 0.02259 0.99848 -0.00093 0.02945 -0.04663
/seq_02/frame_00121.png /seq_02/frame_00126.png 0.00958 -0.02486 0.02543 0.99798 0.00075 0.0331 -0.05422
/seq_02/frame_00121.png /seq_02/frame_00127.png 0.01284 -0.02612 0.02738 0.99759 0.00359 0.03562 -0.05943
/seq_02/frame_00121.png /seq_02/frame_00128.png 0.01473 -0.02604 0.02718 0.99772 0.00644 0.03381 -0.05805
/seq_02/frame_00121.png /seq_02/frame_00129.png 0.01473 -0.02604 0.02718 0.99772 0.00644 0.03381 -0.05805
/seq_02/frame_00121.png /seq_02/frame_00130.png 0.01741 -0.027 0.02626 0.99807 0.00893 0.03087 -0.0531
/seq_02/frame_00121.png /seq_02/frame_00131.png 0.01205 -0.02368 0.02124 0.99867 0.01194 0.02514 -0.0434
/seq_02/frame_00121.png /seq_02/frame_00132.png 0.00865 -0.02077 0.01967 0.99892 0.01389 0.02349 -0.03756
/seq_02/frame_00121.png /seq_02/frame_00133.png 0.00563 -0.01898 0.01483 0.99908 0.02064 0.01902 -0.03242
/seq_02/frame_00121.png /seq_02/frame_00134.png 0.00281 -0.01529 0.00837 0.99916 0.03052 0.01519 -0.02258
/seq_02/frame_00121.png /seq_02/frame_00135.png 0.00187 -0.0143 0.00041 0.99933 0.03314 0.0136 -0.00686
/seq_02/frame_00121.png /seq_02/frame_00136.png 0.0031 -0.01633 -0.00787 0.99933 0.03413 0.00996 0.00865
/seq_02/frame_00121.png /seq_02/frame_00137.png 0.005 -0.02014 -0.02337 0.99868 0.03946 0.00271 0.03266
/seq_02/frame_00121.png /seq_02/frame_00138.png -0.0096 0.01643 -0.02736 0.99808 0.04269 -0.00374 0.04471
/seq_02/frame_00121.png /seq_02/frame_00139.png -0.00147 -0.02283 -0.04287 0.99732 0.04257 -0.00824 0.05901
/seq_02/frame_00121.png /seq_02/frame_00140.png -0.00422 -0.02153 -0.05012 0.9965 0.04253 -0.01302 0.07075
/seq_02/frame_00121.png /seq_02/frame_00141.png -0.00638 -0.01649 -0.05562 0.99579 0.04427 -0.01679 0.07853
/seq_02/frame_00121.png /seq_02/frame_00142.png -0.00833 -0.01059 -0.06034 0.995 0.04603 -0.01739 0.08686
/seq_02/frame_00121.png /seq_02/frame_00143.png -0.01325 -0.00633 -0.06696 0.99406 0.05472 -0.02458 0.09082
/seq_02/frame_00121.png /seq_02/frame_00144.png -0.01347 -0.00334 -0.0713 0.99322 0.05406 -0.02371 0.1001
/seq_02/frame_00121.png /seq_02/frame_00145.png -0.01306 -0.00061 -0.07676 0.99126 0.06676 -0.02431 0.1112
/seq_02/frame_00121.png /seq_02/frame_00146.png -0.01277 0.00532 -0.07996 0.98871 0.08567 -0.01997 0.12128
/seq_02/frame_00121.png /seq_02/frame_00147.png -0.01378 0.01251 -0.08552 0.98494 0.10748 -0.01799 0.13423
/seq_02/frame_00121.png /seq_02/frame_00148.png -0.0157 0.02022 -0.0869 0.98124 0.13218 -0.01269 0.13978
/seq_02/frame_00121.png /seq_02/frame_00149.png -0.02747 0.04652 -0.09055 0.97073 0.18204 0.00431 0.15659
/seq_02/frame_00121.png /seq_02/frame_00150.png -0.03055 0.06005 -0.09063 0.96429 0.21029 0.0143 0.16038
/seq_02/frame_00151.png /seq_02/frame_00152.png -0.00152 0.00915 -0.00065 0.99952 0.03061 0.00532 0.0017
/seq_02/frame_00151.png /seq_02/frame_00153.png -0.00476 0.01759 -0.00011 0.99804 0.0618 0.00882 0.00423
/seq_02/frame_00151.png /seq_02/frame_00154.png -0.01279 0.02765 0.0006 0.9963 0.0853 0.00789 0.00628
/seq_02/frame_00151.png /seq_02/frame_00155.png -0.02799 0.05567 0.00293 0.98979 0.14238 -0.00036 -0.00719
/seq_02/frame_00151.png /seq_02/frame_00156.png -0.02861 0.07284 0.00506 0.98622 0.16471 -0.00472 -0.01463
/seq_02/frame_00151.png /seq_02/frame_00157.png -0.02497 0.08766 0.0098 0.98264 0.18375 -0.01448 -0.02123
/seq_02/frame_00151.png /seq_02/frame_00158.png -0.02382 0.13305 0.01134 0.98043 0.19365 -0.0215 -0.0283
/seq_02/frame_00151.png /seq_02/frame_00159.png -0.01072 0.12046 0.02224 0.97741 0.20654 -0.02827 -0.03472
/seq_02/frame_00151.png /seq_02/frame_00160.png 0.00562 0.14661 0.02387 0.97326 0.22384 -0.03337 -0.03939
/seq_02/frame_00151.png /seq_02/frame_00161.png 0.04013 0.20288 0.0263 0.9626 0.26513 -0.03692 -0.04187
/seq_02/frame_00151.png /seq_02/frame_00162.png 0.05566 0.22048 0.03025 0.95521 0.28972 -0.04148 -0.04381
/seq_02/frame_00151.png /seq_02/frame_00163.png 0.06731 0.23792 0.03214 0.94981 0.30579 -0.04684 -0.04638
/seq_02/frame_00151.png /seq_02/frame_00164.png 0.07574 0.25217 0.03467 0.94342 0.32387 -0.05497 -0.04528
/seq_02/frame_00151.png /seq_02/frame_00165.png 0.07929 0.27187 0.037 0.93672 0.34258 -0.06107 -0.03815
/seq_02/frame_00151.png /seq_02/frame_00166.png 0.07657 0.30242 0.03638 0.92545 0.37127 -0.06683 -0.03526
/seq_02/frame_00151.png /seq_02/frame_00167.png 0.0571 0.36484 0.04491 0.89851 0.43154 -0.06617 -0.04549
/seq_02/frame_00151.png /seq_02/frame_00168.png 0.04498 0.38831 0.05044 0.88479 0.45684 -0.07718 -0.04987
/seq_02/frame_00151.png /seq_02/frame_00169.png 0.03176 0.41101 0.05481 0.8728 0.4772 -0.08911 -0.05058
/seq_02/frame_00151.png /seq_02/frame_00170.png 0.023 0.426 0.06222 0.86436 0.48833 -0.10442 -0.05922
/seq_02/frame_00151.png /seq_02/frame_00171.png 0.01896 0.4345 0.06894 0.85965 0.49276 -0.11365 -0.07259
/seq_02/frame_00151.png /seq_02/frame_00172.png 0.01936 0.43534 0.07662 0.85565 0.49495 -0.12493 -0.08535
/seq_02/frame_00151.png /seq_02/frame_00173.png 0.02096 0.43314 0.08106 0.85068 0.49956 -0.13503 -0.09244
/seq_02/frame_00151.png /seq_02/frame_00174.png 0.03145 0.42262 0.09205 0.85109 0.48931 -0.1528 -0.11345
/seq_02/frame_00151.png /seq_02/frame_00175.png 0.03183 0.42227 0.09558 0.8513 0.48474 -0.15956 -0.1219
/seq_02/frame_00151.png /seq_02/frame_00176.png 0.03183 0.42227 0.09558 0.8513 0.48474 -0.15956 -0.1219
/seq_02/frame_00151.png /seq_02/frame_00177.png 0.03254 0.42429 0.10769 0.8523 0.47423 -0.17022 -0.14045
/seq_02/frame_00151.png /seq_02/frame_00178.png 0.03223 0.42444 0.11298 0.85112 0.47309 -0.17379 -0.14688
/seq_02/frame_00151.png /seq_02/frame_00179.png 0.0285 0.42451 0.1153 0.85073 0.4716 -0.17533 -0.15201
/seq_02/frame_00151.png /seq_02/frame_00180.png 0.02125 0.43172 0.12016 0.85082 0.46669 -0.18116 -0.15964
/seq_02/frame_00181.png /seq_02/frame_00182.png -0.00138 0.00262 0.00309 0.99997 0.00156 -0.00812 -0.00066
/seq_02/frame_00181.png /seq_02/frame_00183.png -0.00138 0.00262 0.00309 0.99997 0.00156 -0.00812 -0.00066
/seq_02/frame_00181.png /seq_02/frame_00184.png -0.05071 -0.00016 0.01519 0.99965 -0.00078 -0.02375 -0.01124
/seq_02/frame_00181.png /seq_02/frame_00185.png -0.05071 -0.00016 0.01519 0.99965 -0.00078 -0.02375 -0.01124
/seq_02/frame_00181.png /seq_02/frame_00186.png -0.01333 0.00222 0.0219 0.9992 0.00152 -0.03664 -0.016
/seq_02/frame_00181.png /seq_02/frame_00187.png -0.01304 -9e-05 0.02261 0.99925 0.001 -0.03514 -0.01638
/seq_02/frame_00181.png /seq_02/frame_00188.png -0.01366 0.00103 0.02264 0.9993 0.00375 -0.03468 -0.01325
/seq_02/frame_00181.png /seq_02/frame_00189.png -0.01876 0.00236 0.02223 0.99936 0.0066 -0.03243 -0.01357
/seq_02/frame_00181.png /seq_02/frame_00190.png -0.02637 0.00192 0.02369 0.99922 0.01597 -0.03341 -0.01403
/seq_02/frame_00181.png /seq_02/frame_00191.png -0.03299 0.00303 0.0229 0.99911 0.02455 -0.03165 -0.01351
/seq_02/frame_00181.png /seq_02/frame_00192.png -0.03655 0.00789 0.01638 0.99891 0.04222 -0.01772 -0.00898
/seq_02/frame_00181.png /seq_02/frame_00193.png -0.03542 0.01146 0.01342 0.99893 0.04411 -0.01124 -0.00767
/seq_02/frame_00181.png /seq_02/frame_00194.png -0.03255 0.01111 0.0054 0.99884 0.04773 0.0026 -0.0056
/seq_02/frame_00181.png /seq_02/frame_00195.png -0.0295 0.01218 -0.00124 0.99849 0.05318 0.0132 -0.0027
/seq_02/frame_00181.png /seq_02/frame_00196.png -0.02357 0.01218 -0.00713 0.99789 0.05963 0.02554 -0.00255
/seq_02/frame_00181.png /seq_02/frame_00197.png -0.01902 0.00803 -0.01073 0.99731 0.06636 0.03122 -0.00185
/seq_02/frame_00181.png /seq_02/frame_00198.png -0.0131 -0.00919 -0.01717 0.996 0.07736 0.04466 -0.0037
/seq_02/frame_00181.png /seq_02/frame_00199.png -0.01726 -0.01589 -0.02423 0.99542 0.077 0.0567 -0.00068
/seq_02/frame_00181.png /seq_02/frame_00200.png -0.02373 -0.02833 -0.02678 0.99477 0.07692 0.06725 0.00085
/seq_02/frame_00181.png /seq_02/frame_00201.png -0.03089 -0.05203 -0.02587 0.99443 0.07976 0.06885 0.00186
/seq_02/frame_00181.png /seq_02/frame_00202.png -0.04216 -0.08183 -0.02438 0.99383 0.08786 0.06767 0.00279
/seq_02/frame_00181.png /seq_02/frame_00203.png -0.05522 -0.11186 -0.02094 0.99327 0.09522 0.06586 0.00237
/seq_02/frame_00181.png /seq_02/frame_00204.png -0.08146 -0.1489 -0.01603 0.99283 0.10729 0.05266 -0.00041
/seq_02/frame_00181.png /seq_02/frame_00205.png -0.0913 -0.14979 -0.01331 0.99248 0.11324 0.04651 -0.00033
/seq_02/frame_00181.png /seq_02/frame_00206.png -0.10027 -0.12945 -0.00732 0.9921 0.11881 0.0402 3e-05
/seq_02/frame_00181.png /seq_02/frame_00207.png -0.10027 -0.12945 -0.00732 0.9921 0.11881 0.0402 3e-05
/seq_02/frame_00181.png /seq_02/frame_00208.png -0.11631 -0.04571 0.00667 0.98722 0.15813 0.01697 -0.01034
/seq_02/frame_00181.png /seq_02/frame_00209.png -0.12698 -0.00128 0.00912 0.98267 0.18426 0.01161 -0.01625
/seq_02/frame_00181.png /seq_02/frame_00210.png -0.14676 0.05259 0.00738 0.97726 0.2114 -0.00546 -0.01551
/seq_02/frame_00211.png /seq_02/frame_00212.png -0.00347 0.00253 0.00741 0.9999 0.00882 -0.01089 0.00279
/seq_02/frame_00211.png /seq_02/frame_00213.png -0.00887 0.00597 0.01371 0.99963 0.01413 -0.02235 0.00626
/seq_02/frame_00211.png /seq_02/frame_00214.png -0.01651 0.00953 0.02139 0.99916 0.01812 -0.0349 0.01191
/seq_02/frame_00211.png /seq_02/frame_00215.png -0.02077 0.00888 0.02554 0.99852 0.02568 -0.04506 0.0161
/seq_02/frame_00211.png /seq_02/frame_00216.png -0.03263 0.00159 0.0332 0.99655 0.05104 -0.06202 0.02085
/seq_02/frame_00211.png /seq_02/frame_00217.png -0.03263 0.00159 0.0332 0.99655 0.05104 -0.06202 0.02085
/seq_02/frame_00211.png /seq_02/frame_00218.png -0.03263 0.00159 0.0332 0.99655 0.05104 -0.06202 0.02085
/seq_02/frame_00211.png /seq_02/frame_00219.png -0.04142 -0.01848 0.03599 0.99281 0.08876 -0.07553 0.02741
/seq_02/frame_00211.png /seq_02/frame_00220.png -0.04452 -0.02453 0.03675 0.99141 0.10158 -0.07773 0.02716
/seq_02/frame_00211.png /seq_02/frame_00221.png -0.04877 -0.02906 0.03788 0.98964 0.11541 -0.08069 0.02809
/seq_02/frame_00211.png /seq_02/frame_00222.png -0.06877 -0.02683 0.03834 0.98792 0.12875 -0.08142 0.02845
/seq_02/frame_00211.png /seq_02/frame_00223.png -0.0563 -0.04418 0.03489 0.98419 0.15679 -0.07738 0.02813
/seq_02/frame_00211.png /seq_02/frame_00224.png -0.0584 -0.04924 0.03315 0.98235 0.17016 -0.07293 0.02687
/seq_02/frame_00211.png /seq_02/frame_00225.png -0.05823 -0.05527 0.032 0.98102 0.17953 -0.06885 0.02505
/seq_02/frame_00211.png /seq_02/frame_00226.png -0.05813 -0.06716 0.0325 0.97953 0.18866 -0.06524 0.02579
/seq_02/frame_00211.png /seq_02/frame_00227.png -0.06214 -0.08419 0.03564 0.97815 0.19438 -0.06849 0.02746
/seq_02/frame_00211.png /seq_02/frame_00228.png -0.06738 -0.10231 0.04124 0.97882 0.19023 -0.06794 0.03317
/seq_02/frame_00211.png /seq_02/frame_00229.png -0.09544 -0.11182 0.04481 0.97653 0.1977 -0.07476 0.04147
/seq_02/frame_00211.png /seq_02/frame_00230.png -0.09544 -0.11182 0.04481 0.97653 0.1977 -0.07476 0.04147
/seq_02/frame_00211.png /seq_02/frame_00231.png -0.11644 -0.03383 0.0378 0.97074 0.2268 -0.07367 0.02835
/seq_02/frame_00211.png /seq_02/frame_00232.png -0.11644 -0.03383 0.0378 0.97074 0.2268 -0.07367 0.02835
/seq_02/frame_00211.png /seq_02/frame_00233.png -0.14157 0.04503 0.02933 0.96414 0.25529 -0.06859 0.02378
/seq_02/frame_00211.png /seq_02/frame_00234.png -0.14157 0.04503 0.02933 0.96414 0.25529 -0.06859 0.02378
/seq_02/frame_00211.png /seq_02/frame_00235.png -0.15419 0.05726 0.0303 0.96338 0.26001 -0.05762 0.03123
/seq_02/frame_00211.png /seq_02/frame_00236.png -0.15009 0.05 0.02418 0.96812 0.2456 -0.0424 0.02505
/seq_02/frame_00211.png /seq_02/frame_00237.png -0.14277 0.06398 0.02255 0.96364 0.26274 -0.04 0.02776
/seq_02/frame_00211.png /seq_02/frame_00238.png -0.13092 0.09126 0.02022 0.95756 0.28416 -0.04278 0.02255
/seq_02/frame_00211.png /seq_02/frame_00239.png -0.11924 0.12578 0.01955 0.95318 0.29922 -0.03978 0.0184
/seq_02/frame_00211.png /seq_02/frame_00240.png -0.1121 0.15313 0.01604 0.9485 0.31379 -0.04065 0.01517
/seq_02/frame_00241.png /seq_02/frame_00242.png -0.00311 0.0408 -0.01845 0.99795 0.06283 0.01058 -0.00618
/seq_02/frame_00241.png /seq_02/frame_00243.png -0.00775 0.04715 -0.02786 0.99697 0.0744 0.01372 -0.01811
/seq_02/frame_00241.png /seq_02/frame_00244.png -0.01491 0.05298 -0.03449 0.99542 0.09174 0.01779 -0.02006
/seq_02/frame_00241.png /seq_02/frame_00245.png -0.02522 0.05687 -0.03627 0.99362 0.10921 0.01458 -0.02408
/seq_02/frame_00241.png /seq_02/frame_00246.png -0.03171 0.05552 -0.03641 0.9916 0.1262 0.0154 -0.02391
/seq_02/frame_00241.png /seq_02/frame_00247.png -0.03696 0.05463 -0.03567 0.9902 0.137 0.01405 -0.02338
/seq_02/frame_00241.png /seq_02/frame_00248.png -0.04872 0.04912 -0.03324 0.98553 0.16792 0.00826 -0.02147
/seq_02/frame_00241.png /seq_02/frame_00249.png -0.05229 0.04417 -0.03282 0.98322 0.18094 0.00595 -0.02248
/seq_02/frame_00241.png /seq_02/frame_00250.png -0.05436 0.03866 -0.03488 0.98093 0.1921 0.00554 -0.02907
/seq_02/frame_00241.png /seq_02/frame_00251.png -0.05598 0.03562 -0.03482 0.97892 0.20218 0.00402 -0.02851
/seq_02/frame_00241.png /seq_02/frame_00252.png -0.05802 0.03299 -0.03384 0.97678 0.21248 0.00134 -0.02743
/seq_02/frame_00241.png /seq_02/frame_00253.png -0.05802 0.03299 -0.03384 0.97678 0.21248 0.00134 -0.02743
/seq_02/frame_00241.png /seq_02/frame_00254.png -0.05802 0.03299 -0.03384 0.97678 0.21248 0.00134 -0.02743
/seq_02/frame_00241.png /seq_02/frame_00255.png -0.05746 0.03053 -0.02095 0.96869 0.248 -0.0116 -0.00143
/seq_02/frame_00241.png /seq_02/frame_00256.png -0.05746 0.03053 -0.02095 0.96869 0.248 -0.0116 -0.00143
/seq_02/frame_00241.png /seq_02/frame_00257.png -0.05967 0.03409 -0.01232 0.96427 0.26383 -0.01954 0.01387
/seq_02/frame_00241.png /seq_02/frame_00258.png -0.05967 0.03409 -0.01232 0.96427 0.26383 -0.01954 0.01387
/seq_02/frame_00241.png /seq_02/frame_00259.png -0.05785 0.04637 0.00257 0.96189 0.2692 -0.03194 0.03579
/seq_02/frame_00241.png /seq_02/frame_00260.png -0.04894 0.04619 0.0154 0.96096 0.26692 -0.04421 0.05793
/seq_02/frame_00241.png /seq_02/frame_00261.png -0.03898 0.03841 0.01804 0.96129 0.26351 -0.04544 0.06644
/seq_02/frame_00241.png /seq_02/frame_00262.png -0.02506 0.02112 0.01751 0.96142 0.26272 -0.0421 0.06991
/seq_02/frame_00241.png /seq_02/frame_00263.png -0.02506 0.02112 0.01751 0.96142 0.26272 -0.0421 0.06991
/seq_02/frame_00241.png /seq_02/frame_00264.png 0.01282 -0.03171 0.01559 0.95699 0.27733 -0.03855 0.07596
/seq_02/frame_00241.png /seq_02/frame_00265.png 0.0381 -0.06527 0.01911 0.95355 0.28681 -0.04296 0.08151
/seq_02/frame_00241.png /seq_02/frame_00266.png 0.08419 -0.11686 0.02709 0.94463 0.31098 -0.0443 0.09493
/seq_02/frame_00241.png /seq_02/frame_00267.png 0.11114 -0.12486 0.02414 0.93902 0.32921 -0.03269 0.09375
/seq_02/frame_00241.png /seq_02/frame_00268.png 0.14966 -0.12027 0.01924 0.92724 0.36374 -0.02348 0.08581
/seq_02/frame_00241.png /seq_02/frame_00269.png 0.20157 -0.1047 0.01743 0.91649 0.3925 -0.01845 0.07512
/seq_02/frame_00241.png /seq_02/frame_00270.png 0.24253 -0.0904 0.01417 0.90642 0.41598 -0.02218 0.06981
/seq_02/frame_00271.png /seq_02/frame_00272.png 0.01082 -0.05652 -0.00041 0.99756 0.06968 0.0023 0.00416
/seq_02/frame_00271.png /seq_02/frame_00273.png 0.01391 -0.10215 0.00726 0.99444 0.10321 -0.00156 0.02094
/seq_02/frame_00271.png /seq_02/frame_00274.png 0.01284 -0.13739 0.01336 0.99051 0.13411 -0.00078 0.03001
/seq_02/frame_00271.png /seq_02/frame_00275.png 0.01284 -0.13739 0.01336 0.99051 0.13411 -0.00078 0.03001
/seq_02/frame_00271.png /seq_02/frame_00276.png 0.02911 -0.17059 0.01789 0.98349 0.17912 0.00508 0.02517
/seq_02/frame_00271.png /seq_02/frame_00277.png 0.05537 -0.17925 0.01826 0.97664 0.21359 0.00689 0.02226
/seq_02/frame_00271.png /seq_02/frame_00278.png 0.14098 -0.18243 0.01187 0.95655 0.29098 -0.0101 0.01579
/seq_02/frame_00271.png /seq_02/frame_00279.png 0.1767 -0.16948 0.00345 0.93955 0.34204 -0.01497 0.00613
/seq_02/frame_00271.png /seq_02/frame_00280.png 0.20652 -0.15403 -0.00314 0.92596 0.37712 -0.01909 -0.00357
/seq_02/frame_00271.png /seq_02/frame_00281.png 0.23153 -0.14802 -0.00262 0.91983 0.39195 -0.01645 -0.00351
/seq_02/frame_00271.png /seq_02/frame_00282.png 0.2497 -0.14181 -0.00111 0.91556 0.402 -0.0122 6e-05
/seq_02/frame_00271.png /seq_02/frame_00283.png 0.26482 -0.13358 0.00136 0.91071 0.41294 -0.00942 0.00276
/seq_02/frame_00271.png /seq_02/frame_00284.png 0.28519 -0.11901 0.00522 0.90121 0.43332 -0.00372 0.00609
/seq_02/frame_00271.png /seq_02/frame_00285.png 0.28519 -0.11901 0.00522 0.90121 0.43332 -0.00372 0.00609
/seq_02/frame_00271.png /seq_02/frame_00286.png 0.29082 -0.11323 0.01001 0.90028 0.43501 6e-05 0.01598
/seq_02/frame_00271.png /seq_02/frame_00287.png 0.29108 -0.11082 0.00962 0.90014 0.43537 -0.00028 0.01442
/seq_02/frame_00271.png /seq_02/frame_00288.png 0.29319 -0.10446 0.00795 0.89995 0.43582 -0.00018 0.01245
/seq_02/frame_00271.png /seq_02/frame_00289.png 0.29594 -0.09279 0.0051 0.89944 0.43687 -0.00532 0.01094
/seq_02/frame_00271.png /seq_02/frame_00290.png 0.30979 -0.06369 0.00206 0.88531 0.46467 -0.01068 0.01366
/seq_02/frame_00271.png /seq_02/frame_00291.png 0.3272 -0.05159 0.00126 0.87299 0.48751 -0.0119 0.00879
/seq_02/frame_00271.png /seq_02/frame_00292.png 0.35028 -0.04045 0.00246 0.86136 0.50775 -0.01536 0.0029
/seq_02/frame_00271.png /seq_02/frame_00293.png 0.37788 -0.02721 0.00379 0.8483 0.52926 -0.01646 -0.00204
/seq_02/frame_00271.png /seq_02/frame_00294.png 0.40944 -0.01454 0.0077 0.84027 0.54198 -0.01426 -0.00351
/seq_02/frame_00271.png /seq_02/frame_00295.png 0.44263 -0.00458 0.01282 0.83572 0.54897 -0.01346 -0.00445
/seq_02/frame_00271.png /seq_02/frame_00296.png 0.47229 0.0064 0.02015 0.83317 0.55291 -0.01081 0.00016
/seq_02/frame_00271.png /seq_02/frame_00297.png 0.51258 0.02097 0.02995 0.81921 0.57341 -0.00238 0.00921
/seq_02/frame_00271.png /seq_02/frame_00298.png 0.53165 0.01189 0.03476 0.80624 0.59148 0.00187 0.01065
/seq_02/frame_00271.png /seq_02/frame_00299.png 0.55122 -0.0037 0.03872 0.78505 0.61934 0.00206 0.0102
/seq_02/frame_00271.png /seq_02/frame_00300.png 0.57606 -0.01549 0.04205 0.76883 0.63929 0.00184 0.01422
/seq_02/frame_00301.png /seq_02/frame_00302.png 0.0 0.0 0.0 1.0 0.0 0.0 0.0
/seq_02/frame_00301.png /seq_02/frame_00303.png 0.04638 -0.01673 -0.00523 0.99957 0.02824 -0.00706 0.00333
/seq_02/frame_00301.png /seq_02/frame_00304.png 0.08707 -0.01055 -0.00012 0.99936 0.03581 -0.00081 0.0003
/seq_02/frame_00301.png /seq_02/frame_00305.png 0.11639 0.00315 0.00044 0.99967 0.02549 0.00361 -0.0007
/seq_02/frame_00301.png /seq_02/frame_00306.png 0.15247 0.02172 -0.00129 0.99999 0.0042 -0.00249 -0.00233
/seq_02/frame_00301.png /seq_02/frame_00307.png 0.19274 0.03875 -0.00758 0.99972 -0.01753 -0.01107 -0.01137
/seq_02/frame_00301.png /seq_02/frame_00308.png 0.23356 0.05602 -0.00966 0.99903 -0.03731 -0.01558 -0.01771
/seq_02/frame_00301.png /seq_02/frame_00309.png 0.28235 0.07645 -0.0028 0.99707 -0.0742 -0.01477 -0.01164
/seq_02/frame_00301.png /seq_02/frame_00310.png 0.30339 0.07331 -0.0009 0.99635 -0.08446 -0.00901 -0.00867
/seq_02/frame_00301.png /seq_02/frame_00311.png 0.33055 0.0654 0.00094 0.99669 -0.08094 -0.00379 -0.00591
/seq_02/frame_00301.png /seq_02/frame_00312.png 0.36256 0.06087 0.00358 0.99743 -0.07141 -0.001 -0.00501
/seq_02/frame_00301.png /seq_02/frame_00313.png 0.39814 0.05309 0.00632 0.9982 -0.05953 0.00446 -0.00648
/seq_02/frame_00301.png /seq_02/frame_00314.png 0.43569 0.04274 0.00815 0.99887 -0.04522 0.01204 -0.00788
/seq_02/frame_00301.png /seq_02/frame_00315.png 0.51101 0.02779 0.00869 0.99956 -0.0217 0.01484 -0.01343
/seq_02/frame_00301.png /seq_02/frame_00316.png 0.54262 0.02715 0.00964 0.99959 -0.01039 0.02292 -0.01356
/seq_02/frame_00301.png /seq_02/frame_00317.png 0.54262 0.02715 0.00964 0.99959 -0.01039 0.02292 -0.01356
/seq_02/frame_00301.png /seq_02/frame_00318.png 0.54262 0.02715 0.00964 0.99959 -0.01039 0.02292 -0.01356
/seq_02/frame_00301.png /seq_02/frame_00319.png 0.54262 0.02715 0.00964 0.99959 -0.01039 0.02292 -0.01356
/seq_02/frame_00301.png /seq_02/frame_00320.png 0.60254 0.05637 0.01027 0.99854 0.04027 0.03309 -0.01447
/seq_02/frame_00301.png /seq_02/frame_00321.png 0.61118 0.09375 0.0025 0.99803 0.05809 0.01107 -0.02073
/seq_02/frame_00301.png /seq_02/frame_00322.png 0.6186 0.11406 0.00069 0.99799 0.06002 -0.00312 -0.01999
/seq_02/frame_00301.png /seq_02/frame_00323.png 0.62949 0.13499 -0.0039 0.99804 0.05721 -0.01689 -0.01896
/seq_02/frame_00301.png /seq_02/frame_00324.png 0.64342 0.15654 -0.01246 0.99759 0.05948 -0.03138 -0.01734
/seq_02/frame_00301.png /seq_02/frame_00325.png 0.65584 0.17845 -0.02184 0.99665 0.06196 -0.05029 -0.01776
/seq_02/frame_00301.png /seq_02/frame_00326.png 0.66106 0.19542 -0.03062 0.99546 0.05825 -0.07353 -0.01619
/seq_02/frame_00301.png /seq_02/frame_00327.png 0.65278 0.21284 -0.04534 0.99216 0.07103 -0.10155 -0.01637
/seq_02/frame_00301.png /seq_02/frame_00328.png 0.63969 0.20895 -0.05189 0.9906 0.07978 -0.10992 -0.01603
/seq_02/frame_00301.png /seq_02/frame_00329.png 0.62111 0.19559 -0.05846 0.98947 0.08527 -0.11552 -0.01826
/seq_02/frame_00301.png /seq_02/frame_00330.png 0.6034 0.17762 -0.06737 0.98815 0.08992 -0.12195 -0.02456
/seq_02/frame_00331.png /seq_02/frame_00332.png -0.00354 -0.0105 -0.00247 0.99998 -0.00305 -0.00535 -0.00336
/seq_02/frame_00331.png /seq_02/frame_00333.png -0.00725 -0.02495 0.00123 0.99993 -0.01122 -0.00194 -0.00231
/seq_02/frame_00331.png /seq_02/frame_00334.png -0.00827 -0.0264 0.0016 0.99986 -0.01457 -0.00385 -0.00699
/seq_02/frame_00331.png /seq_02/frame_00335.png -0.00252 -0.025 0.00199 0.99986 -0.01336 0.00435 -0.00943
/seq_02/frame_00331.png /seq_02/frame_00336.png 0.00529 -0.02104 0.00428 0.9997 -0.01927 0.0142 -0.00448
/seq_02/frame_00331.png /seq_02/frame_00337.png 0.00432 -0.01848 0.00393 0.99935 -0.02938 0.01987 -0.007
/seq_02/frame_00331.png /seq_02/frame_00338.png 0.00146 -0.0119 0.00204 0.99855 -0.04549 0.02753 -0.00865
/seq_02/frame_00331.png /seq_02/frame_00339.png 0.0259 0.0471 0.00265 0.99215 -0.11665 0.03936 -0.02213
/seq_02/frame_00331.png /seq_02/frame_00340.png 0.05327 0.09516 0.0094 0.98733 -0.15187 0.04173 -0.01918
/seq_02/frame_00331.png /seq_02/frame_00341.png 0.08218 0.13785 0.01193 0.98427 -0.17151 0.04168 -0.0073
/seq_02/frame_00331.png /seq_02/frame_00342.png 0.11044 0.16758 0.0106 0.98313 -0.17816 0.04075 -0.00718
/seq_02/frame_00331.png /seq_02/frame_00343.png 0.1311 0.1904 0.00778 0.98333 -0.17719 0.04047 -0.00521
/seq_02/frame_00331.png /seq_02/frame_00344.png 0.15564 0.21825 0.00419 0.97963 -0.1942 0.05109 0.00321
/seq_02/frame_00331.png /seq_02/frame_00345.png 0.20031 0.29279 -0.0128 0.97365 -0.22311 0.0466 0.00739
/seq_02/frame_00331.png /seq_02/frame_00346.png 0.20031 0.29279 -0.0128 0.97365 -0.22311 0.0466 0.00739
/seq_02/frame_00331.png /seq_02/frame_00347.png 0.20031 0.29279 -0.0128 0.97365 -0.22311 0.0466 0.00739
/seq_02/frame_00331.png /seq_02/frame_00348.png 0.20031 0.29279 -0.0128 0.97365 -0.22311 0.0466 0.00739
/seq_02/frame_00331.png /seq_02/frame_00349.png 0.28818 0.41306 -0.0289 0.96883 -0.24321 0.04111 0.02312
/seq_02/frame_00331.png /seq_02/frame_00350.png 0.28818 0.41306 -0.0289 0.96883 -0.24321 0.04111 0.02312
/seq_02/frame_00331.png /seq_02/frame_00351.png 0.36179 0.48738 -0.04172 0.96277 -0.26884 0.02103 0.01871
/seq_02/frame_00331.png /seq_02/frame_00352.png 0.36891 0.48846 -0.02645 0.96153 -0.27321 0.02195 0.01805
/seq_02/frame_00331.png /seq_02/frame_00353.png 0.37037 0.49185 -0.01451 0.96073 -0.27623 0.01965 0.0176
/seq_02/frame_00331.png /seq_02/frame_00354.png 0.3656 0.48704 -0.00677 0.95892 -0.28238 0.01722 0.02111
/seq_02/frame_00331.png /seq_02/frame_00355.png 0.3537 0.4823 -0.00058 0.96293 -0.26894 0.01114 0.01771
/seq_02/frame_00331.png /seq_02/frame_00356.png 0.34613 0.48338 0.00371 0.96531 -0.26018 0.01417 0.01704
/seq_02/frame_00331.png /seq_02/frame_00357.png 0.34919 0.48099 0.00193 0.96573 -0.25857 0.01945 0.01095
/seq_02/frame_00331.png /seq_02/frame_00358.png 0.35561 0.48051 -0.00875 0.964 -0.26512 0.01657 0.01187
/seq_02/frame_00331.png /seq_02/frame_00359.png 0.35688 0.48811 -0.01965 0.96491 -0.26228 0.00619 0.01066
/seq_02/frame_00331.png /seq_02/frame_00360.png 0.35645 0.49714 -0.02605 0.96814 -0.25037 0.0005 0.00521
/seq_02/frame_00361.png /seq_02/frame_00362.png 0.0117 0.00443 -0.00375 0.99971 -0.02076 -0.00663 -0.0101
/seq_02/frame_00361.png /seq_02/frame_00363.png 0.02958 0.03085 0.00056 0.99879 -0.0418 -0.01841 -0.01811
/seq_02/frame_00361.png /seq_02/frame_00364.png 0.09227 0.0951 0.02442 0.99689 -0.07871 -0.00455 -0.00123
/seq_02/frame_00361.png /seq_02/frame_00365.png 0.12938 0.11403 0.03118 0.99589 -0.08967 -0.00837 0.01005
/seq_02/frame_00361.png /seq_02/frame_00366.png 0.16661 0.1325 0.03168 0.995 -0.0989 -0.00815 0.01165
/seq_02/frame_00361.png /seq_02/frame_00367.png 0.19596 0.14942 0.03301 0.99305 -0.11582 -0.01353 0.01608
/seq_02/frame_00361.png /seq_02/frame_00368.png 0.22275 0.16401 0.03376 0.99124 -0.12993 -0.01682 0.01647
/seq_02/frame_00361.png /seq_02/frame_00369.png 0.24038 0.17906 0.03038 0.98962 -0.14112 -0.01904 0.01926
/seq_02/frame_00361.png /seq_02/frame_00370.png 0.26889 0.18063 0.02375 0.98922 -0.14351 -0.01577 0.02443
/seq_02/frame_00361.png /seq_02/frame_00371.png 0.28758 0.16784 0.0264 0.9888 -0.14619 -0.01107 0.02802
/seq_02/frame_00361.png /seq_02/frame_00372.png 0.29846 0.14933 0.02876 0.98807 -0.15011 -0.00906 0.03326
/seq_02/frame_00361.png /seq_02/frame_00373.png 0.30568 0.13154 0.03638 0.98688 -0.1581 -0.00706 0.03203
/seq_02/frame_00361.png /seq_02/frame_00374.png 0.32037 0.11789 0.04544 0.98525 -0.16873 -0.00253 0.02854
/seq_02/frame_00361.png /seq_02/frame_00375.png 0.32037 0.11789 0.04544 0.98525 -0.16873 -0.00253 0.02854
/seq_02/frame_00361.png /seq_02/frame_00376.png 0.36695 0.10723 0.05962 0.98407 -0.17495 0.00931 0.03033
/seq_02/frame_00361.png /seq_02/frame_00377.png 0.40599 0.10717 0.06445 0.98544 -0.16659 0.01439 0.03093
/seq_02/frame_00361.png /seq_02/frame_00378.png 0.5016 0.10358 0.07228 0.98645 -0.15745 0.02202 0.04052
/seq_02/frame_00361.png /seq_02/frame_00379.png 0.55068 0.10729 0.07533 0.98654 -0.15361 0.03223 0.04581
/seq_02/frame_00361.png /seq_02/frame_00380.png 0.59803 0.10999 0.07909 0.98665 -0.15072 0.03988 0.04704
/seq_02/frame_00361.png /seq_02/frame_00381.png 0.64348 0.11606 0.07933 0.98601 -0.1534 0.04466 0.04745
/seq_02/frame_00361.png /seq_02/frame_00382.png 0.68605 0.12372 0.07852 0.98602 -0.15271 0.04794 0.04631
/seq_02/frame_00361.png /seq_02/frame_00383.png 0.74319 0.13687 0.08424 0.98572 -0.15159 0.05655 0.04664
/seq_02/frame_00361.png /seq_02/frame_00384.png 0.76071 0.14106 0.08802 0.98524 -0.15218 0.0595 0.05098
/seq_02/frame_00361.png /seq_02/frame_00385.png 0.77862 0.14947 0.08952 0.98594 -0.14669 0.06208 0.05049
/seq_02/frame_00361.png /seq_02/frame_00386.png 0.8043 0.15956 0.09192 0.98613 -0.14192 0.06892 0.05161
/seq_02/frame_00361.png /seq_02/frame_00387.png 0.83673 0.16876 0.09361 0.98639 -0.13861 0.07089 0.05294
/seq_02/frame_00361.png /seq_02/frame_00388.png 0.83673 0.16876 0.09361 0.98639 -0.13861 0.07089 0.05294
/seq_02/frame_00361.png /seq_02/frame_00389.png 0.94397 0.16914 0.09605 0.98816 -0.12654 0.0692 0.05226
/seq_02/frame_00361.png /seq_02/frame_00390.png 0.97541 0.15854 0.10267 0.98673 -0.13304 0.07875 0.0497
/seq_02/frame_00391.png /seq_02/frame_00392.png 0.00409 -0.0196 0.00217 0.99994 -0.01067 6e-05 0.00136
/seq_02/frame_00391.png /seq_02/frame_00393.png 0.00167 -0.03607 0.00959 0.99946 -0.03022 0.00547 0.01131
/seq_02/frame_00391.png /seq_02/frame_00394.png 0.00592 -0.06939 0.01313 0.99905 -0.03598 0.01668 0.01795
/seq_02/frame_00391.png /seq_02/frame_00395.png 0.01885 -0.14274 0.01463 0.99699 -0.07188 0.01294 0.02592
/seq_02/frame_00391.png /seq_02/frame_00396.png 0.02433 -0.16734 0.01064 0.99532 -0.09514 0.00281 0.01667
/seq_02/frame_00391.png /seq_02/frame_00397.png 0.03259 -0.19296 0.00559 0.99454 -0.10429 8e-05 0.00216
/seq_02/frame_00391.png /seq_02/frame_00398.png 0.04085 -0.23016 0.00309 0.99508 -0.09907 0.00068 0.00189
/seq_02/frame_00391.png /seq_02/frame_00399.png 0.04859 -0.27407 0.00386 0.99434 -0.10545 -0.00034 0.01326
/seq_02/frame_00391.png /seq_02/frame_00400.png 0.05421 -0.31438 0.0047 0.99464 -0.10162 -0.00522 0.01856
/seq_02/frame_00391.png /seq_02/frame_00401.png 0.06445 -0.37371 -0.00799 0.99538 -0.09349 -0.02146 -0.00346
/seq_02/frame_00391.png /seq_02/frame_00402.png 0.06826 -0.38574 -0.01421 0.99488 -0.09617 -0.02996 -0.00875
/seq_02/frame_00391.png /seq_02/frame_00403.png 0.06668 -0.39032 -0.01918 0.99438 -0.09816 -0.03648 -0.01539
/seq_02/frame_00391.png /seq_02/frame_00404.png 0.0627 -0.38683 -0.02344 0.9942 -0.09674 -0.04229 -0.02041
/seq_02/frame_00391.png /seq_02/frame_00405.png 0.05515 -0.36947 -0.02284 0.99498 -0.08937 -0.04002 -0.02061
/seq_02/frame_00391.png /seq_02/frame_00406.png 0.04537 -0.34992 -0.02544 0.99578 -0.07738 -0.04333 -0.02379
/seq_02/frame_00391.png /seq_02/frame_00407.png 0.04378 -0.35125 -0.02407 0.99921 -0.00477 -0.03656 -0.01462
/seq_02/frame_00391.png /seq_02/frame_00408.png 0.06146 -0.38218 -0.02685 0.99858 0.02791 -0.04543 -0.00153
/seq_02/frame_00391.png /seq_02/frame_00409.png 0.08486 -0.4148 -0.03697 0.99644 0.05899 -0.05935 0.01003
/seq_02/frame_00391.png /seq_02/frame_00410.png 0.11054 -0.43636 -0.05195 0.99319 0.09885 -0.0611 0.00783
/seq_02/frame_00391.png /seq_02/frame_00411.png 0.11054 -0.43636 -0.05195 0.99319 0.09885 -0.0611 0.00783
/seq_02/frame_00391.png /seq_02/frame_00412.png 0.11054 -0.43636 -0.05195 0.99319 0.09885 -0.0611 0.00783
/seq_02/frame_00391.png /seq_02/frame_00413.png 0.11054 -0.43636 -0.05195 0.99319 0.09885 -0.0611 0.00783
/seq_02/frame_00391.png /seq_02/frame_00414.png 0.16275 -0.4408 -0.06295 0.96915 0.2354 -0.07281 -0.00595
/seq_02/frame_00391.png /seq_02/frame_00415.png 0.15584 -0.42168 -0.0636 0.96516 0.24981 -0.07763 -0.00549
/seq_02/frame_00391.png /seq_02/frame_00416.png 0.14337 -0.40162 -0.06253 0.96203 0.26066 -0.0809 -0.00054
/seq_02/frame_00391.png /seq_02/frame_00417.png 0.15 -0.36858 -0.0577 0.95832 0.27458 -0.07891 0.00279
/seq_02/frame_00391.png /seq_02/frame_00418.png 0.15689 -0.35727 -0.05336 0.95433 0.28992 -0.07197 0.00551
/seq_02/frame_00391.png /seq_02/frame_00419.png 0.16715 -0.36938 -0.04901 0.94477 0.32206 -0.06027 0.00685
/seq_02/frame_00391.png /seq_02/frame_00420.png 0.18714 -0.43682 -0.05156 0.92648 0.37022 -0.0636 0.02306
/seq_02/frame_00421.png /seq_02/frame_00422.png 0.0083 -0.01739 0.00221 0.99983 0.01733 0.00555 -0.00404
/seq_02/frame_00421.png /seq_02/frame_00423.png 0.01352 -0.02773 0.00817 0.99924 0.03508 0.01415 -0.00953
/seq_02/frame_00421.png /seq_02/frame_00424.png 0.0165 -0.03515 0.01612 0.99837 0.04894 0.0251 -0.01547
/seq_02/frame_00421.png /seq_02/frame_00425.png 0.02248 -0.04276 0.02201 0.99729 0.06184 0.03538 -0.01845
/seq_02/frame_00421.png /seq_02/frame_00426.png 0.03428 -0.04853 0.03754 0.99492 0.0797 0.05744 -0.02207
/seq_02/frame_00421.png /seq_02/frame_00427.png 0.03978 -0.04618 0.04292 0.99328 0.08929 0.06878 -0.02643
/seq_02/frame_00421.png /seq_02/frame_00428.png 0.04674 -0.05506 0.04863 0.99179 0.0977 0.07691 -0.02986
/seq_02/frame_00421.png /seq_02/frame_00429.png 0.05021 -0.0546 0.05212 0.98997 0.10633 0.08607 -0.03528
/seq_02/frame_00421.png /seq_02/frame_00430.png 0.05382 -0.05288 0.0558 0.98832 0.11405 0.09362 -0.0382
/seq_02/frame_00421.png /seq_02/frame_00431.png 0.05568 -0.05235 0.05863 0.98626 0.12401 0.1007 -0.04218
/seq_02/frame_00421.png /seq_02/frame_00432.png 0.05609 -0.05479 0.0634 0.98481 0.1297 0.10747 -0.04218
/seq_02/frame_00421.png /seq_02/frame_00433.png 0.06418 -0.06053 0.07072 0.98103 0.14107 0.12227 -0.0523
/seq_02/frame_00421.png /seq_02/frame_00434.png 0.06773 -0.06114 0.07398 0.97971 0.14359 0.12784 -0.05669
/seq_02/frame_00421.png /seq_02/frame_00435.png 0.07255 -0.06187 0.0772 0.9783 0.14537 0.13444 -0.06096
/seq_02/frame_00421.png /seq_02/frame_00436.png 0.07871 -0.06373 0.07894 0.97726 0.14617 0.13973 -0.06375
/seq_02/frame_00421.png /seq_02/frame_00437.png 0.08708 -0.06702 0.07949 0.97536 0.15093 0.14621 -0.06726
/seq_02/frame_00421.png /seq_02/frame_00438.png 0.09765 -0.06673 0.07945 0.9749 0.14344 0.15449 -0.07165
/seq_02/frame_00421.png /seq_02/frame_00439.png 0.0993 -0.05551 0.0772 0.97658 0.1303 0.15645 -0.06959
/seq_02/frame_00421.png /seq_02/frame_00440.png 0.09495 -0.03345 0.07325 0.98033 0.11987 0.14446 -0.0609
/seq_02/frame_00421.png /seq_02/frame_00441.png 0.09134 -0.00951 0.06653 0.98407 0.11148 0.12485 -0.05995
/seq_02/frame_00421.png /seq_02/frame_00442.png 0.09134 -0.00951 0.06653 0.98407 0.11148 0.12485 -0.05995
/seq_02/frame_00421.png /seq_02/frame_00443.png 0.09518 0.02109 0.04936 0.991 0.07261 0.10048 -0.05049
/seq_02/frame_00421.png /seq_02/frame_00444.png 0.09881 0.02359 0.04554 0.99318 0.05667 0.0921 -0.04352
/seq_02/frame_00421.png /seq_02/frame_00445.png 0.09682 -0.00328 0.03024 0.99719 0.02575 0.06321 -0.031
/seq_02/frame_00421.png /seq_02/frame_00446.png 0.09823 -0.03522 0.01911 0.99788 0.0359 0.04699 -0.0272
/seq_02/frame_00421.png /seq_02/frame_00447.png 0.10196 -0.08443 0.00648 0.99847 0.04526 0.02799 -0.01506
/seq_02/frame_00421.png /seq_02/frame_00448.png 0.10564 -0.13452 -0.00252 0.99791 0.06149 0.01986 -0.0026
/seq_02/frame_00421.png /seq_02/frame_00449.png 0.10213 -0.16746 -0.01167 0.99785 0.06431 0.01254 0.00264
/seq_02/frame_00421.png /seq_02/frame_00450.png 0.10455 -0.2009 -0.01995 0.99683 0.07943 0.00309 0.00273
/seq_02/frame_00451.png /seq_02/frame_00452.png 0.00767 -0.03044 -0.00414 0.99987 0.01311 -0.00767 0.00454
/seq_02/frame_00451.png /seq_02/frame_00453.png 0.00906 -0.04303 -0.00905 0.99979 0.01088 -0.01739 0.00298
/seq_02/frame_00451.png /seq_02/frame_00454.png -0.01464 -0.00746 -0.01323 0.99936 0.01345 -0.03299 0.0009
/seq_02/frame_00451.png /seq_02/frame_00455.png 0.00129 -0.01486 -0.02225 0.99899 -0.00775 -0.044 0.00549
/seq_02/frame_00451.png /seq_02/frame_00456.png -0.0029 0.00412 -0.0327 0.99837 -0.01906 -0.05239 0.01197
/seq_02/frame_00451.png /seq_02/frame_00457.png -0.00684 -0.00391 -0.05598 0.99729 0.01609 -0.06709 0.02564
/seq_02/frame_00451.png /seq_02/frame_00458.png -0.00473 -0.03459 -0.06556 0.99588 0.03995 -0.07338 0.03528
/seq_02/frame_00451.png /seq_02/frame_00459.png 0.0031 -0.06682 -0.06353 0.99366 0.07327 -0.07556 0.03962
/seq_02/frame_00451.png /seq_02/frame_00460.png 0.014 -0.09845 -0.05842 0.99121 0.09913 -0.07549 0.0445
/seq_02/frame_00451.png /seq_02/frame_00461.png 0.02745 -0.12454 -0.05632 0.98817 0.12542 -0.07672 0.04368
/seq_02/frame_00451.png /seq_02/frame_00462.png 0.04203 -0.14641 -0.05491 0.98507 0.14885 -0.07453 0.04386
/seq_02/frame_00451.png /seq_02/frame_00463.png 0.05227 -0.16637 -0.0573 0.98133 0.1698 -0.07708 0.047
/seq_02/frame_00451.png /seq_02/frame_00464.png 0.06474 -0.20503 -0.07243 0.97379 0.20082 -0.09162 0.05487
/seq_02/frame_00451.png /seq_02/frame_00465.png 0.06538 -0.21715 -0.08032 0.97096 0.20731 -0.10267 0.06098
/seq_02/frame_00451.png /seq_02/frame_00466.png 0.06538 -0.21715 -0.08032 0.97096 0.20731 -0.10267 0.06098
/seq_02/frame_00451.png /seq_02/frame_00467.png 0.06157 -0.22496 -0.10054 0.96829 0.20333 -0.12386 0.07564
/seq_02/frame_00451.png /seq_02/frame_00468.png 0.06157 -0.22496 -0.10054 0.96829 0.20333 -0.12386 0.07564
/seq_02/frame_00451.png /seq_02/frame_00469.png 0.07285 -0.22015 -0.11626 0.96888 0.177 -0.15546 0.07604
/seq_02/frame_00451.png /seq_02/frame_00470.png 0.08437 -0.21169 -0.11536 0.97086 0.15713 -0.16614 0.0717
/seq_02/frame_00451.png /seq_02/frame_00471.png 0.09862 -0.20437 -0.11306 0.97302 0.13845 -0.17107 0.06934
/seq_02/frame_00451.png /seq_02/frame_00472.png 0.09862 -0.20437 -0.11306 0.97302 0.13845 -0.17107 0.06934
/seq_02/frame_00451.png /seq_02/frame_00473.png 0.09862 -0.20437 -0.11306 0.97302 0.13845 -0.17107 0.06934
/seq_02/frame_00451.png /seq_02/frame_00474.png 0.10829 -0.25239 -0.12183 0.97087 0.1334 -0.18435 0.075
/seq_02/frame_00451.png /seq_02/frame_00475.png 0.12736 -0.29195 -0.12554 0.96733 0.14 -0.1939 0.08416
/seq_02/frame_00451.png /seq_02/frame_00476.png 0.13059 -0.34955 -0.13088 0.96558 0.14398 -0.20117 0.08029
/seq_02/frame_00451.png /seq_02/frame_00477.png 0.13142 -0.38303 -0.13312 0.9664 0.13185 -0.2042 0.08362
/seq_02/frame_00451.png /seq_02/frame_00478.png 0.12983 -0.41264 -0.14023 0.96597 0.11774 -0.21554 0.08114
/seq_02/frame_00451.png /seq_02/frame_00479.png 0.12729 -0.43202 -0.14652 0.96328 0.11423 -0.22793 0.08421
/seq_02/frame_00451.png /seq_02/frame_00480.png 0.12757 -0.44447 -0.15072 0.96246 0.10464 -0.23795 0.07806
/seq_02/frame_00481.png /seq_02/frame_00482.png 0.00556 -0.02587 -0.00727 0.99973 -0.01959 -0.00341 0.01184
/seq_02/frame_00481.png /seq_02/frame_00483.png 0.01258 -0.03714 -0.0121 0.99943 -0.02803 -0.01039 0.0157
/seq_02/frame_00481.png /seq_02/frame_00484.png 0.02265 -0.04407 -0.01734 0.99882 -0.04078 -0.01455 0.02211
/seq_02/frame_00481.png /seq_02/frame_00485.png 0.03511 -0.05073 -0.0206 0.99824 -0.04923 -0.01828 0.02754
/seq_02/frame_00481.png /seq_02/frame_00486.png 0.05203 -0.05906 -0.02439 0.99724 -0.06255 -0.02499 0.03126
/seq_02/frame_00481.png /seq_02/frame_00487.png 0.07236 -0.06744 -0.0304 0.9959 -0.07612 -0.0327 0.03633
/seq_02/frame_00481.png /seq_02/frame_00488.png 0.10061 -0.07669 -0.04212 0.9937 -0.09322 -0.04645 0.04142
/seq_02/frame_00481.png /seq_02/frame_00489.png 0.11087 -0.08438 -0.04806 0.99289 -0.0963 -0.05439 0.04392
/seq_02/frame_00481.png /seq_02/frame_00490.png 0.11534 -0.09429 -0.06416 0.99249 -0.08315 -0.07227 0.05323
/seq_02/frame_00481.png /seq_02/frame_00491.png 0.11515 -0.10253 -0.0794 0.99228 -0.06851 -0.09021 0.05057
/seq_02/frame_00481.png /seq_02/frame_00492.png 0.1193 -0.10783 -0.08712 0.99222 -0.06737 -0.09688 0.03966
/seq_02/frame_00481.png /seq_02/frame_00493.png 0.12567 -0.11158 -0.09264 0.99042 -0.07893 -0.10453 0.04371
/seq_02/frame_00481.png /seq_02/frame_00494.png 0.13516 -0.09608 -0.10294 0.98766 -0.07721 -0.12515 0.05382
/seq_02/frame_00481.png /seq_02/frame_00495.png 0.13841 -0.0844 -0.11395 0.98746 -0.06582 -0.13413 0.05102
/seq_02/frame_00481.png /seq_02/frame_00496.png 0.14163 -0.07315 -0.1219 0.98751 -0.04922 -0.13851 0.05675
/seq_02/frame_00481.png /seq_02/frame_00497.png 0.14245 -0.06467 -0.12144 0.98872 -0.01911 -0.1341 0.06389
/seq_02/frame_00481.png /seq_02/frame_00498.png 0.14187 -0.0489 -0.117 0.98987 0.0129 -0.12673 0.06268
/seq_02/frame_00481.png /seq_02/frame_00499.png 0.13766 -0.02736 -0.11557 0.98768 0.06923 -0.12086 0.07132
/seq_02/frame_00481.png /seq_02/frame_00500.png 0.1091 -0.03424 -0.09804 0.97759 0.18245 -0.09093 0.05264
/seq_02/frame_00481.png /seq_02/frame_00501.png 0.1091 -0.03424 -0.09804 0.97759 0.18245 -0.09093 0.05264
/seq_02/frame_00481.png /seq_02/frame_00502.png 0.06766 -0.06288 -0.096 0.96504 0.24728 -0.07187 0.04886
/seq_02/frame_00481.png /seq_02/frame_00503.png 0.06766 -0.06288 -0.096 0.96504 0.24728 -0.07187 0.04886
/seq_02/frame_00481.png /seq_02/frame_00504.png 0.06766 -0.06288 -0.096 0.96504 0.24728 -0.07187 0.04886
/seq_02/frame_00481.png /seq_02/frame_00505.png 0.02236 -0.08648 -0.07194 0.95401 0.29451 -0.04684 0.03061
/seq_02/frame_00481.png /seq_02/frame_00506.png -0.02337 -0.09262 -0.0631 0.93988 0.34013 -0.02604 0.01587
/seq_02/frame_00481.png /seq_02/frame_00507.png -0.0581 -0.08872 -0.06379 0.92979 0.36659 -0.01951 0.02679
/seq_02/frame_00481.png /seq_02/frame_00508.png -0.08969 -0.07973 -0.05924 0.91437 0.40402 -0.01429 0.02229
/seq_02/frame_00481.png /seq_02/frame_00509.png -0.08969 -0.07973 -0.05924 0.91437 0.40402 -0.01429 0.02229
/seq_02/frame_00481.png /seq_02/frame_00510.png -0.14077 -0.04985 -0.04264 0.87661 0.48058 -0.00191 0.02456
/seq_02/frame_00511.png /seq_02/frame_00512.png -0.0142 0.01055 -0.00227 0.99985 0.00654 0.00615 0.01485
/seq_02/frame_00511.png /seq_02/frame_00513.png -0.03741 0.00153 0.01406 0.99906 0.03789 0.00964 0.01859
/seq_02/frame_00511.png /seq_02/frame_00514.png -0.0613 -0.00351 0.01728 0.99763 0.06756 0.01026 0.0079
/seq_02/frame_00511.png /seq_02/frame_00515.png -0.09736 -0.01555 0.02458 0.99402 0.10819 0.01401 0.00485
/seq_02/frame_00511.png /seq_02/frame_00516.png -0.13827 -0.0314 0.03161 0.98685 0.16054 0.01649 0.00953
/seq_02/frame_00511.png /seq_02/frame_00517.png -0.13827 -0.0314 0.03161 0.98685 0.16054 0.01649 0.00953
/seq_02/frame_00511.png /seq_02/frame_00518.png -0.21727 -0.05941 0.0438 0.97301 0.22848 0.02777 0.01659
/seq_02/frame_00511.png /seq_02/frame_00519.png -0.27302 -0.07873 0.05168 0.9613 0.27235 0.02557 0.03279
/seq_02/frame_00511.png /seq_02/frame_00520.png -0.29327 -0.08531 0.05735 0.96305 0.26751 0.02177 0.02218
/seq_02/frame_00511.png /seq_02/frame_00521.png -0.30678 -0.08821 0.06921 0.96468 0.26303 0.01382 0.00457
/seq_02/frame_00511.png /seq_02/frame_00522.png -0.31635 -0.09042 0.08633 0.96397 0.26462 0.01619 -0.02196
/seq_02/frame_00511.png /seq_02/frame_00523.png -0.32109 -0.09837 0.10203 0.96336 0.26395 0.01635 -0.04483
/seq_02/frame_00511.png /seq_02/frame_00524.png -0.32641 -0.10535 0.11302 0.96467 0.25565 0.01699 -0.06145
/seq_02/frame_00511.png /seq_02/frame_00525.png -0.33436 -0.10509 0.12549 0.96671 0.24323 0.01703 -0.07753
/seq_02/frame_00511.png /seq_02/frame_00526.png -0.34244 -0.10121 0.14566 0.96771 0.22448 0.00405 -0.11455
/seq_02/frame_00511.png /seq_02/frame_00527.png -0.34504 -0.09461 0.15393 0.96875 0.21389 -0.00283 -0.1256
/seq_02/frame_00511.png /seq_02/frame_00528.png -0.34537 -0.08569 0.16353 0.96872 0.20609 -0.00602 -0.13813
/seq_02/frame_00511.png /seq_02/frame_00529.png -0.34613 -0.07794 0.17127 0.96733 0.20093 -0.01383 -0.15397
/seq_02/frame_00511.png /seq_02/frame_00530.png -0.35119 -0.06718 0.17977 0.96537 0.2001 -0.01728 -0.16651
/seq_02/frame_00511.png /seq_02/frame_00531.png -0.35572 -0.06399 0.19055 0.96334 0.19539 -0.01651 -0.18308
/seq_02/frame_00511.png /seq_02/frame_00532.png -0.3649 -0.06169 0.2097 0.95915 0.17996 -0.01722 -0.21759
/seq_02/frame_00511.png /seq_02/frame_00533.png -0.3649 -0.06169 0.2097 0.95915 0.17996 -0.01722 -0.21759
/seq_02/frame_00511.png /seq_02/frame_00534.png -0.36854 -0.06016 0.22267 0.95666 0.16178 -0.01692 -0.24154
/seq_02/frame_00511.png /seq_02/frame_00535.png -0.36854 -0.06016 0.22267 0.95666 0.16178 -0.01692 -0.24154
/seq_02/frame_00511.png /seq_02/frame_00536.png -0.36586 -0.04994 0.23305 0.95058 0.15244 -0.03326 -0.26841
/seq_02/frame_00511.png /seq_02/frame_00537.png -0.36245 -0.03659 0.23521 0.94832 0.15208 -0.04185 -0.27533
/seq_02/frame_00511.png /seq_02/frame_00538.png -0.34838 -0.01994 0.23921 0.9437 0.16087 -0.05028 -0.28463
/seq_02/frame_00511.png /seq_02/frame_00539.png -0.32586 -0.01333 0.23899 0.94292 0.16396 -0.04929 -0.28562
/seq_02/frame_00511.png /seq_02/frame_00540.png -0.32586 -0.01333 0.23899 0.94292 0.16396 -0.04929 -0.28562
/seq_02/frame_00541.png /seq_02/frame_00542.png 0.03378 0.00588 0.00143 0.99999 0.00106 -0.00255 -0.00246
/seq_02/frame_00541.png /seq_02/frame_00543.png 0.05244 0.00864 -0.00033 0.99997 0.00659 0.00294 0.00079
/seq_02/frame_00541.png /seq_02/frame_00544.png 0.05056 0.00766 -0.00162 0.99965 0.02629 0.00382 0.00104
/seq_02/frame_00541.png /seq_02/frame_00545.png 0.00226 0.00934 -0.00645 0.9966 0.07978 0.01514 0.01406
/seq_02/frame_00541.png /seq_02/frame_00546.png -0.0272 0.01097 -0.01396 0.99428 0.10112 0.02161 0.02658
/seq_02/frame_00541.png /seq_02/frame_00547.png -0.05188 0.01601 -0.02483 0.99178 0.1187 0.02643 0.0397
/seq_02/frame_00541.png /seq_02/frame_00548.png -0.0741 0.02011 -0.03271 0.98934 0.1343 0.03037 0.04744
/seq_02/frame_00541.png /seq_02/frame_00549.png -0.09555 0.02135 -0.0403 0.98747 0.14503 0.0313 0.05376
/seq_02/frame_00541.png /seq_02/frame_00550.png -0.13153 0.02705 -0.06313 0.98375 0.15815 0.04196 0.07394
/seq_02/frame_00541.png /seq_02/frame_00551.png -0.14202 0.02841 -0.07139 0.98064 0.17348 0.04172 0.08063
/seq_02/frame_00541.png /seq_02/frame_00552.png -0.14717 0.02775 -0.0761 0.97653 0.19393 0.04347 0.08306
/seq_02/frame_00541.png /seq_02/frame_00553.png -0.15256 0.03043 -0.07894 0.97334 0.2085 0.04533 0.08417
/seq_02/frame_00541.png /seq_02/frame_00554.png -0.15761 0.03495 -0.08297 0.97289 0.20653 0.05243 0.08993
/seq_02/frame_00541.png /seq_02/frame_00555.png -0.15645 0.0364 -0.08894 0.97296 0.20084 0.0616 0.09605
/seq_02/frame_00541.png /seq_02/frame_00556.png -0.14352 0.03657 -0.09288 0.97801 0.17309 0.05886 0.10035
/seq_02/frame_00541.png /seq_02/frame_00557.png -0.12039 -0.02902 -0.09538 0.98173 0.15379 0.04912 0.10068
/seq_02/frame_00541.png /seq_02/frame_00558.png -0.11627 0.03227 -0.0933 0.98399 0.13132 0.05098 0.10921
/seq_02/frame_00541.png /seq_02/frame_00559.png -0.10331 0.02824 -0.09348 0.98691 0.11128 0.04609 0.10726
/seq_02/frame_00541.png /seq_02/frame_00560.png -0.10331 0.02824 -0.09348 0.98691 0.11128 0.04609 0.10726
/seq_02/frame_00541.png /seq_02/frame_00561.png -0.08918 0.03066 -0.09838 0.98772 0.09398 0.04442 0.11666
/seq_02/frame_00541.png /seq_02/frame_00562.png -0.09497 0.03599 -0.09551 0.98524 0.12667 0.04407 0.10639
/seq_02/frame_00541.png /seq_02/frame_00563.png -0.09497 0.03599 -0.09551 0.98524 0.12667 0.04407 0.10639
/seq_02/frame_00541.png /seq_02/frame_00564.png -0.09497 0.03599 -0.09551 0.98524 0.12667 0.04407 0.10639
/seq_02/frame_00541.png /seq_02/frame_00565.png -0.2314 0.03909 -0.1056 0.97255 0.2024 0.06998 0.09101
/seq_02/frame_00541.png /seq_02/frame_00566.png -0.27526 0.0281 -0.10525 0.96557 0.23111 0.07935 0.08929
/seq_02/frame_00541.png /seq_02/frame_00567.png -0.30658 0.01587 -0.10023 0.96045 0.25006 0.08723 0.08603
/seq_02/frame_00541.png /seq_02/frame_00568.png -0.34982 -0.01649 -0.08837 0.95198 0.28234 0.09214 0.07437
/seq_02/frame_00541.png /seq_02/frame_00569.png -0.37027 -0.02954 -0.08619 0.94579 0.30222 0.09359 0.07342
/seq_02/frame_00541.png /seq_02/frame_00570.png -0.39328 -0.04282 -0.08587 0.94068 0.31658 0.0994 0.0708
/seq_02/frame_00571.png /seq_02/frame_00572.png -0.01865 -0.0038 0.00034 0.99992 0.01265 0.00121 -0.00069
/seq_02/frame_00571.png /seq_02/frame_00573.png -0.03311 -0.00388 -0.0034 0.99965 0.02598 0.00369 -0.00301
/seq_02/frame_00571.png /seq_02/frame_00574.png -0.041 0.00197 -0.00941 0.99868 0.05111 0.00238 0.00371
/seq_02/frame_00571.png /seq_02/frame_00575.png -0.05355 0.00545 -0.01477 0.99714 0.07405 0.01115 0.0106
/seq_02/frame_00571.png /seq_02/frame_00576.png -0.06491 0.00693 -0.01966 0.99533 0.09293 0.01934 0.01768
/seq_02/frame_00571.png /seq_02/frame_00577.png -0.06848 0.0044 -0.01891 0.99412 0.10581 0.01659 0.01575
/seq_02/frame_00571.png /seq_02/frame_00578.png -0.05751 0.00138 -0.02174 0.99176 0.12681 0.00942 0.01539
/seq_02/frame_00571.png /seq_02/frame_00579.png -0.04605 0.00412 -0.02272 0.98938 0.14398 0.0091 0.01766
/seq_02/frame_00571.png /seq_02/frame_00580.png -0.0078 0.03163 -0.0188 0.98803 0.15284 0.01091 0.01791
/seq_02/frame_00571.png /seq_02/frame_00581.png -0.0078 0.03163 -0.0188 0.98803 0.15284 0.01091 0.01791
/seq_02/frame_00571.png /seq_02/frame_00582.png 0.05687 0.04819 -0.01544 0.98554 0.16801 0.01044 0.01957
/seq_02/frame_00571.png /seq_02/frame_00583.png 0.05687 0.04819 -0.01544 0.98554 0.16801 0.01044 0.01957
/seq_02/frame_00571.png /seq_02/frame_00584.png 0.08747 0.04832 -0.01877 0.98238 0.18607 0.01104 0.01393
/seq_02/frame_00571.png /seq_02/frame_00585.png 0.07784 0.04338 -0.02302 0.98029 0.19642 0.01608 0.014
/seq_02/frame_00571.png /seq_02/frame_00586.png 0.05127 0.03413 -0.01961 0.97579 0.21797 0.01302 0.01209
/seq_02/frame_00571.png /seq_02/frame_00587.png -0.04501 0.01386 -0.01548 0.97164 0.23605 0.01203 0.00783
/seq_02/frame_00571.png /seq_02/frame_00588.png -0.04501 0.01386 -0.01548 0.97164 0.23605 0.01203 0.00783
/seq_02/frame_00571.png /seq_02/frame_00589.png -0.16701 -0.0031 -0.00986 0.97401 0.22587 0.01698 -0.00128
/seq_02/frame_00571.png /seq_02/frame_00590.png -0.22014 -0.01826 -0.00501 0.97331 0.22938 0.00732 0.00107
/seq_02/frame_00571.png /seq_02/frame_00591.png -0.26921 -0.03002 -0.00249 0.9749 0.22252 0.00775 0.00024
/seq_02/frame_00571.png /seq_02/frame_00592.png -0.33647 -0.04314 -0.00914 0.97369 0.22736 0.01503 0.00155
/seq_02/frame_00571.png /seq_02/frame_00593.png -0.34662 -0.04356 -0.01131 0.97561 0.2187 0.01854 0.0015
/seq_02/frame_00571.png /seq_02/frame_00594.png -0.34542 -0.0442 -0.00923 0.97525 0.2206 0.015 0.00086
/seq_02/frame_00571.png /seq_02/frame_00595.png -0.34542 -0.0442 -0.00923 0.97525 0.2206 0.015 0.00086
/seq_02/frame_00571.png /seq_02/frame_00596.png -0.33136 -0.05546 -0.0098 0.97944 0.20061 0.02085 -0.0034
/seq_02/frame_00571.png /seq_02/frame_00597.png -0.33554 -0.06323 -0.00773 0.98051 0.19562 0.01814 -0.00202
/seq_02/frame_00571.png /seq_02/frame_00598.png -0.36567 -0.0559 -0.0054 0.97722 0.21138 0.01468 -0.01162
/seq_02/frame_00571.png /seq_02/frame_00599.png -0.45654 -0.02631 -0.01594 0.97114 0.23581 0.03227 -0.01544
/seq_02/frame_00571.png /seq_02/frame_00600.png -0.49571 -0.01718 -0.02048 0.97118 0.23591 0.03342 -0.00673
/seq_02/frame_00601.png /seq_02/frame_00602.png -0.02777 0.00869 -0.00763 0.99996 -0.0078 0.00501 0.00123
/seq_02/frame_00601.png /seq_02/frame_00603.png -0.04415 0.03324 -0.00906 0.99986 -0.01403 0.00632 0.00667
/seq_02/frame_00601.png /seq_02/frame_00604.png -0.0548 0.06792 -0.0164 0.99977 -0.01437 0.008 0.01356
/seq_02/frame_00601.png /seq_02/frame_00605.png -0.07385 0.15991 -0.02786 0.99972 0.01029 0.01602 0.01377
/seq_02/frame_00601.png /seq_02/frame_00606.png -0.08295 0.2002 -0.02992 0.99932 0.02794 0.02066 0.0125
/seq_02/frame_00601.png /seq_02/frame_00607.png -0.08295 0.2002 -0.02992 0.99932 0.02794 0.02066 0.0125
/seq_02/frame_00601.png /seq_02/frame_00608.png -0.11219 0.25197 -0.03142 0.99884 0.03828 0.02605 0.01358
/seq_02/frame_00601.png /seq_02/frame_00609.png -0.1289 0.26221 -0.02783 0.99883 0.03937 0.02343 0.01534
/seq_02/frame_00601.png /seq_02/frame_00610.png -0.14985 0.27147 -0.0226 0.99822 0.05373 0.01671 0.01973
/seq_02/frame_00601.png /seq_02/frame_00611.png -0.21777 0.30969 -0.01632 0.99656 0.07817 0.02356 0.0143
/seq_02/frame_00601.png /seq_02/frame_00612.png -0.21777 0.30969 -0.01632 0.99656 0.07817 0.02356 0.0143
/seq_02/frame_00601.png /seq_02/frame_00613.png -0.21777 0.30969 -0.01632 0.99656 0.07817 0.02356 0.0143
/seq_02/frame_00601.png /seq_02/frame_00614.png -0.33916 0.33894 -0.02113 0.99368 0.10945 0.02266 0.01005
/seq_02/frame_00601.png /seq_02/frame_00615.png -0.37016 0.34374 -0.02507 0.99395 0.10661 0.0238 0.01184
/seq_02/frame_00601.png /seq_02/frame_00616.png -0.39449 0.34693 -0.02944 0.9946 0.10021 0.0227 0.01482
/seq_02/frame_00601.png /seq_02/frame_00617.png -0.42451 0.34506 -0.04805 0.99501 0.09218 0.03328 0.01871
/seq_02/frame_00601.png /seq_02/frame_00618.png -0.43062 0.34389 -0.05601 0.99468 0.08979 0.04022 0.03049
/seq_02/frame_00601.png /seq_02/frame_00619.png -0.43509 0.34792 -0.06028 0.99541 0.07805 0.0447 0.03272
/seq_02/frame_00601.png /seq_02/frame_00620.png -0.43858 0.35498 -0.0619 0.99591 0.07296 0.0436 0.03078
/seq_02/frame_00601.png /seq_02/frame_00621.png -0.44713 0.36807 -0.06577 0.99614 0.07153 0.0407 0.03066
/seq_02/frame_00601.png /seq_02/frame_00622.png -0.44713 0.36807 -0.06577 0.99614 0.07153 0.0407 0.03066
/seq_02/frame_00601.png /seq_02/frame_00623.png -0.50143 0.40625 -0.06657 0.99629 0.07049 0.03634 0.03335
/seq_02/frame_00601.png /seq_02/frame_00624.png -0.53052 0.4218 -0.06759 0.99667 0.06091 0.0392 0.03743
/seq_02/frame_00601.png /seq_02/frame_00625.png -0.55823 0.4355 -0.07162 0.99682 0.05343 0.04394 0.0395
/seq_02/frame_00601.png /seq_02/frame_00626.png -0.58227 0.45177 -0.07209 0.99635 0.05345 0.04548 0.04853
/seq_02/frame_00601.png /seq_02/frame_00627.png -0.59724 0.47514 -0.0689 0.99657 0.04882 0.04673 0.04768
/seq_02/frame_00601.png /seq_02/frame_00628.png -0.60908 0.51248 -0.06996 0.99636 0.05427 0.04456 0.0484
/seq_02/frame_00601.png /seq_02/frame_00629.png -0.63722 0.59564 -0.07749 0.99549 0.07017 0.05434 0.03359
/seq_02/frame_00601.png /seq_02/frame_00630.png -0.65604 0.62567 -0.07746 0.99508 0.0777 0.05171 0.03332
/seq_02/frame_00631.png /seq_02/frame_00632.png -0.0161 0.0125 -0.00323 0.99998 -0.0032 0.00432 -0.00358
/seq_02/frame_00631.png /seq_02/frame_00633.png -0.0161 0.0125 -0.00323 0.99998 -0.0032 0.00432 -0.00358
/seq_02/frame_00631.png /seq_02/frame_00634.png -0.04479 0.03217 -0.00453 0.99987 -0.01509 0.00587 0.0002
/seq_02/frame_00631.png /seq_02/frame_00635.png -0.06615 0.04737 -0.00752 0.99946 -0.03179 0.00781 0.00076
/seq_02/frame_00631.png /seq_02/frame_00636.png -0.07444 0.05637 -0.00965 0.99907 -0.04216 0.0091 0.00101
/seq_02/frame_00631.png /seq_02/frame_00637.png -0.0832 0.06396 -0.01599 0.99866 -0.05112 0.00656 0.00377
/seq_02/frame_00631.png /seq_02/frame_00638.png -0.09073 0.07288 -0.02298 0.998 -0.06245 0.00772 0.00648
/seq_02/frame_00631.png /seq_02/frame_00639.png -0.09073 0.07288 -0.02298 0.998 -0.06245 0.00772 0.00648
/seq_02/frame_00631.png /seq_02/frame_00640.png -0.10385 0.08104 -0.02872 0.99693 -0.07738 -0.00323 0.01184
/seq_02/frame_00631.png /seq_02/frame_00641.png -0.11196 0.07994 -0.03082 0.9966 -0.08014 -0.00584 0.01817
/seq_02/frame_00631.png /seq_02/frame_00642.png -0.1354 0.0667 -0.04129 0.99682 -0.07767 0.00015 0.01756
/seq_02/frame_00631.png /seq_02/frame_00643.png -0.15765 0.05531 -0.04303 0.99657 -0.08087 -0.0012 0.01768
/seq_02/frame_00631.png /seq_02/frame_00644.png -0.18543 0.04026 -0.04036 0.99628 -0.08379 -0.01098 0.01695
/seq_02/frame_00631.png /seq_02/frame_00645.png -0.22401 0.02106 -0.03966 0.99625 -0.08373 -0.01394 0.01675
/seq_02/frame_00631.png /seq_02/frame_00646.png -0.27478 0.00522 -0.03864 0.99614 -0.0823 -0.01926 0.02386
/seq_02/frame_00631.png /seq_02/frame_00647.png -0.33066 -0.01108 -0.04672 0.99615 -0.08375 -0.0189 0.01766
/seq_02/frame_00631.png /seq_02/frame_00648.png -0.44479 -0.03227 -0.04342 0.99592 -0.07741 -0.04198 0.01961
/seq_02/frame_00631.png /seq_02/frame_00649.png -0.49098 -0.04553 -0.03361 0.99518 -0.08039 -0.04994 0.02563
/seq_02/frame_00631.png /seq_02/frame_00650.png -0.49098 -0.04553 -0.03361 0.99518 -0.08039 -0.04994 0.02563
/seq_02/frame_00631.png /seq_02/frame_00651.png -0.55037 -0.05715 -0.00518 0.99417 -0.08082 -0.06639 0.02636
/seq_02/frame_00631.png /seq_02/frame_00652.png -0.57098 -0.05529 -0.00316 0.99359 -0.07786 -0.07645 0.02962
/seq_02/frame_00631.png /seq_02/frame_00653.png -0.63098 -0.03973 -0.0295 0.99457 -0.04513 -0.08629 0.03682
/seq_02/frame_00631.png /seq_02/frame_00654.png -0.66447 -0.03039 -0.04547 0.99466 -0.02963 -0.08838 0.04434
/seq_02/frame_00631.png /seq_02/frame_00655.png -0.66447 -0.03039 -0.04547 0.99466 -0.02963 -0.08838 0.04434
/seq_02/frame_00631.png /seq_02/frame_00656.png -0.71133 -0.02003 -0.064 0.99233 0.00174 -0.10944 0.05742
/seq_02/frame_00631.png /seq_02/frame_00657.png -0.73693 -0.01094 -0.06086 0.99141 0.01439 -0.11329 0.06383
/seq_02/frame_00631.png /seq_02/frame_00658.png -0.76294 -0.00344 -0.05865 0.99091 0.02912 -0.10903 0.07327
/seq_02/frame_00631.png /seq_02/frame_00659.png -0.78493 -0.00053 -0.05845 0.99111 0.03707 -0.1073 0.06936
/seq_02/frame_00631.png /seq_02/frame_00660.png -0.81013 -0.02614 -0.08075 0.98937 0.04375 -0.10935 0.08526
/seq_02/frame_00661.png /seq_02/frame_00662.png -0.02213 -0.00606 -0.00161 0.99992 0.00677 -0.0103 0.00098
/seq_02/frame_00661.png /seq_02/frame_00663.png -0.02308 -0.05357 -0.02292 0.99985 0.00902 -0.01473 -0.00144
/seq_02/frame_00661.png /seq_02/frame_00664.png -0.03775 -0.07013 -0.04293 0.99988 -0.00382 -0.01214 -0.0093
/seq_02/frame_00661.png /seq_02/frame_00665.png -0.03775 -0.07013 -0.04293 0.99988 -0.00382 -0.01214 -0.0093
/seq_02/frame_00661.png /seq_02/frame_00666.png -0.06075 -0.09246 -0.09293 0.99979 0.00039 -0.00535 -0.01956
/seq_02/frame_00661.png /seq_02/frame_00667.png -0.07126 -0.08669 -0.11662 0.99965 -0.00936 -0.00819 -0.02332
/seq_02/frame_00661.png /seq_02/frame_00668.png -0.08171 -0.08069 -0.13665 0.99974 -0.00725 -0.00948 -0.01964
/seq_02/frame_00661.png /seq_02/frame_00669.png -0.09044 -0.07374 -0.14655 0.99972 -0.00794 -0.0132 -0.01794
/seq_02/frame_00661.png /seq_02/frame_00670.png -0.0982 -0.06738 -0.15873 0.99961 -0.00455 -0.01914 -0.01968
/seq_02/frame_00661.png /seq_02/frame_00671.png -0.11083 -0.05863 -0.17427 0.99876 -0.00694 -0.04876 -0.00754
/seq_02/frame_00661.png /seq_02/frame_00672.png -0.11372 -0.06543 -0.22087 0.99656 -0.01909 -0.07894 -0.01676
/seq_02/frame_00661.png /seq_02/frame_00673.png -0.11372 -0.06543 -0.22087 0.99656 -0.01909 -0.07894 -0.01676
/seq_02/frame_00661.png /seq_02/frame_00674.png -0.12072 -0.07587 -0.27295 0.99337 -0.01322 -0.11422 0.00111
/seq_02/frame_00661.png /seq_02/frame_00675.png -0.12072 -0.07587 -0.27295 0.99337 -0.01322 -0.11422 0.00111
/seq_02/frame_00661.png /seq_02/frame_00676.png -0.14322 -0.07252 -0.30937 0.99088 0.01276 -0.1336 0.01239
/seq_02/frame_00661.png /seq_02/frame_00677.png -0.14322 -0.07252 -0.30937 0.99088 0.01276 -0.1336 0.01239
/seq_02/frame_00661.png /seq_02/frame_00678.png -0.16742 -0.05902 -0.32463 0.98854 0.03648 -0.14598 0.01187
/seq_02/frame_00661.png /seq_02/frame_00679.png -0.18432 -0.05231 -0.33217 0.98751 0.04489 -0.15067 0.00994
/seq_02/frame_00661.png /seq_02/frame_00680.png -0.18432 -0.05231 -0.33217 0.98751 0.04489 -0.15067 0.00994
/seq_02/frame_00661.png /seq_02/frame_00681.png -0.18689 -0.06553 -0.34214 0.98529 0.06083 -0.15872 0.01782
/seq_02/frame_00661.png /seq_02/frame_00682.png -0.17996 -0.07403 -0.34355 0.98423 0.07052 -0.16023 0.02521
/seq_02/frame_00661.png /seq_02/frame_00683.png -0.17996 -0.07403 -0.34355 0.98423 0.07052 -0.16023 0.02521
/seq_02/frame_00661.png /seq_02/frame_00684.png -0.17846 -0.09755 -0.32279 0.97551 0.11572 -0.18237 0.04171
/seq_02/frame_00661.png /seq_02/frame_00685.png -0.17846 -0.09755 -0.32279 0.97551 0.11572 -0.18237 0.04171
/seq_02/frame_00661.png /seq_02/frame_00686.png -0.16744 -0.10672 -0.3167 0.9705 0.14322 -0.18787 0.04826
/seq_02/frame_00661.png /seq_02/frame_00687.png -0.17184 -0.11089 -0.31647 0.96941 0.14658 -0.18913 0.05467
/seq_02/frame_00661.png /seq_02/frame_00688.png -0.21947 -0.09835 -0.31814 0.96593 0.15491 -0.19808 0.06124
/seq_02/frame_00661.png /seq_02/frame_00689.png -0.19123 -0.1217 -0.31218 0.96398 0.15834 -0.20515 0.05983
/seq_02/frame_00661.png /seq_02/frame_00690.png -0.20002 -0.13277 -0.30615 0.95813 0.17187 -0.22088 0.06058
/seq_02/frame_00691.png /seq_02/frame_00692.png -0.01061 -0.00789 0.00218 0.99982 0.01448 -0.01079 0.00596
/seq_02/frame_00691.png /seq_02/frame_00693.png -0.01061 -0.00789 0.00218 0.99982 0.01448 -0.01079 0.00596
/seq_02/frame_00691.png /seq_02/frame_00694.png -0.02014 -0.0249 0.00047 0.99973 0.01893 -0.01307 0.00212
/seq_02/frame_00691.png /seq_02/frame_00695.png -0.02706 -0.03612 -0.00238 0.99961 0.02487 -0.01252 -0.00089
/seq_02/frame_00691.png /seq_02/frame_00696.png -0.03064 -0.06054 -0.01146 0.99941 0.03131 -0.00533 -0.01331
/seq_02/frame_00691.png /seq_02/frame_00697.png -0.03064 -0.06054 -0.01146 0.99941 0.03131 -0.00533 -0.01331
/seq_02/frame_00691.png /seq_02/frame_00698.png -0.02432 -0.08148 -0.02734 0.99854 0.04613 0.01396 -0.02456
/seq_02/frame_00691.png /seq_02/frame_00699.png -0.02151 -0.08767 -0.03682 0.99799 0.04896 0.02434 -0.03218
/seq_02/frame_00691.png /seq_02/frame_00700.png -0.01842 -0.09191 -0.04552 0.99743 0.04812 0.03621 -0.0389
/seq_02/frame_00691.png /seq_02/frame_00701.png -0.0132 -0.09817 -0.04989 0.99676 0.04387 0.04727 -0.04806
/seq_02/frame_00691.png /seq_02/frame_00702.png -0.0003 -0.10409 -0.06019 0.9948 0.03439 0.07431 -0.06063
/seq_02/frame_00691.png /seq_02/frame_00703.png 0.00478 -0.11154 -0.06748 0.99345 0.03615 0.08705 -0.06457
/seq_02/frame_00691.png /seq_02/frame_00704.png 0.00527 -0.11542 -0.07587 0.99206 0.03703 0.09867 -0.06856
/seq_02/frame_00691.png /seq_02/frame_00705.png 0.00512 -0.11896 -0.08723 0.99012 0.03827 0.11148 -0.07599
/seq_02/frame_00691.png /seq_02/frame_00706.png 0.00513 -0.12551 -0.09711 0.98873 0.03841 0.1188 -0.08259
/seq_02/frame_00691.png /seq_02/frame_00707.png 0.0032 -0.12909 -0.10362 0.98778 0.03455 0.12495 -0.0865
/seq_02/frame_00691.png /seq_02/frame_00708.png 0.00508 -0.13692 -0.12402 0.9845 0.0327 0.14209 -0.09746
/seq_02/frame_00691.png /seq_02/frame_00709.png 0.00825 -0.13134 -0.13126 0.98322 0.02718 0.1513 -0.09827
/seq_02/frame_00691.png /seq_02/frame_00710.png 0.01105 -0.12404 -0.13873 0.98182 0.02102 0.16096 -0.09838
/seq_02/frame_00691.png /seq_02/frame_00711.png 0.01495 -0.11586 -0.14514 0.98025 0.00839 0.16989 -0.10085
/seq_02/frame_00691.png /seq_02/frame_00712.png 0.01859 -0.10718 -0.14851 0.97958 -0.00355 0.17524 -0.09846
/seq_02/frame_00691.png /seq_02/frame_00713.png 0.01859 -0.10718 -0.14851 0.97958 -0.00355 0.17524 -0.09846
/seq_02/frame_00691.png /seq_02/frame_00714.png 0.0247 -0.08505 -0.15088 0.97681 -0.04769 0.18845 -0.08971
/seq_02/frame_00691.png /seq_02/frame_00715.png 0.02538 -0.0776 -0.1469 0.97716 -0.06215 0.1871 -0.07929
/seq_02/frame_00691.png /seq_02/frame_00716.png 0.02423 -0.06935 -0.14054 0.9776 -0.07908 0.18282 -0.06795
/seq_02/frame_00691.png /seq_02/frame_00717.png 0.02227 -0.06213 -0.13675 0.97659 -0.09553 0.18149 -0.06487
/seq_02/frame_00691.png /seq_02/frame_00718.png 0.01904 -0.05718 -0.13369 0.97638 -0.10732 0.17764 -0.06009
/seq_02/frame_00691.png /seq_02/frame_00719.png 0.01871 -0.05202 -0.13256 0.97447 -0.12265 0.17787 -0.06108
/seq_02/frame_00691.png /seq_02/frame_00720.png 0.01871 -0.05202 -0.13256 0.97447 -0.12265 0.17787 -0.06108
/seq_02/frame_00721.png /seq_02/frame_00722.png 0.00309 0.01354 -0.00285 0.99983 -0.01778 0.00403 -0.00245
/seq_02/frame_00721.png /seq_02/frame_00723.png 0.00819 0.0227 -0.00196 0.99961 -0.02748 0.00496 -0.00141
/seq_02/frame_00721.png /seq_02/frame_00724.png 0.00819 0.0227 -0.00196 0.99961 -0.02748 0.00496 -0.00141
/seq_02/frame_00721.png /seq_02/frame_00725.png 0.00957 0.0412 -0.00194 0.9984 -0.05629 0.00418 -0.00403
/seq_02/frame_00721.png /seq_02/frame_00726.png 0.00957 0.0412 -0.00194 0.9984 -0.05629 0.00418 -0.00403
/seq_02/frame_00721.png /seq_02/frame_00727.png 0.01108 0.06998 0.00558 0.99635 -0.08521 -0.00347 -0.00409
/seq_02/frame_00721.png /seq_02/frame_00728.png 0.00959 0.08326 0.00886 0.99515 -0.09804 -0.006 -0.00589
/seq_02/frame_00721.png /seq_02/frame_00729.png 0.00959 0.08326 0.00886 0.99515 -0.09804 -0.006 -0.00589
/seq_02/frame_00721.png /seq_02/frame_00730.png 0.00702 0.10107 0.01188 0.99194 -0.12599 -0.00763 -0.0107
/seq_02/frame_00721.png /seq_02/frame_00731.png 0.00702 0.10107 0.01188 0.99194 -0.12599 -0.00763 -0.0107
/seq_02/frame_00721.png /seq_02/frame_00732.png -0.00032 0.10781 0.01599 0.98811 -0.15285 -0.01098 -0.01248
/seq_02/frame_00721.png /seq_02/frame_00733.png -0.01998 0.11816 0.00551 0.98308 -0.18252 -0.00618 -0.0139
/seq_02/frame_00721.png /seq_02/frame_00734.png -0.01998 0.11816 0.00551 0.98308 -0.18252 -0.00618 -0.0139
/seq_02/frame_00721.png /seq_02/frame_00735.png 0.0002 0.11085 0.01633 0.97384 -0.22627 0.00519 -0.02014
/seq_02/frame_00721.png /seq_02/frame_00736.png 0.0002 0.11085 0.01633 0.97384 -0.22627 0.00519 -0.02014
/seq_02/frame_00721.png /seq_02/frame_00737.png 0.00973 0.11638 0.03272 0.96215 -0.27189 0.01099 -0.01485
/seq_02/frame_00721.png /seq_02/frame_00738.png 0.00973 0.11638 0.03272 0.96215 -0.27189 0.01099 -0.01485
/seq_02/frame_00721.png /seq_02/frame_00739.png 0.02086 0.12737 0.04142 0.95119 -0.30828 0.00739 -0.01233
/seq_02/frame_00721.png /seq_02/frame_00740.png 0.04423 0.1363 0.08202 0.94138 -0.333 0.05124 -0.01721
/seq_02/frame_00721.png /seq_02/frame_00741.png 0.04423 0.1363 0.08202 0.94138 -0.333 0.05124 -0.01721
/seq_02/frame_00721.png /seq_02/frame_00742.png 0.06075 0.14663 0.18713 0.93101 -0.35432 0.08733 -0.00701
/seq_02/frame_00721.png /seq_02/frame_00743.png 0.06749 0.14976 0.24797 0.92791 -0.35756 0.10552 -0.00266
/seq_02/frame_00721.png /seq_02/frame_00744.png 0.06552 0.15309 0.30032 0.92572 -0.35906 0.11868 -0.00546
/seq_02/frame_00721.png /seq_02/frame_00745.png 0.04187 0.16055 0.39338 0.9219 -0.35858 0.14668 -0.00264
/seq_02/frame_00721.png /seq_02/frame_00746.png 0.03066 0.16697 0.43089 0.91937 -0.35868 0.16154 0.00249
/seq_02/frame_00721.png /seq_02/frame_00747.png 0.0159 0.17544 0.4593 0.91761 -0.35769 0.17305 0.00995
/seq_02/frame_00721.png /seq_02/frame_00748.png 0.00859 0.17691 0.48007 0.91522 -0.35712 0.18639 0.00961
/seq_02/frame_00721.png /seq_02/frame_00749.png 0.0062 0.17296 0.49155 0.91069 -0.36548 0.1919 0.01542
/seq_02/frame_00721.png /seq_02/frame_00750.png 0.01835 0.15034 0.49369 0.89985 -0.38842 0.19702 0.02409
/seq_02/frame_00751.png /seq_02/frame_00752.png 0.01262 -0.05612 0.01225 0.9989 -0.04554 -0.01103 0.00263
/seq_02/frame_00751.png /seq_02/frame_00753.png 0.03107 -0.08465 0.00973 0.9973 -0.07127 -0.01678 -0.00543
/seq_02/frame_00751.png /seq_02/frame_00754.png 0.03107 -0.08465 0.00973 0.9973 -0.07127 -0.01678 -0.00543
/seq_02/frame_00751.png /seq_02/frame_00755.png 0.01925 -0.12512 0.034 0.99589 -0.08598 -0.02229 -0.01784
/seq_02/frame_00751.png /seq_02/frame_00756.png 0.02074 -0.14222 0.03878 0.99508 -0.09449 -0.01706 -0.02426
/seq_02/frame_00751.png /seq_02/frame_00757.png 0.0172 -0.17324 0.04291 0.99305 -0.10928 -0.03502 -0.02602
/seq_02/frame_00751.png /seq_02/frame_00758.png 0.0172 -0.17324 0.04291 0.99305 -0.10928 -0.03502 -0.02602
/seq_02/frame_00751.png /seq_02/frame_00759.png 0.01498 -0.18286 0.04981 0.98913 -0.13883 -0.04042 -0.0268
/seq_02/frame_00751.png /seq_02/frame_00760.png 0.01498 -0.18286 0.04981 0.98913 -0.13883 -0.04042 -0.0268
/seq_02/frame_00751.png /seq_02/frame_00761.png 0.01311 -0.19171 0.04947 0.98752 -0.1463 -0.04996 -0.03002
/seq_02/frame_00751.png /seq_02/frame_00762.png 0.01311 -0.19171 0.04947 0.98752 -0.1463 -0.04996 -0.03002
/seq_02/frame_00751.png /seq_02/frame_00763.png 0.01325 -0.22962 0.04868 0.98482 -0.16496 -0.0429 -0.03276
/seq_02/frame_00751.png /seq_02/frame_00764.png 0.0201 -0.28818 0.04685 0.98318 -0.17527 -0.03757 -0.03513
/seq_02/frame_00751.png /seq_02/frame_00765.png 0.02359 -0.31684 0.04624 0.98156 -0.18425 -0.03464 -0.03734
/seq_02/frame_00751.png /seq_02/frame_00766.png 0.02573 -0.34195 0.04643 0.98109 -0.18846 -0.03096 -0.03135
/seq_02/frame_00751.png /seq_02/frame_00767.png 0.02159 -0.36326 0.04806 0.97896 -0.20008 -0.02547 -0.03098
/seq_02/frame_00751.png /seq_02/frame_00768.png 0.01278 -0.38236 0.05119 0.97643 -0.21278 -0.01703 -0.03199
/seq_02/frame_00751.png /seq_02/frame_00769.png -0.00429 -0.42444 0.06412 0.97175 -0.23277 -0.0173 -0.03487
/seq_02/frame_00751.png /seq_02/frame_00770.png -0.00698 -0.43859 0.07502 0.97034 -0.23753 -0.02455 -0.0377
/seq_02/frame_00751.png /seq_02/frame_00771.png -0.00785 -0.44803 0.08278 0.96653 -0.25127 -0.02744 -0.04389
/seq_02/frame_00751.png /seq_02/frame_00772.png -0.00132 -0.4616 0.08847 0.96142 -0.269 -0.02706 -0.05077
/seq_02/frame_00751.png /seq_02/frame_00773.png 0.01228 -0.47684 0.08973 0.95389 -0.29505 -0.02259 -0.05037
/seq_02/frame_00751.png /seq_02/frame_00774.png 0.02187 -0.49895 0.09486 0.94563 -0.32019 -0.0278 -0.04996
/seq_02/frame_00751.png /seq_02/frame_00775.png 0.04773 -0.54847 0.10111 0.92846 -0.36583 -0.03541 -0.05368
/seq_02/frame_00751.png /seq_02/frame_00776.png 0.06781 -0.57577 0.09838 0.91682 -0.39423 -0.03438 -0.05332
/seq_02/frame_00751.png /seq_02/frame_00777.png 0.08886 -0.59686 0.09805 0.90372 -0.42264 -0.03528 -0.05852
/seq_02/frame_00751.png /seq_02/frame_00778.png 0.10922 -0.60458 0.1057 0.89069 -0.44899 -0.02985 -0.06475
/seq_02/frame_00751.png /seq_02/frame_00779.png 0.12703 -0.5946 0.11011 0.88078 -0.46656 -0.03091 -0.07478
/seq_02/frame_00751.png /seq_02/frame_00780.png 0.14916 -0.57284 0.10925 0.87073 -0.48408 -0.03314 -0.08
/seq_02/frame_00781.png /seq_02/frame_00782.png 0.05457 0.05587 0.00257 0.9989 -0.04367 -0.01216 -0.01211
/seq_02/frame_00781.png /seq_02/frame_00783.png 0.10092 0.09537 0.01379 0.99706 -0.06578 -0.00795 -0.03843
/seq_02/frame_00781.png /seq_02/frame_00784.png 0.11902 0.10996 0.02003 0.99599 -0.07484 0.00326 -0.04896
/seq_02/frame_00781.png /seq_02/frame_00785.png 0.14375 0.12056 0.02558 0.99391 -0.09457 0.01587 -0.05426
/seq_02/frame_00781.png /seq_02/frame_00786.png 0.18224 0.12241 0.03287 0.99012 -0.12213 0.01941 -0.06607
/seq_02/frame_00781.png /seq_02/frame_00787.png 0.23767 0.12526 0.03977 0.98575 -0.14899 0.02655 -0.07348
/seq_02/frame_00781.png /seq_02/frame_00788.png 0.35978 0.13349 0.05434 0.9793 -0.17797 0.03071 -0.09137
/seq_02/frame_00781.png /seq_02/frame_00789.png 0.35978 0.13349 0.05434 0.9793 -0.17797 0.03071 -0.09137
/seq_02/frame_00781.png /seq_02/frame_00790.png 0.43509 0.14082 0.06903 0.96954 -0.20851 0.05104 -0.11792
/seq_02/frame_00781.png /seq_02/frame_00791.png 0.44633 0.16502 0.07229 0.96365 -0.22771 0.06403 -0.12423
/seq_02/frame_00781.png /seq_02/frame_00792.png 0.44633 0.16502 0.07229 0.96365 -0.22771 0.06403 -0.12423
/seq_02/frame_00781.png /seq_02/frame_00793.png 0.44633 0.16502 0.07229 0.96365 -0.22771 0.06403 -0.12423
/seq_02/frame_00781.png /seq_02/frame_00794.png 0.53811 0.31576 0.08909 0.94939 -0.25529 0.0716 -0.16838
/seq_02/frame_00781.png /seq_02/frame_00795.png 0.54728 0.3346 0.09627 0.94355 -0.26952 0.08068 -0.17483
/seq_02/frame_00781.png /seq_02/frame_00796.png 0.55659 0.34688 0.10277 0.93907 -0.27677 0.08843 -0.18363
/seq_02/frame_00781.png /seq_02/frame_00797.png 0.56578 0.35265 0.10987 0.92904 -0.30288 0.09824 -0.1884
/seq_02/frame_00781.png /seq_02/frame_00798.png 0.57671 0.36325 0.11664 0.91694 -0.3338 0.11107 -0.18834
/seq_02/frame_00781.png /seq_02/frame_00799.png 0.59355 0.37635 0.12393 0.90128 -0.36767 0.12165 -0.19422
/seq_02/frame_00781.png /seq_02/frame_00800.png 0.63667 0.40397 0.13197 0.86429 -0.44009 0.14216 -0.19775
/seq_02/frame_00781.png /seq_02/frame_00801.png 0.6514 0.41563 0.13152 0.84849 -0.47158 0.14937 -0.18804
/seq_02/frame_00781.png /seq_02/frame_00802.png 0.66061 0.42137 0.12804 0.83023 -0.50625 0.15494 -0.1744
/seq_02/frame_00781.png /seq_02/frame_00803.png 0.6621 0.42608 0.12271 0.81579 -0.53285 0.15565 -0.16226
/seq_02/frame_00781.png /seq_02/frame_00804.png 0.64691 0.44143 0.11642 0.8008 -0.5602 0.15278 -0.14682
/seq_02/frame_00781.png /seq_02/frame_00805.png 0.6281 0.46354 0.11193 0.78687 -0.57881 0.15476 -0.14791
/seq_02/frame_00781.png /seq_02/frame_00806.png 0.58605 0.52648 0.11505 0.76392 -0.60595 0.16116 -0.15258
/seq_02/frame_00781.png /seq_02/frame_00807.png 0.56607 0.55906 0.114 0.75352 -0.61782 0.16811 -0.14914
/seq_02/frame_00781.png /seq_02/frame_00808.png 0.5491 0.58143 0.11451 0.74515 -0.62836 0.1742 -0.13992
/seq_02/frame_00781.png /seq_02/frame_00809.png 0.54026 0.59501 0.11353 0.73337 -0.64214 0.1794 -0.13284
/seq_02/frame_00781.png /seq_02/frame_00810.png 0.53845 0.60363 0.11138 0.71436 -0.66502 0.18161 -0.12019
/seq_02/frame_00811.png /seq_02/frame_00812.png 0.03739 0.03794 -0.00611 0.99487 -0.09874 -0.01329 -0.01735
/seq_02/frame_00811.png /seq_02/frame_00813.png 0.04514 0.0534 -0.00751 0.99227 -0.1221 -0.01546 -0.01593
/seq_02/frame_00811.png /seq_02/frame_00814.png 0.0535 0.06611 -0.01052 0.98927 -0.14392 -0.01904 -0.01644
/seq_02/frame_00811.png /seq_02/frame_00815.png 0.06535 0.07606 -0.0141 0.98654 -0.16126 -0.02051 -0.01774
/seq_02/frame_00811.png /seq_02/frame_00816.png 0.07784 0.08051 -0.01695 0.98297 -0.18139 -0.02184 -0.01953
/seq_02/frame_00811.png /seq_02/frame_00817.png 0.0859 0.08085 -0.01921 0.97789 -0.20654 -0.02488 -0.02109
/seq_02/frame_00811.png /seq_02/frame_00818.png 0.09721 0.07402 -0.02172 0.96732 -0.25118 -0.02623 -0.02257
/seq_02/frame_00811.png /seq_02/frame_00819.png 0.10413 0.0664 -0.02269 0.96227 -0.26998 -0.02327 -0.02467
/seq_02/frame_00811.png /seq_02/frame_00820.png 0.11723 0.0511 -0.02537 0.95712 -0.28698 -0.02358 -0.03172
/seq_02/frame_00811.png /seq_02/frame_00821.png 0.13794 0.0309 -0.02982 0.95211 -0.30279 -0.02814 -0.03182
/seq_02/frame_00811.png /seq_02/frame_00822.png 0.13794 0.0309 -0.02982 0.95211 -0.30279 -0.02814 -0.03182
/seq_02/frame_00811.png /seq_02/frame_00823.png 0.205 -0.02599 -0.03924 0.94998 -0.30752 -0.04037 -0.0365
/seq_02/frame_00811.png /seq_02/frame_00824.png 0.2827 -0.08404 -0.05411 0.94923 -0.30855 -0.05206 -0.03246
/seq_02/frame_00811.png /seq_02/frame_00825.png 0.31062 -0.09862 -0.06514 0.94923 -0.30657 -0.06188 -0.03378
/seq_02/frame_00811.png /seq_02/frame_00826.png 0.33182 -0.10923 -0.07749 0.94979 -0.30286 -0.06729 -0.04055
/seq_02/frame_00811.png /seq_02/frame_00827.png 0.3501 -0.12218 -0.09114 0.94898 -0.30431 -0.07042 -0.04332
/seq_02/frame_00811.png /seq_02/frame_00828.png 0.36381 -0.13287 -0.10741 0.94751 -0.3087 -0.07201 -0.04178
/seq_02/frame_00811.png /seq_02/frame_00829.png 0.37633 -0.14218 -0.12277 0.94637 -0.3133 -0.06658 -0.04229
/seq_02/frame_00811.png /seq_02/frame_00830.png 0.39132 -0.15694 -0.1638 0.94374 -0.31898 -0.07224 -0.04881
/seq_02/frame_00811.png /seq_02/frame_00831.png 0.39696 -0.15851 -0.18255 0.94116 -0.3258 -0.07885 -0.04318
/seq_02/frame_00811.png /seq_02/frame_00832.png 0.40528 -0.15649 -0.1939 0.94358 -0.32499 -0.05488 -0.03191
/seq_02/frame_00811.png /seq_02/frame_00833.png 0.41398 -0.15917 -0.20917 0.94682 -0.3155 -0.04989 -0.03869
/seq_02/frame_00811.png /seq_02/frame_00834.png 0.42409 -0.16304 -0.22648 0.94678 -0.31441 -0.05023 -0.04716
/seq_02/frame_00811.png /seq_02/frame_00835.png 0.43627 -0.17175 -0.24508 0.94474 -0.31783 -0.05781 -0.0557
/seq_02/frame_00811.png /seq_02/frame_00836.png 0.46142 -0.18613 -0.29269 0.93784 -0.3351 -0.0745 -0.05108
/seq_02/frame_00811.png /seq_02/frame_00837.png 0.46142 -0.18613 -0.29269 0.93784 -0.3351 -0.0745 -0.05108
/seq_02/frame_00811.png /seq_02/frame_00838.png 0.47699 -0.18596 -0.33877 0.93626 -0.33667 -0.08595 -0.05182
/seq_02/frame_00811.png /seq_02/frame_00839.png 0.48021 -0.1888 -0.35234 0.93096 -0.34439 -0.1056 -0.05958
/seq_02/frame_00811.png /seq_02/frame_00840.png 0.48107 -0.19097 -0.35987 0.92484 -0.35641 -0.11802 -0.06102
/seq_02/frame_00841.png /seq_02/frame_00842.png -0.00535 -0.00082 -0.00066 0.99967 -0.02475 -0.0068 -0.00032
/seq_02/frame_00841.png /seq_02/frame_00843.png -0.04639 0.01512 0.0121 0.99752 -0.0703 -0.00307 -0.0007
/seq_02/frame_00841.png /seq_02/frame_00844.png -0.07488 0.02588 0.02595 0.99673 -0.08074 0.00246 0.00057
/seq_02/frame_00841.png /seq_02/frame_00845.png -0.10154 0.03551 0.04045 0.99568 -0.09283 -0.00188 -0.00291
/seq_02/frame_00841.png /seq_02/frame_00846.png -0.12515 0.04899 0.05757 0.99366 -0.11217 -0.0065 0.00264
/seq_02/frame_00841.png /seq_02/frame_00847.png -0.14464 0.06008 0.07976 0.99169 -0.12763 -0.00244 0.01569
/seq_02/frame_00841.png /seq_02/frame_00848.png -0.16529 0.07139 0.10468 0.98885 -0.14527 0.00506 0.03245
/seq_02/frame_00841.png /seq_02/frame_00849.png -0.20746 0.08564 0.14338 0.98292 -0.17923 0.00772 0.04097
/seq_02/frame_00841.png /seq_02/frame_00850.png -0.22927 0.0843 0.16216 0.97889 -0.20017 0.00594 0.04077
/seq_02/frame_00841.png /seq_02/frame_00851.png -0.25381 0.07646 0.18038 0.97549 -0.21491 0.00915 0.04636
/seq_02/frame_00841.png /seq_02/frame_00852.png -0.25381 0.07646 0.18038 0.97549 -0.21491 0.00915 0.04636
/seq_02/frame_00841.png /seq_02/frame_00853.png -0.31702 0.02401 0.21353 0.96518 -0.25616 0.01461 0.05098
/seq_02/frame_00841.png /seq_02/frame_00854.png -0.35004 -0.00939 0.23018 0.95679 -0.28658 0.00939 0.04826
/seq_02/frame_00841.png /seq_02/frame_00855.png -0.40625 -0.07499 0.26596 0.93638 -0.34759 0.00738 0.0482
/seq_02/frame_00841.png /seq_02/frame_00856.png -0.427 -0.09494 0.28245 0.92751 -0.37002 0.013 0.05136
/seq_02/frame_00841.png /seq_02/frame_00857.png -0.44823 -0.10415 0.30229 0.92203 -0.38396 0.01414 0.04731
/seq_02/frame_00841.png /seq_02/frame_00858.png -0.47586 -0.11446 0.32492 0.91034 -0.40928 0.01167 0.06028
/seq_02/frame_00841.png /seq_02/frame_00859.png -0.51399 -0.13637 0.34557 0.90262 -0.42553 0.01593 0.06292
/seq_02/frame_00841.png /seq_02/frame_00860.png -0.56552 -0.14936 0.36827 0.88054 -0.4688 0.01093 0.06901
/seq_02/frame_00841.png /seq_02/frame_00861.png -0.68171 -0.15116 0.41053 0.84512 -0.52758 0.01793 0.08427
/seq_02/frame_00841.png /seq_02/frame_00862.png -0.72916 -0.14582 0.42903 0.82438 -0.55843 0.02029 0.09025
/seq_02/frame_00841.png /seq_02/frame_00863.png -0.76326 -0.14319 0.44112 0.81245 -0.57503 0.02008 0.0941
/seq_02/frame_00841.png /seq_02/frame_00864.png -0.78775 -0.14403 0.4517 0.79241 -0.6015 0.00439 0.10127
/seq_02/frame_00841.png /seq_02/frame_00865.png -0.8013 -0.15717 0.45999 0.78436 -0.61085 0.00239 0.10785
/seq_02/frame_00841.png /seq_02/frame_00866.png -0.80918 -0.18078 0.46596 0.76684 -0.63252 -0.0024 0.10898
/seq_02/frame_00841.png /seq_02/frame_00867.png -0.8296 -0.23802 0.48704 0.73465 -0.6672 0.00515 0.12291
/seq_02/frame_00841.png /seq_02/frame_00868.png -0.84054 -0.27287 0.49808 0.71867 -0.68456 0.01008 0.12161
/seq_02/frame_00841.png /seq_02/frame_00869.png -0.84893 -0.30484 0.50967 -0.69958 0.70275 -0.01572 -0.12839
/seq_02/frame_00841.png /seq_02/frame_00870.png -0.85347 -0.33316 0.51613 -0.67613 0.72368 -0.01849 -0.13708
/seq_02/frame_00871.png /seq_02/frame_00872.png -0.00447 -0.01849 0.00867 0.99968 -0.02303 -0.00966 0.00294
/seq_02/frame_00871.png /seq_02/frame_00873.png -0.02916 -0.04213 0.03447 0.99549 -0.0927 -0.01523 0.01348
/seq_02/frame_00871.png /seq_02/frame_00874.png -0.05408 -0.05092 0.03979 0.9907 -0.13579 -0.00649 0.00523
/seq_02/frame_00871.png /seq_02/frame_00875.png -0.05408 -0.05092 0.03979 0.9907 -0.13579 -0.00649 0.00523
/seq_02/frame_00871.png /seq_02/frame_00876.png -0.11269 -0.05349 0.03956 0.97995 -0.19877 0.00322 -0.01327
/seq_02/frame_00871.png /seq_02/frame_00877.png -0.12693 -0.04673 0.02951 0.97613 -0.21579 0.01679 -0.01803
/seq_02/frame_00871.png /seq_02/frame_00878.png -0.13752 -0.03585 0.01385 0.97096 -0.23592 0.02623 -0.02995
/seq_02/frame_00871.png /seq_02/frame_00879.png -0.13785 -0.01059 -0.02092 0.96298 -0.26367 0.04276 -0.03635
/seq_02/frame_00871.png /seq_02/frame_00880.png -0.12738 0.00901 -0.04304 0.96093 -0.26893 0.0517 -0.04024
/seq_02/frame_00871.png /seq_02/frame_00881.png -0.11447 0.03323 -0.06301 0.95765 -0.28316 0.03969 -0.03398
/seq_02/frame_00871.png /seq_02/frame_00882.png -0.11447 0.03323 -0.06301 0.95765 -0.28316 0.03969 -0.03398
/seq_02/frame_00871.png /seq_02/frame_00883.png -0.06356 0.08446 -0.11793 0.95608 -0.28591 0.0505 -0.04013
/seq_02/frame_00871.png /seq_02/frame_00884.png -0.06356 0.08446 -0.11793 0.95608 -0.28591 0.0505 -0.04013
/seq_02/frame_00871.png /seq_02/frame_00885.png -0.03435 0.18555 -0.19612 0.9533 -0.2886 0.07246 -0.05174
/seq_02/frame_00871.png /seq_02/frame_00886.png -0.03423 0.22147 -0.22308 0.9495 -0.2956 0.08903 -0.056
/seq_02/frame_00871.png /seq_02/frame_00887.png -0.03615 0.25154 -0.23977 0.94763 -0.30128 0.09207 -0.05241
/seq_02/frame_00871.png /seq_02/frame_00888.png -0.03615 0.25154 -0.23977 0.94763 -0.30128 0.09207 -0.05241
/seq_02/frame_00871.png /seq_02/frame_00889.png -0.04076 0.29988 -0.26303 0.94323 -0.31018 0.11048 -0.04349
/seq_02/frame_00871.png /seq_02/frame_00890.png -0.04076 0.29988 -0.26303 0.94323 -0.31018 0.11048 -0.04349
/seq_02/frame_00871.png /seq_02/frame_00891.png -0.08628 0.29359 -0.30905 0.91738 -0.38061 0.1051 -0.05011
/seq_02/frame_00871.png /seq_02/frame_00892.png -0.08628 0.29359 -0.30905 0.91738 -0.38061 0.1051 -0.05011
/seq_02/frame_00871.png /seq_02/frame_00893.png -0.13474 0.27676 -0.33885 0.90486 -0.40671 0.11845 -0.04216
/seq_02/frame_00871.png /seq_02/frame_00894.png -0.15525 0.26329 -0.34707 0.89792 -0.42229 0.11467 -0.04751
/seq_02/frame_00871.png /seq_02/frame_00895.png -0.17164 0.2493 -0.35491 0.89355 -0.43125 0.11505 -0.0486
/seq_02/frame_00871.png /seq_02/frame_00896.png -0.18118 0.23264 -0.36892 0.89063 -0.43482 0.11934 -0.05881
/seq_02/frame_00871.png /seq_02/frame_00897.png -0.20036 0.21096 -0.40918 0.8785 -0.45121 0.13686 -0.0769
/seq_02/frame_00871.png /seq_02/frame_00898.png -0.20194 0.20665 -0.42636 0.88991 -0.43437 0.131 -0.04711
/seq_02/frame_00871.png /seq_02/frame_00899.png -0.19501 0.19645 -0.44093 0.88535 -0.44149 0.13468 -0.05568
/seq_02/frame_00871.png /seq_02/frame_00900.png -0.19175 0.1847 -0.45283 0.87607 -0.45758 0.13429 -0.07138
/seq_02/frame_00901.png /seq_02/frame_00902.png 0.00663 -0.00278 0.00895 0.99986 -0.01394 -0.00792 -0.00556
/seq_02/frame_00901.png /seq_02/frame_00903.png 0.00762 -0.00719 0.01133 0.99962 -0.02207 -0.0145 -0.00769
/seq_02/frame_00901.png /seq_02/frame_00904.png 0.01868 -0.04197 0.01717 0.99973 0.0132 -0.01777 -0.00666
/seq_02/frame_00901.png /seq_02/frame_00905.png 0.02756 -0.06114 0.01965 0.99821 0.05516 -0.0228 -0.00335
/seq_02/frame_00901.png /seq_02/frame_00906.png 0.03608 -0.0726 0.02394 0.996 0.08533 -0.02584 -0.00539
/seq_02/frame_00901.png /seq_02/frame_00907.png 0.04565 -0.07205 0.02911 0.9936 0.10747 -0.03408 -0.00729
/seq_02/frame_00901.png /seq_02/frame_00908.png 0.05602 -0.06467 0.03014 0.99134 0.12736 -0.03192 -0.00365
/seq_02/frame_00901.png /seq_02/frame_00909.png 0.0709 -0.05389 0.03422 0.98879 0.14708 -0.02471 -0.00718
/seq_02/frame_00901.png /seq_02/frame_00910.png 0.09624 -0.03319 0.03804 0.98075 0.19325 -0.02475 -0.013
/seq_02/frame_00901.png /seq_02/frame_00911.png 0.11012 -0.03039 0.03356 0.97247 0.23164 -0.02496 -0.00507
/seq_02/frame_00901.png /seq_02/frame_00912.png 0.11012 -0.03039 0.03356 0.97247 0.23164 -0.02496 -0.00507
/seq_02/frame_00901.png /seq_02/frame_00913.png 0.12044 -0.00781 0.03203 0.95904 0.28187 -0.02774 -0.00479
/seq_02/frame_00901.png /seq_02/frame_00914.png 0.12044 -0.00781 0.03203 0.95904 0.28187 -0.02774 -0.00479
/seq_02/frame_00901.png /seq_02/frame_00915.png 0.10424 0.01222 0.03653 0.95465 0.29569 -0.03469 0.00345
/seq_02/frame_00901.png /seq_02/frame_00916.png 0.04804 0.03487 0.05251 0.94968 0.3118 -0.02979 -0.00011
/seq_02/frame_00901.png /seq_02/frame_00917.png 0.0104 0.04432 0.06344 0.9416 0.33418 -0.04009 -0.01009
/seq_02/frame_00901.png /seq_02/frame_00918.png -0.03242 0.06019 0.07245 0.93588 0.34818 -0.05382 0.00105
/seq_02/frame_00901.png /seq_02/frame_00919.png -0.07305 0.08446 0.08269 0.93276 0.35647 -0.05375 -0.00246
/seq_02/frame_00901.png /seq_02/frame_00920.png -0.07305 0.08446 0.08269 0.93276 0.35647 -0.05375 -0.00246
/seq_02/frame_00901.png /seq_02/frame_00921.png -0.13406 0.15309 0.10598 0.9302 0.36257 -0.057 -0.00525
/seq_02/frame_00901.png /seq_02/frame_00922.png -0.16028 0.19899 0.11117 0.92481 0.37502 -0.06394 -0.00211
/seq_02/frame_00901.png /seq_02/frame_00923.png -0.22529 0.31235 0.12506 0.90809 0.41243 -0.0712 0.01453
/seq_02/frame_00901.png /seq_02/frame_00924.png -0.22529 0.31235 0.12506 0.90809 0.41243 -0.0712 0.01453
/seq_02/frame_00901.png /seq_02/frame_00925.png -0.30153 0.41679 0.14821 0.91454 0.39701 -0.07091 0.03101
/seq_02/frame_00901.png /seq_02/frame_00926.png -0.33642 0.43292 0.15869 0.91412 0.39832 -0.06777 0.03369
/seq_02/frame_00901.png /seq_02/frame_00927.png -0.38084 0.43965 0.16563 0.91619 0.39415 -0.0654 0.03093
/seq_02/frame_00901.png /seq_02/frame_00928.png -0.48553 0.44965 0.17764 0.91415 0.39802 -0.06579 0.03978
/seq_02/frame_00901.png /seq_02/frame_00929.png -0.53784 0.45798 0.18679 0.91652 0.39207 -0.07152 0.03387
/seq_02/frame_00901.png /seq_02/frame_00930.png -0.59358 0.46977 0.19628 0.91507 0.39352 -0.08087 0.03545
