/seq_01/frame_00001.png /seq_01/frame_00002.png 0.03826 0.00468 0.00233 0.99997 -0.00112 -0.00782 0.00154
/seq_01/frame_00001.png /seq_01/frame_00003.png 0.03826 0.00468 0.00233 0.99997 -0.00112 -0.00782 0.00154
/seq_01/frame_00001.png /seq_01/frame_00004.png 0.14084 0.01608 -0.0012 0.99993 -0.0043 -0.00353 0.0109
/seq_01/frame_00001.png /seq_01/frame_00005.png 0.18228 0.01292 -0.00568 0.99987 0.0067 -0.00243 0.01459
/seq_01/frame_00001.png /seq_01/frame_00006.png 0.21903 0.00781 -0.01093 0.99966 0.01627 -0.00071 0.02034
/seq_01/frame_00001.png /seq_01/frame_00007.png 0.27605 0.02519 -0.01173 0.99898 0.04145 -0.00379 0.01762
/seq_01/frame_00001.png /seq_01/frame_00008.png 0.30843 0.05222 -0.01688 0.99902 0.04203 -0.00792 0.01115
/seq_01/frame_00001.png /seq_01/frame_00009.png 0.33913 0.08719 -0.02308 0.99951 0.0256 -0.01432 0.01062
/seq_01/frame_00001.png /seq_01/frame_00010.png 0.3653 0.11226 -0.02263 0.99975 0.00942 -0.02044 0.00067
/seq_01/frame_00001.png /seq_01/frame_00011.png 0.43328 0.14688 -0.01769 0.99986 0.00518 -0.01325 -0.00934
/seq_01/frame_00001.png /seq_01/frame_00012.png 0.47671 0.15184 -0.01368 0.99973 -0.01041 -0.01893 -0.00907
/seq_01/frame_00001.png /seq_01/frame_00013.png 0.52518 0.1526 -0.00971 0.99912 -0.02876 -0.02975 -0.00671
/seq_01/frame_00001.png /seq_01/frame_00014.png 0.56887 0.14955 -0.00775 0.99814 -0.05055 -0.03391 -0.00305
/seq_01/frame_00001.png /seq_01/frame_00015.png 0.61284 0.14659 -0.00749 0.99737 -0.06523 -0.03152 0.00287
/seq_01/frame_00001.png /seq_01/frame_00016.png 0.68245 0.14251 -0.00795 0.99553 -0.08977 -0.02863 0.00695
/seq_01/frame_00001.png /seq_01/frame_00017.png 0.70306 0.14223 -0.01173 0.99378 -0.10815 -0.02426 0.01048
/seq_01/frame_00001.png /seq_01/frame_00018.png 0.71797 0.14298 -0.01349 0.99217 -0.12301 -0.01809 0.01157
/seq_01/frame_00001.png /seq_01/frame_00019.png 0.7299 0.14065 -0.01836 0.99082 -0.1335 -0.01241 0.01714
/seq_01/frame_00001.png /seq_01/frame_00020.png 0.74947 0.15448 -0.02517 0.98872 -0.14633 -0.00808 0.03104
/seq_01/frame_00001.png /seq_01/frame_00021.png 0.74947 0.15448 -0.02517 0.98872 -0.14633 -0.00808 0.03104
/seq_01/frame_00001.png /seq_01/frame_00022.png 0.77549 0.19815 -0.02993 0.98603 -0.16059 -0.02185 0.03842
/seq_01/frame_00001.png /seq_01/frame_00023.png 0.78544 0.22038 -0.03352 0.98226 -0.18109 -0.01895 0.04478
/seq_01/frame_00001.png /seq_01/frame_00024.png 0.79535 0.23596 -0.03837 0.9788 -0.19787 -0.02075 0.04873
/seq_01/frame_00001.png /seq_01/frame_00025.png 0.81655 0.24536 -0.04358 0.97292 -0.22541 -0.00907 0.05031
/seq_01/frame_00001.png /seq_01/frame_00026.png 0.84227 0.24201 -0.04258 0.9687 -0.24242 -0.01077 0.05228
/seq_01/frame_00001.png /seq_01/frame_00027.png 0.87882 0.23508 -0.03979 0.9622 -0.2665 -0.01305 0.0546
/seq_01/frame_00001.png /seq_01/frame_00028.png 0.92002 0.22463 -0.0401 0.95762 -0.28237 -0.02066 0.05292
/seq_01/frame_00001.png /seq_01/frame_00029.png 0.99995 0.21196 -0.03722 0.94961 -0.30724 -0.02195 0.05804
/seq_01/frame_00001.png /seq_01/frame_00030.png 1.02813 0.20865 -0.03567 0.94827 -0.31125 -0.02238 0.0583
/seq_01/frame_00001.png /seq_01/frame_00031.png 1.05166 0.20566 -0.03089 0.95134 -0.30327 -0.02041 0.05073
/seq_01/frame_00001.png /seq_01/frame_00032.png 1.06551 0.20493 -0.02237 0.9562 -0.29016 -0.01564 0.03535
/seq_01/frame_00001.png /seq_01/frame_00033.png 1.09191 0.21351 -0.00852 0.96302 -0.26877 -0.00671 0.01788
/seq_01/frame_00001.png /seq_01/frame_00034.png 1.10288 0.22013 -0.00136 0.96714 -0.25414 -0.00452 0.00521
/seq_01/frame_00001.png /seq_01/frame_00035.png 1.10654 0.22617 0.00536 0.96958 -0.24471 -0.00345 -0.00524
/seq_01/frame_00001.png /seq_01/frame_00036.png 1.10449 0.23205 0.01224 0.97086 -0.23905 -0.0023 -0.01672
/seq_01/frame_00001.png /seq_01/frame_00037.png 1.09697 0.24025 0.01979 0.97055 -0.24014 0.00072 -0.01922
/seq_01/frame_00001.png /seq_01/frame_00038.png 1.06733 0.25881 0.03655 0.97545 -0.21598 -0.00728 -0.04234
/seq_01/frame_00001.png /seq_01/frame_00039.png 1.04373 0.26725 0.04506 0.97724 -0.20484 -0.00719 -0.05471
/seq_01/frame_00001.png /seq_01/frame_00040.png 1.04373 0.26725 0.04506 0.97724 -0.20484 -0.00719 -0.05471
/seq_01/frame_00001.png /seq_01/frame_00041.png 1.04373 0.26725 0.04506 0.97724 -0.20484 -0.00719 -0.05471
/seq_01/frame_00001.png /seq_01/frame_00042.png 0.97064 0.28157 0.05955 0.98088 -0.17609 -0.01156 -0.08205
/seq_01/frame_00001.png /seq_01/frame_00043.png 0.9614 0.28174 0.06251 0.98146 -0.16791 -0.0146 -0.09131
/seq_01/frame_00001.png /seq_01/frame_00044.png 0.95284 0.2814 0.0688 0.98125 -0.16211 -0.01706 -0.10282
/seq_01/frame_00001.png /seq_01/frame_00045.png 0.94686 0.28005 0.07451 0.97988 -0.16003 -0.01882 -0.11775
/seq_01/frame_00001.png /seq_01/frame_00046.png 0.94447 0.27948 0.07932 0.9791 -0.1547 -0.0213 -0.13026
/seq_01/frame_00001.png /seq_01/frame_00047.png 0.94561 0.27777 0.08826 0.97634 -0.15468 -0.02129 -0.14961
/seq_01/frame_00001.png /seq_01/frame_00048.png 0.94731 0.27596 0.09618 0.97439 -0.15523 -0.02146 -0.16129
/seq_01/frame_00001.png /seq_01/frame_00049.png 0.95091 0.27389 0.10338 0.97255 -0.15647 -0.02007 -0.17105
/seq_01/frame_00001.png /seq_01/frame_00050.png 0.95653 0.27549 0.10881 0.97078 -0.16121 -0.01592 -0.17702
/seq_01/frame_00051.png /seq_01/frame_00052.png 0.00898 -0.0009 0.00586 0.99995 -0.00494 0.00237 -0.00874
/seq_01/frame_00051.png /seq_01/frame_00053.png 0.01761 -0.00224 0.00868 0.99984 -0.00229 0.0035 -0.01746
/seq_01/frame_00051.png /seq_01/frame_00054.png 0.02327 -0.00517 0.01143 0.99968 0.00057 0.00349 -0.02502
/seq_01/frame_00051.png /seq_01/frame_00055.png 0.02668 -0.00931 0.01477 0.99946 0.00535 0.00581 -0.03186
/seq_01/frame_00051.png /seq_01/frame_00056.png 0.02334 -0.01899 0.02018 0.99844 0.02517 -0.0001 -0.04986
/seq_01/frame_00051.png /seq_01/frame_00057.png 0.0192 -0.01796 0.01974 0.99782 0.04049 -0.00514 -0.05194
/seq_01/frame_00051.png /seq_01/frame_00058.png 0.01206 -0.01681 0.01916 0.99714 0.0534 -0.00873 -0.05278
/seq_01/frame_00051.png /seq_01/frame_00059.png 0.00531 -0.01485 0.01785 0.99608 0.06983 -0.01141 -0.0531
/seq_01/frame_00051.png /seq_01/frame_00060.png -0.00737 -0.00985 0.01456 0.99391 0.09623 -0.00995 -0.05283
/seq_01/frame_00051.png /seq_01/frame_00061.png -0.01179 -0.00629 0.01153 0.99285 0.10763 -0.00873 -0.05086
/seq_01/frame_00051.png /seq_01/frame_00062.png -0.01562 -0.00385 0.00909 0.99152 0.12026 -0.0106 -0.04802
/seq_01/frame_00051.png /seq_01/frame_00063.png -0.01706 -0.0014 0.00837 0.98987 0.13375 -0.01194 -0.04615
/seq_01/frame_00051.png /seq_01/frame_00064.png -0.02231 -0.00176 0.00812 0.98635 0.1574 -0.0165 -0.04551
/seq_01/frame_00051.png /seq_01/frame_00065.png -0.02166 -0.00132 0.00771 0.98455 0.16773 -0.01702 -0.04726
/seq_01/frame_00051.png /seq_01/frame_00066.png -0.02145 0.00043 0.00591 0.98306 0.17568 -0.01727 -0.04933
/seq_01/frame_00051.png /seq_01/frame_00067.png -0.02111 0.00205 0.00466 0.98137 0.18337 -0.01695 -0.05479
/seq_01/frame_00051.png /seq_01/frame_00068.png -0.01993 0.00472 0.00379 0.97998 0.19042 -0.01648 -0.0558
/seq_01/frame_00051.png /seq_01/frame_00069.png -0.01074 0.01031 0.00137 0.97396 0.21761 -0.01989 -0.06038
/seq_01/frame_00051.png /seq_01/frame_00070.png -0.01074 0.01031 0.00137 0.97396 0.21761 -0.01989 -0.06038
/seq_01/frame_00051.png /seq_01/frame_00071.png 0.00042 0.01063 -0.0026 0.96898 0.23989 -0.02116 -0.05559
/seq_01/frame_00051.png /seq_01/frame_00072.png 0.00627 0.00812 -0.00485 0.9671 0.24814 -0.02081 -0.05212
/seq_01/frame_00051.png /seq_01/frame_00073.png 0.01865 0.00295 -0.01391 0.96274 0.26777 -0.01994 -0.03224
/seq_01/frame_00051.png /seq_01/frame_00074.png 0.02325 -0.00025 -0.02019 0.96094 0.27563 -0.0177 -0.01756
/seq_01/frame_00051.png /seq_01/frame_00075.png 0.01925 -0.00649 -0.02506 0.96123 0.27522 -0.01533 -0.00739
/seq_01/frame_00051.png /seq_01/frame_00076.png 0.01581 -0.01259 -0.03132 0.96077 0.27706 -0.01163 0.0041
/seq_01/frame_00051.png /seq_01/frame_00077.png 0.01581 -0.01259 -0.03132 0.96077 0.27706 -0.01163 0.0041
/seq_01/frame_00051.png /seq_01/frame_00078.png 0.0079 -0.02493 -0.04987 0.95927 0.28 -0.00719 0.03671
/seq_01/frame_00051.png /seq_01/frame_00079.png 0.01251 -0.04662 -0.06131 0.95714 0.28387 -0.00369 0.05735
/seq_01/frame_00051.png /seq_01/frame_00080.png 0.01251 -0.04662 -0.06131 0.95714 0.28387 -0.00369 0.05735
/seq_01/frame_00051.png /seq_01/frame_00081.png 0.01251 -0.04662 -0.06131 0.95714 0.28387 -0.00369 0.05735
/seq_01/frame_00051.png /seq_01/frame_00082.png 0.034 -0.15351 -0.07904 0.95602 0.27737 0.01019 0.09485
/seq_01/frame_00051.png /seq_01/frame_00083.png 0.034 -0.15351 -0.07904 0.95602 0.27737 0.01019 0.09485
/seq_01/frame_00051.png /seq_01/frame_00084.png 0.01993 -0.23853 -0.09504 0.95284 0.28354 0.01251 0.10743
/seq_01/frame_00051.png /seq_01/frame_00085.png 0.01353 -0.26434 -0.10084 0.95393 0.27755 0.01425 0.11302
/seq_01/frame_00051.png /seq_01/frame_00086.png 0.00489 -0.27588 -0.10757 0.95424 0.27211 0.02215 0.12206
/seq_01/frame_00051.png /seq_01/frame_00087.png -0.03312 -0.26122 -0.1151 0.94593 0.29235 0.02092 0.13895
/seq_01/frame_00051.png /seq_01/frame_00088.png -0.0614 -0.24539 -0.12139 0.94137 0.30329 0.02812 0.14506
/seq_01/frame_00051.png /seq_01/frame_00089.png -0.08949 -0.23427 -0.13005 0.93724 0.30788 0.03622 0.15964
/seq_01/frame_00051.png /seq_01/frame_00090.png -0.11474 -0.22824 -0.13761 0.93243 0.31677 0.03628 0.17003
/seq_01/frame_00051.png /seq_01/frame_00091.png -0.1557 -0.22851 -0.14778 0.92761 0.32239 0.03838 0.18475
/seq_01/frame_00051.png /seq_01/frame_00092.png -0.17087 -0.23512 -0.15296 0.92373 0.32903 0.04095 0.1918
/seq_01/frame_00051.png /seq_01/frame_00093.png -0.18617 -0.24256 -0.15613 0.92145 0.33156 0.04289 0.1979
/seq_01/frame_00051.png /seq_01/frame_00094.png -0.18617 -0.24256 -0.15613 0.92145 0.33156 0.04289 0.1979
/seq_01/frame_00051.png /seq_01/frame_00095.png -0.19852 -0.27838 -0.15631 0.91258 0.35296 0.04843 0.20068
/seq_01/frame_00051.png /seq_01/frame_00096.png -0.19703 -0.28661 -0.15732 0.91134 0.35463 0.04883 0.20327
/seq_01/frame_00051.png /seq_01/frame_00097.png -0.19258 -0.2938 -0.16274 0.90911 0.35794 0.05108 0.20685
/seq_01/frame_00051.png /seq_01/frame_00098.png -0.18453 -0.30067 -0.16542 0.90403 0.36921 0.05214 0.20903
/seq_01/frame_00051.png /seq_01/frame_00099.png -0.17831 -0.30487 -0.16888 0.89956 0.37773 0.05614 0.21203
/seq_01/frame_00051.png /seq_01/frame_00100.png -0.15841 -0.31775 -0.17087 0.88979 0.40272 0.06452 0.20478
/seq_01/frame_00101.png /seq_01/frame_00102.png 0.02152 -0.00606 0.0054 0.99981 0.01446 -0.00971 -0.00835
/seq_01/frame_00101.png /seq_01/frame_00103.png 0.04868 -0.01195 0.01243 0.99946 0.0242 -0.01639 -0.015
/seq_01/frame_00101.png /seq_01/frame_00104.png 0.08434 -0.01886 0.0188 0.99887 0.03528 -0.02365 -0.02114
/seq_01/frame_00101.png /seq_01/frame_00105.png 0.17008 -0.03227 0.03241 0.99795 0.0345 -0.04254 -0.03325
/seq_01/frame_00101.png /seq_01/frame_00106.png 0.17008 -0.03227 0.03241 0.99795 0.0345 -0.04254 -0.03325
/seq_01/frame_00101.png /seq_01/frame_00107.png 0.26968 -0.0557 0.0429 0.99764 0.02294 -0.05114 -0.03953
/seq_01/frame_00101.png /seq_01/frame_00108.png 0.26968 -0.0557 0.0429 0.99764 0.02294 -0.05114 -0.03953
/seq_01/frame_00101.png /seq_01/frame_00109.png 0.43229 -0.04433 0.04586 0.99631 0.04741 -0.05581 -0.04471
/seq_01/frame_00101.png /seq_01/frame_00110.png 0.49784 -0.02446 0.05121 0.99604 0.04786 -0.05984 -0.04498
/seq_01/frame_00101.png /seq_01/frame_00111.png 0.56348 0.00201 0.05727 0.99605 0.04455 -0.06146 -0.04606
/seq_01/frame_00101.png /seq_01/frame_00112.png 0.62816 0.02255 0.0611 0.99544 0.04768 -0.06621 -0.04943
/seq_01/frame_00101.png /seq_01/frame_00113.png 0.75381 0.04652 0.05945 0.99557 0.04477 -0.0615 -0.05523
/seq_01/frame_00101.png /seq_01/frame_00114.png 0.83247 0.05154 0.05805 0.99578 0.02848 -0.06489 -0.0584
/seq_01/frame_00101.png /seq_01/frame_00115.png 0.92434 0.04986 0.06081 0.99637 0.01058 -0.06628 -0.05238
/seq_01/frame_00101.png /seq_01/frame_00116.png 1.01154 0.04379 0.07165 0.9959 -0.00708 -0.07431 -0.05119
/seq_01/frame_00101.png /seq_01/frame_00117.png 1.09053 0.04552 0.0745 0.99573 -0.02015 -0.07616 -0.04808
/seq_01/frame_00101.png /seq_01/frame_00118.png 1.15804 0.05574 0.07351 0.99605 -0.02231 -0.07203 -0.04695
/seq_01/frame_00101.png /seq_01/frame_00119.png 1.29743 0.12298 0.06811 0.99601 -0.0213 -0.07421 -0.04483
/seq_01/frame_00101.png /seq_01/frame_00120.png 1.29743 0.12298 0.06811 0.99601 -0.0213 -0.07421 -0.04483
/seq_01/frame_00101.png /seq_01/frame_00121.png 1.29743 0.12298 0.06811 0.99601 -0.0213 -0.07421 -0.04483
/seq_01/frame_00101.png /seq_01/frame_00122.png 1.59022 0.32934 0.06884 0.9957 -0.0143 -0.07179 -0.05669
/seq_01/frame_00101.png /seq_01/frame_00123.png 1.67337 0.36406 0.0671 0.99532 -0.02913 -0.06998 -0.05991
/seq_01/frame_00101.png /seq_01/frame_00124.png 1.76816 0.39749 0.07005 0.99518 -0.04224 -0.07023 -0.05384
/seq_01/frame_00101.png /seq_01/frame_00125.png 1.86054 0.42135 0.07841 0.99426 -0.05471 -0.07533 -0.05277
/seq_01/frame_00101.png /seq_01/frame_00126.png 1.99031 0.46734 0.08136 0.99379 -0.06516 -0.07588 -0.04872
/seq_01/frame_00101.png /seq_01/frame_00127.png 2.03535 0.50124 0.07882 0.99405 -0.06592 -0.07235 -0.04783
/seq_01/frame_00101.png /seq_01/frame_00128.png 2.08528 0.55016 0.07387 0.99438 -0.06159 -0.07241 -0.04662
/seq_01/frame_00101.png /seq_01/frame_00129.png 2.13604 0.61517 0.07563 0.99384 -0.05621 -0.07988 -0.05239
/seq_01/frame_00101.png /seq_01/frame_00130.png 2.18569 0.68668 0.07865 0.99427 -0.04887 -0.07816 -0.05412
/seq_01/frame_00101.png /seq_01/frame_00131.png 2.22564 0.74764 0.07898 0.99456 -0.04127 -0.07711 -0.05652
/seq_01/frame_00101.png /seq_01/frame_00132.png 2.293 0.83708 0.07737 0.99526 -0.04168 -0.07211 -0.05023
/seq_01/frame_00101.png /seq_01/frame_00133.png 2.33283 0.87514 0.07638 0.99516 -0.04283 -0.07451 -0.04774
/seq_01/frame_00101.png /seq_01/frame_00134.png 2.38168 0.91396 0.07762 0.9948 -0.04738 -0.0743 -0.05103
/seq_01/frame_00101.png /seq_01/frame_00135.png 2.49552 0.98139 0.09564 0.99346 -0.03339 -0.08715 -0.06582
/seq_01/frame_00101.png /seq_01/frame_00136.png 2.5418 1.0038 0.0991 0.99329 -0.01819 -0.09436 -0.06433
/seq_01/frame_00101.png /seq_01/frame_00137.png 2.57687 1.02227 0.09981 0.99398 -0.00499 -0.0919 -0.05942
/seq_01/frame_00101.png /seq_01/frame_00138.png 2.60327 1.04245 0.09893 0.9945 0.01076 -0.08904 -0.05404
/seq_01/frame_00101.png /seq_01/frame_00139.png 2.60327 1.04245 0.09893 0.9945 0.01076 -0.08904 -0.05404
/seq_01/frame_00101.png /seq_01/frame_00140.png 2.63813 1.12597 0.09927 0.993 0.06545 -0.08504 -0.0494
/seq_01/frame_00101.png /seq_01/frame_00141.png 2.64114 1.15052 0.09773 0.99288 0.07366 -0.08224 -0.04465
/seq_01/frame_00101.png /seq_01/frame_00142.png 2.64272 1.16859 0.09518 0.99273 0.07962 -0.08122 -0.03939
/seq_01/frame_00101.png /seq_01/frame_00143.png 2.64529 1.1805 0.09167 0.9924 0.0889 -0.07719 -0.03575
/seq_01/frame_00101.png /seq_01/frame_00144.png 2.64871 1.19823 0.08342 0.99164 0.10535 -0.0699 -0.02583
/seq_01/frame_00101.png /seq_01/frame_00145.png 2.64415 1.19533 0.08158 0.99123 0.11127 -0.06774 -0.02209
/seq_01/frame_00101.png /seq_01/frame_00146.png 2.6415 1.19491 0.0792 0.99128 0.11404 -0.06295 -0.0198
/seq_01/frame_00101.png /seq_01/frame_00147.png 2.63902 1.19483 0.07451 0.99159 0.11462 -0.05744 -0.0175
/seq_01/frame_00101.png /seq_01/frame_00148.png 2.6364 1.19472 0.0701 0.99156 0.11743 -0.05307 -0.01434
/seq_01/frame_00101.png /seq_01/frame_00149.png 2.62881 1.19001 0.06404 0.99162 0.12207 -0.04091 -0.01063
/seq_01/frame_00101.png /seq_01/frame_00150.png 2.62186 1.18653 0.06237 0.99115 0.12742 -0.03627 -0.00827
/seq_01/frame_00151.png /seq_01/frame_00152.png -0.00961 -0.00323 -0.00295 0.99994 0.01062 0.00318 -0.0011
/seq_01/frame_00151.png /seq_01/frame_00153.png -0.03069 -0.02214 -0.01078 0.99937 0.03306 0.01266 -0.00315
/seq_01/frame_00151.png /seq_01/frame_00154.png -0.04392 -0.04529 -0.01239 0.99876 0.04808 0.01237 -0.00336
/seq_01/frame_00151.png /seq_01/frame_00155.png -0.05932 -0.07701 -0.01232 0.99804 0.06079 0.01395 -0.00436
/seq_01/frame_00151.png /seq_01/frame_00156.png -0.08089 -0.12233 -0.01264 0.99669 0.07951 0.01667 -0.00418
/seq_01/frame_00151.png /seq_01/frame_00157.png -0.12988 -0.21287 -0.01816 0.99063 0.13533 0.01806 -0.00445
/seq_01/frame_00151.png /seq_01/frame_00158.png -0.15263 -0.25098 -0.02082 0.98628 0.16391 0.0185 -0.00695
/seq_01/frame_00151.png /seq_01/frame_00159.png -0.16629 -0.28269 -0.02595 0.98134 0.19017 0.02575 -0.01197
/seq_01/frame_00151.png /seq_01/frame_00160.png -0.17509 -0.31122 -0.02957 0.97334 0.22683 0.02899 -0.01757
/seq_01/frame_00151.png /seq_01/frame_00161.png -0.18045 -0.33846 -0.03111 0.96056 0.27613 0.02619 -0.01988
/seq_01/frame_00151.png /seq_01/frame_00162.png -0.17759 -0.39915 -0.03101 0.91891 0.39322 0.02314 -0.0213
/seq_01/frame_00151.png /seq_01/frame_00163.png -0.17161 -0.41806 -0.02438 0.89381 0.44759 0.0158 -0.02276
/seq_01/frame_00151.png /seq_01/frame_00164.png -0.17202 -0.43283 -0.02023 0.86837 0.49525 0.01064 -0.02343
/seq_01/frame_00151.png /seq_01/frame_00165.png -0.17049 -0.44384 -0.01975 0.8435 0.53659 0.00609 -0.02317
/seq_01/frame_00151.png /seq_01/frame_00166.png -0.1696 -0.46019 -0.01944 0.79212 0.61011 -7e-05 -0.01752
/seq_01/frame_00151.png /seq_01/frame_00167.png -0.17212 -0.46939 -0.02135 0.7719 0.63553 -0.00037 -0.01641
/seq_01/frame_00151.png /seq_01/frame_00168.png -0.17389 -0.47876 -0.02263 0.76288 0.64634 -0.00123 -0.01623
/seq_01/frame_00151.png /seq_01/frame_00169.png -0.18375 -0.49592 -0.02092 0.75959 0.65028 -0.00351 -0.01245
/seq_01/frame_00151.png /seq_01/frame_00170.png -0.2017 -0.52904 -0.0166 0.75969 0.65016 -0.00659 -0.01103
/seq_01/frame_00151.png /seq_01/frame_00171.png -0.26461 -0.64272 -0.00944 0.77521 0.63133 -0.02161 0.00374
/seq_01/frame_00151.png /seq_01/frame_00172.png -0.29452 -0.70005 -0.01098 0.78299 0.62166 -0.01979 0.0089
/seq_01/frame_00151.png /seq_01/frame_00173.png -0.31347 -0.74988 -0.01221 0.78464 0.61976 -0.01352 0.00677
/seq_01/frame_00151.png /seq_01/frame_00174.png -0.32255 -0.79769 -0.01283 0.78355 0.6212 -0.01228 0.00319
/seq_01/frame_00151.png /seq_01/frame_00175.png -0.30506 -0.92411 -0.01578 0.77927 0.62646 -0.01206 0.01224
/seq_01/frame_00151.png /seq_01/frame_00176.png -0.30506 -0.92411 -0.01578 0.77927 0.62646 -0.01206 0.01224
/seq_01/frame_00151.png /seq_01/frame_00177.png -0.26329 -1.06655 -0.01672 0.7871 0.61654 -0.014 0.01242
/seq_01/frame_00151.png /seq_01/frame_00178.png -0.26329 -1.06655 -0.01672 0.7871 0.61654 -0.014 0.01242
/seq_01/frame_00151.png /seq_01/frame_00179.png -0.23294 -1.1827 -0.01521 0.78401 0.62039 -0.02021 0.006
/seq_01/frame_00151.png /seq_01/frame_00180.png -0.23352 -1.2761 -0.01593 0.79221 0.60977 -0.02429 0.00089
/seq_01/frame_00151.png /seq_01/frame_00181.png -0.23833 -1.34437 -0.01389 0.80319 0.5954 -0.01963 0.00154
/seq_01/frame_00151.png /seq_01/frame_00182.png -0.24868 -1.41248 -0.01093 0.81324 0.58171 -0.01557 0.00429
/seq_01/frame_00151.png /seq_01/frame_00183.png -0.26149 -1.48296 -0.00758 0.82177 0.56941 -0.02014 0.00816
/seq_01/frame_00151.png /seq_01/frame_00184.png -0.2723 -1.53929 -0.01172 0.8283 0.55989 -0.01598 0.01374
/seq_01/frame_00151.png /seq_01/frame_00185.png -0.27222 -1.65006 -0.01794 0.82689 0.5623 -0.00435 0.00685
/seq_01/frame_00151.png /seq_01/frame_00186.png -0.25593 -1.691 -0.01908 0.82574 0.56396 -0.00388 0.00943
/seq_01/frame_00151.png /seq_01/frame_00187.png -0.22739 -1.7379 -0.01934 0.82864 0.55953 -0.00465 0.0164
/seq_01/frame_00151.png /seq_01/frame_00188.png -0.19489 -1.78847 -0.02078 0.83029 0.55679 -0.0055 0.02404
/seq_01/frame_00151.png /seq_01/frame_00189.png -0.14195 -1.86656 -0.01608 0.83434 0.55071 -0.01222 0.02123
/seq_01/frame_00151.png /seq_01/frame_00190.png -0.12717 -1.89657 -0.01276 0.83169 0.55486 -0.01225 0.01676
/seq_01/frame_00151.png /seq_01/frame_00191.png -0.11425 -1.93341 -0.00808 0.83623 0.54807 -0.01453 0.01106
/seq_01/frame_00151.png /seq_01/frame_00192.png -0.10301 -1.97729 -0.00384 0.84225 0.53872 -0.01716 0.01023
/seq_01/frame_00151.png /seq_01/frame_00193.png -0.09749 -2.02748 -5e-05 0.84844 0.52887 -0.01863 0.00959
/seq_01/frame_00151.png /seq_01/frame_00194.png -0.08988 -2.14862 0.00584 0.86024 0.50959 -0.01295 0.01189
/seq_01/frame_00151.png /seq_01/frame_00195.png -0.08988 -2.14862 0.00584 0.86024 0.50959 -0.01295 0.01189
/seq_01/frame_00151.png /seq_01/frame_00196.png -0.09185 -2.24827 0.00622 0.86677 0.49853 -0.00479 0.01269
/seq_01/frame_00151.png /seq_01/frame_00197.png -0.09152 -2.28477 0.00638 0.8673 0.49766 0.00011 0.01133
/seq_01/frame_00151.png /seq_01/frame_00198.png -0.07871 -2.33993 0.0031 0.85845 0.51283 0.00703 0.00399
/seq_01/frame_00151.png /seq_01/frame_00199.png -0.06518 -2.3577 -0.00269 0.85277 0.52216 0.01085 0.00297
/seq_01/frame_00151.png /seq_01/frame_00200.png -0.04449 -2.3675 -0.00378 0.84787 0.53007 0.00986 0.00658
/seq_01/frame_00201.png /seq_01/frame_00202.png 0.01934 -0.01086 0.00298 0.99995 0.00987 0.00239 0.00239
/seq_01/frame_00201.png /seq_01/frame_00203.png 0.04913 -0.03527 0.0037 0.99959 0.02729 0.00873 0.00081
/seq_01/frame_00201.png /seq_01/frame_00204.png 0.05952 -0.04372 0.0009 0.99932 0.03571 0.00862 -0.00149
/seq_01/frame_00201.png /seq_01/frame_00205.png 0.06925 -0.05554 -0.00116 0.99901 0.04356 0.00577 -0.00728
/seq_01/frame_00201.png /seq_01/frame_00206.png 0.0796 -0.06812 0.00053 0.99857 0.05286 0.00246 -0.00707
/seq_01/frame_00201.png /seq_01/frame_00207.png 0.09976 -0.10077 -0.00204 0.9975 0.07028 -0.00458 -0.00605
/seq_01/frame_00201.png /seq_01/frame_00208.png 0.09976 -0.10077 -0.00204 0.9975 0.07028 -0.00458 -0.00605
/seq_01/frame_00201.png /seq_01/frame_00209.png 0.1079 -0.14049 -0.00158 0.99602 0.08859 -0.009 -0.00243
/seq_01/frame_00201.png /seq_01/frame_00210.png 0.10572 -0.16856 -0.00184 0.99574 0.09116 -0.012 -0.00731
/seq_01/frame_00201.png /seq_01/frame_00211.png 0.08226 -0.24918 -0.00238 0.99602 0.08861 -0.00736 -0.00634
/seq_01/frame_00201.png /seq_01/frame_00212.png 0.06518 -0.29591 -0.00073 0.99571 0.09192 -0.00552 -0.00869
/seq_01/frame_00201.png /seq_01/frame_00213.png 0.04697 -0.33765 0.00222 0.99545 0.09477 -0.00649 -0.00695
/seq_01/frame_00201.png /seq_01/frame_00214.png 0.02928 -0.3709 0.00695 0.99527 0.0965 -0.01111 -0.00247
/seq_01/frame_00201.png /seq_01/frame_00215.png 0.01203 -0.40167 0.01076 0.99491 0.09944 -0.01605 0.00281
/seq_01/frame_00201.png /seq_01/frame_00216.png 0.00243 -0.44125 0.01449 0.99369 0.10975 -0.02322 0.00178
/seq_01/frame_00201.png /seq_01/frame_00217.png 0.01163 -0.46539 0.01355 0.99264 0.11954 -0.01952 0.00035
/seq_01/frame_00201.png /seq_01/frame_00218.png 0.03015 -0.50318 0.01213 0.99124 0.13107 -0.01598 0.00069
/seq_01/frame_00201.png /seq_01/frame_00219.png 0.03015 -0.50318 0.01213 0.99124 0.13107 -0.01598 0.00069
/seq_01/frame_00201.png /seq_01/frame_00220.png 0.08157 -0.59358 0.01512 0.98832 0.15151 -0.01499 0.0063
/seq_01/frame_00201.png /seq_01/frame_00221.png 0.13788 -0.6737 0.01384 0.98598 0.16581 -0.01582 0.00972
/seq_01/frame_00201.png /seq_01/frame_00222.png 0.16045 -0.69904 0.01136 0.9853 0.16957 -0.01696 0.01178
/seq_01/frame_00201.png /seq_01/frame_00223.png 0.16045 -0.69904 0.01136 0.9853 0.16957 -0.01696 0.01178
/seq_01/frame_00201.png /seq_01/frame_00224.png 0.18758 -0.74338 0.01002 0.98503 0.17065 -0.02025 0.01353
/seq_01/frame_00201.png /seq_01/frame_00225.png 0.20033 -0.82787 0.01262 0.98729 0.15581 -0.02673 0.0163
/seq_01/frame_00201.png /seq_01/frame_00226.png 0.20033 -0.82787 0.01262 0.98729 0.15581 -0.02673 0.0163
/seq_01/frame_00201.png /seq_01/frame_00227.png 0.19621 -0.95767 0.02615 0.9885 0.14762 -0.02377 0.02262
/seq_01/frame_00201.png /seq_01/frame_00228.png 0.19621 -0.95767 0.02615 0.9885 0.14762 -0.02377 0.02262
/seq_01/frame_00201.png /seq_01/frame_00229.png 0.17795 -1.06769 0.03056 0.9883 0.14724 -0.02826 0.02792
/seq_01/frame_00201.png /seq_01/frame_00230.png 0.18267 -1.14138 0.02831 0.98772 0.1529 -0.02525 0.01982
/seq_01/frame_00201.png /seq_01/frame_00231.png 0.19641 -1.18385 0.0257 0.98618 0.16286 -0.02378 0.01917
/seq_01/frame_00201.png /seq_01/frame_00232.png 0.22206 -1.22726 0.02542 0.98402 0.17477 -0.02393 0.02441
/seq_01/frame_00201.png /seq_01/frame_00233.png 0.2528 -1.27261 0.02732 0.98228 0.18437 -0.02321 0.02448
/seq_01/frame_00201.png /seq_01/frame_00234.png 0.31574 -1.34892 0.02942 0.98008 0.19602 -0.02298 0.02229
/seq_01/frame_00201.png /seq_01/frame_00235.png 0.31574 -1.34892 0.02942 0.98008 0.19602 -0.02298 0.02229
/seq_01/frame_00201.png /seq_01/frame_00236.png 0.3655 -1.39454 0.03298 0.97945 0.19882 -0.02388 0.02406
/seq_01/frame_00201.png /seq_01/frame_00237.png 0.3655 -1.39454 0.03298 0.97945 0.19882 -0.02388 0.02406
/seq_01/frame_00201.png /seq_01/frame_00238.png 0.3655 -1.39454 0.03298 0.97945 0.19882 -0.02388 0.02406
/seq_01/frame_00201.png /seq_01/frame_00239.png 0.41549 -1.4308 0.02391 0.97826 0.20584 -0.01547 0.01971
/seq_01/frame_00201.png /seq_01/frame_00240.png 0.42501 -1.43138 0.02063 0.97905 0.20253 -0.00807 0.01963
/seq_01/frame_00201.png /seq_01/frame_00241.png 0.42501 -1.43138 0.02063 0.97905 0.20253 -0.00807 0.01963
/seq_01/frame_00201.png /seq_01/frame_00242.png 0.44122 -1.45738 0.01435 0.98369 0.17765 -0.00021 0.02805
/seq_01/frame_00201.png /seq_01/frame_00243.png 0.44122 -1.45738 0.01435 0.98369 0.17765 -0.00021 0.02805
/seq_01/frame_00201.png /seq_01/frame_00244.png 0.43805 -1.50286 0.00869 0.98351 0.17732 0.01131 0.03388
/seq_01/frame_00201.png /seq_01/frame_00245.png 0.43954 -1.52316 0.00619 0.98416 0.17422 0.01338 0.03005
/seq_01/frame_00201.png /seq_01/frame_00246.png 0.43954 -1.52316 0.00619 0.98416 0.17422 0.01338 0.03005
/seq_01/frame_00201.png /seq_01/frame_00247.png 0.45168 -1.57374 0.00527 0.98446 0.17338 0.01326 0.02466
/seq_01/frame_00201.png /seq_01/frame_00248.png 0.45342 -1.62599 0.00921 0.98537 0.16899 0.01058 0.01949
/seq_01/frame_00201.png /seq_01/frame_00249.png 0.44931 -1.64964 0.01539 0.98587 0.16613 0.00354 0.0213
/seq_01/frame_00201.png /seq_01/frame_00250.png 0.43427 -1.67 0.01877 0.98503 0.17056 -0.00306 0.02482
/seq_01/frame_00251.png /seq_01/frame_00252.png -0.00632 -0.02104 0.00757 0.99994 0.00828 -0.00657 0.00428
/seq_01/frame_00251.png /seq_01/frame_00253.png -0.00531 -0.03041 0.01443 0.99955 0.02418 -0.01506 0.0096
/seq_01/frame_00251.png /seq_01/frame_00254.png 0.00559 -0.03847 0.02062 0.99878 0.04164 -0.02292 0.01345
/seq_01/frame_00251.png /seq_01/frame_00255.png 0.03043 -0.04431 0.02464 0.99701 0.0716 -0.02406 0.0165
/seq_01/frame_00251.png /seq_01/frame_00256.png 0.0989 -0.04116 0.02873 0.99328 0.11202 -0.02628 0.0122
/seq_01/frame_00251.png /seq_01/frame_00257.png 0.12065 -0.02851 0.02533 0.99214 0.12251 -0.02428 0.00756
/seq_01/frame_00251.png /seq_01/frame_00258.png 0.12065 -0.02851 0.02533 0.99214 0.12251 -0.02428 0.00756
/seq_01/frame_00251.png /seq_01/frame_00259.png 0.1359 -0.00964 0.01692 0.98856 0.14987 -0.017 0.00108
/seq_01/frame_00251.png /seq_01/frame_00260.png 0.13565 -0.00173 0.00703 0.98396 0.17785 -0.00916 -0.01019
/seq_01/frame_00251.png /seq_01/frame_00261.png 0.13565 -0.00173 0.00703 0.98396 0.17785 -0.00916 -0.01019
/seq_01/frame_00251.png /seq_01/frame_00262.png 0.13332 0.00691 -0.00433 0.97999 0.19764 -0.00536 -0.02321
/seq_01/frame_00251.png /seq_01/frame_00263.png 0.13332 0.00691 -0.00433 0.97999 0.19764 -0.00536 -0.02321
/seq_01/frame_00251.png /seq_01/frame_00264.png 0.11739 0.02726 -0.01498 0.97429 0.2225 -0.00332 -0.03535
/seq_01/frame_00251.png /seq_01/frame_00265.png 0.07955 0.06754 -0.02242 0.96818 0.24715 -0.00756 -0.03863
/seq_01/frame_00251.png /seq_01/frame_00266.png 0.07955 0.06754 -0.02242 0.96818 0.24715 -0.00756 -0.03863
/seq_01/frame_00251.png /seq_01/frame_00267.png 0.03235 0.12681 -0.02592 0.96238 0.26738 -0.01191 -0.04683
/seq_01/frame_00251.png /seq_01/frame_00268.png 0.03235 0.12681 -0.02592 0.96238 0.26738 -0.01191 -0.04683
/seq_01/frame_00251.png /seq_01/frame_00269.png 0.0001 0.18225 -0.03317 0.95252 0.29944 -0.01474 -0.05321
/seq_01/frame_00251.png /seq_01/frame_00270.png -0.01314 0.22029 -0.03785 0.94464 0.32163 -0.02011 -0.06173
/seq_01/frame_00251.png /seq_01/frame_00271.png -0.01626 0.23365 -0.04065 0.94198 0.32847 -0.02226 -0.06552
/seq_01/frame_00251.png /seq_01/frame_00272.png -0.01658 0.23843 -0.0449 0.9361 0.34394 -0.02102 -0.07059
/seq_01/frame_00251.png /seq_01/frame_00273.png -0.01164 0.23725 -0.05042 0.91945 0.38397 -0.02075 -0.08214
/seq_01/frame_00251.png /seq_01/frame_00274.png -0.00439 0.23538 -0.05343 0.9147 0.39381 -0.02409 -0.08756
/seq_01/frame_00251.png /seq_01/frame_00275.png 0.00098 0.23854 -0.05481 0.90872 0.40762 -0.02375 -0.08665
/seq_01/frame_00251.png /seq_01/frame_00276.png 0.00575 0.23915 -0.05456 0.90272 0.42176 -0.02213 -0.08205
/seq_01/frame_00251.png /seq_01/frame_00277.png 0.01066 0.24167 -0.05194 0.89737 0.43408 -0.0213 -0.07648
/seq_01/frame_00251.png /seq_01/frame_00278.png 0.01066 0.24167 -0.05194 0.89737 0.43408 -0.0213 -0.07648
/seq_01/frame_00251.png /seq_01/frame_00279.png 0.01066 0.24167 -0.05194 0.89737 0.43408 -0.0213 -0.07648
/seq_01/frame_00251.png /seq_01/frame_00280.png 0.01066 0.24167 -0.05194 0.89737 0.43408 -0.0213 -0.07648
/seq_01/frame_00251.png /seq_01/frame_00281.png 0.0587 0.27233 -0.03367 0.87194 0.48768 -0.01918 -0.03897
/seq_01/frame_00251.png /seq_01/frame_00282.png 0.06659 0.2778 -0.02636 0.86458 0.50167 -0.01603 -0.02395
/seq_01/frame_00251.png /seq_01/frame_00283.png 0.06719 0.27708 -0.02524 0.86413 0.50261 -0.01471 -0.02129
/seq_01/frame_00251.png /seq_01/frame_00284.png 0.06222 0.27227 -0.02275 0.86513 0.50108 -0.01553 -0.0151
/seq_01/frame_00251.png /seq_01/frame_00285.png 0.05002 0.26706 -0.02017 0.86438 0.50256 -0.01468 -0.00756
/seq_01/frame_00251.png /seq_01/frame_00286.png 0.02612 0.25699 -0.01665 0.86412 0.50294 -0.01874 0.00187
/seq_01/frame_00251.png /seq_01/frame_00287.png -0.00619 0.2402 -0.0082 0.86503 0.50093 -0.02068 0.01892
/seq_01/frame_00251.png /seq_01/frame_00288.png -0.08433 0.19933 0.00479 0.85834 0.51116 -0.0232 0.03794
/seq_01/frame_00251.png /seq_01/frame_00289.png -0.11739 0.17916 0.00754 0.85697 0.51248 -0.02583 0.04794
/seq_01/frame_00251.png /seq_01/frame_00290.png -0.14399 0.15888 0.01162 0.85509 0.51475 -0.02635 0.05629
/seq_01/frame_00251.png /seq_01/frame_00291.png -0.17723 0.0929 0.01319 0.84796 0.52618 -0.02695 0.05808
/seq_01/frame_00251.png /seq_01/frame_00292.png -0.1897 0.03905 0.01608 0.8352 0.54555 -0.02379 0.0652
/seq_01/frame_00251.png /seq_01/frame_00293.png -0.18106 -0.01466 0.01825 0.82 0.5677 -0.02549 0.06828
/seq_01/frame_00251.png /seq_01/frame_00294.png -0.19551 -0.08337 0.02273 0.80632 0.58698 -0.02507 0.06843
/seq_01/frame_00251.png /seq_01/frame_00295.png -0.18698 -0.13303 0.02233 0.7986 0.59755 -0.02134 0.06859
/seq_01/frame_00251.png /seq_01/frame_00296.png -0.17561 -0.19155 0.00779 0.78677 0.61421 -0.01899 0.05813
/seq_01/frame_00251.png /seq_01/frame_00297.png -0.17796 -0.21561 0.00476 0.78164 0.62108 -0.01434 0.05568
/seq_01/frame_00251.png /seq_01/frame_00298.png -0.18675 -0.23199 0.00273 0.78082 0.62238 -0.01378 0.05261
/seq_01/frame_00251.png /seq_01/frame_00299.png -0.19938 -0.25592 -0.00149 0.78076 0.62271 -0.01404 0.04944
/seq_01/frame_00251.png /seq_01/frame_00300.png -0.23399 -0.30882 -0.01147 0.76281 0.64494 -0.01545 0.04394
/seq_01/frame_00301.png /seq_01/frame_00302.png -0.01981 -0.03104 -0.00085 0.99964 0.02505 -0.00541 0.00768
/seq_01/frame_00301.png /seq_01/frame_00303.png -0.03194 -0.06135 -0.00242 0.99869 0.04945 -0.00585 0.01183
/seq_01/frame_00301.png /seq_01/frame_00304.png -0.02973 -0.09966 0.00321 0.99664 0.08103 -0.00734 0.00906
/seq_01/frame_00301.png /seq_01/frame_00305.png -0.01598 -0.11603 0.00621 0.9941 0.10792 -0.00634 0.00883
/seq_01/frame_00301.png /seq_01/frame_00306.png 0.00152 -0.14148 0.01118 0.98944 0.14419 -0.00264 0.01462
/seq_01/frame_00301.png /seq_01/frame_00307.png 0.02467 -0.16757 0.01428 0.98579 0.16687 0.00624 0.01818
/seq_01/frame_00301.png /seq_01/frame_00308.png 0.04876 -0.18916 0.0144 0.98326 0.1806 0.01299 0.02052
/seq_01/frame_00301.png /seq_01/frame_00309.png 0.09728 -0.22276 0.00968 0.97856 0.20393 0.02009 0.02084
/seq_01/frame_00301.png /seq_01/frame_00310.png 0.11908 -0.22447 0.00623 0.97586 0.2163 0.02218 0.02073
/seq_01/frame_00301.png /seq_01/frame_00311.png 0.1374 -0.22328 0.0031 0.97323 0.22814 0.01986 0.01956
/seq_01/frame_00301.png /seq_01/frame_00312.png 0.1374 -0.22328 0.0031 0.97323 0.22814 0.01986 0.01956
/seq_01/frame_00301.png /seq_01/frame_00313.png 0.17591 -0.19329 -0.00622 0.96459 0.26293 0.01103 0.0177
/seq_01/frame_00301.png /seq_01/frame_00314.png 0.18585 -0.17499 -0.00742 0.96516 0.26075 0.00668 0.02068
/seq_01/frame_00301.png /seq_01/frame_00315.png 0.19685 -0.15045 -0.00603 0.96271 0.26973 0.00857 0.01904
/seq_01/frame_00301.png /seq_01/frame_00316.png 0.20827 -0.12323 -0.00658 0.96153 0.27413 0.00033 0.01772
/seq_01/frame_00301.png /seq_01/frame_00317.png 0.22362 -0.09837 -0.0055 0.95911 0.28254 -0.00484 0.01588
/seq_01/frame_00301.png /seq_01/frame_00318.png 0.23838 -0.07955 -0.00635 0.95579 0.2933 -0.01091 0.01786
/seq_01/frame_00301.png /seq_01/frame_00319.png 0.23838 -0.07955 -0.00635 0.95579 0.2933 -0.01091 0.01786
/seq_01/frame_00301.png /seq_01/frame_00320.png 0.23838 -0.07955 -0.00635 0.95579 0.2933 -0.01091 0.01786
/seq_01/frame_00301.png /seq_01/frame_00321.png 0.23838 -0.07955 -0.00635 0.95579 0.2933 -0.01091 0.01786
/seq_01/frame_00301.png /seq_01/frame_00322.png 0.21912 -0.24755 -0.02043 0.895 0.44527 -0.01047 0.02429
/seq_01/frame_00301.png /seq_01/frame_00323.png 0.22402 -0.28485 -0.01994 0.88885 0.45791 -0.00975 0.01296
/seq_01/frame_00301.png /seq_01/frame_00324.png 0.22901 -0.30722 -0.01917 0.88409 0.4672 -0.00888 0.00569
/seq_01/frame_00301.png /seq_01/frame_00325.png 0.2353 -0.32254 -0.0197 0.87959 0.47566 -0.00792 1e-05
/seq_01/frame_00301.png /seq_01/frame_00326.png 0.24346 -0.3353 -0.02051 0.87514 0.48373 -0.01161 0.00044
/seq_01/frame_00301.png /seq_01/frame_00327.png 0.25162 -0.34287 -0.01811 0.87118 0.49069 -0.01544 -0.00548
/seq_01/frame_00301.png /seq_01/frame_00328.png 0.25499 -0.33717 -0.01544 0.87529 0.48328 -0.01625 -0.0068
/seq_01/frame_00301.png /seq_01/frame_00329.png 0.25499 -0.33717 -0.01544 0.87529 0.48328 -0.01625 -0.0068
/seq_01/frame_00301.png /seq_01/frame_00330.png 0.26444 -0.31483 -0.00733 0.88662 0.4619 -0.01702 -0.01601
/seq_01/frame_00301.png /seq_01/frame_00331.png 0.27215 -0.31558 -0.00883 0.88833 0.45827 -0.02043 -0.02089
/seq_01/frame_00301.png /seq_01/frame_00332.png 0.2704 -0.34082 -0.0087 0.87594 0.48162 -0.02066 -0.01855
/seq_01/frame_00301.png /seq_01/frame_00333.png 0.26753 -0.377 -0.00656 0.85911 0.5112 -0.02127 -0.01248
/seq_01/frame_00301.png /seq_01/frame_00334.png 0.26844 -0.41328 -0.008 0.84538 0.53363 -0.02093 -0.0112
/seq_01/frame_00301.png /seq_01/frame_00335.png 0.27389 -0.44377 -0.01289 0.83416 0.55073 -0.02627 -0.01377
/seq_01/frame_00301.png /seq_01/frame_00336.png 0.29567 -0.48908 -0.02104 0.81806 0.57391 -0.03512 -0.01359
/seq_01/frame_00301.png /seq_01/frame_00337.png 0.31058 -0.50008 -0.02208 0.80751 0.58846 -0.03824 -0.01322
/seq_01/frame_00301.png /seq_01/frame_00338.png 0.32229 -0.51014 -0.02245 0.79991 0.59883 -0.03793 -0.01077
/seq_01/frame_00301.png /seq_01/frame_00339.png 0.32993 -0.51779 -0.02478 0.79511 0.60498 -0.04111 -0.01012
/seq_01/frame_00301.png /seq_01/frame_00340.png 0.34786 -0.52752 -0.02344 0.7816 0.62237 -0.04051 -0.01042
/seq_01/frame_00301.png /seq_01/frame_00341.png 0.34786 -0.52752 -0.02344 0.7816 0.62237 -0.04051 -0.01042
/seq_01/frame_00301.png /seq_01/frame_00342.png 0.36685 -0.53221 -0.01291 0.76963 0.63803 -0.02305 -0.00722
/seq_01/frame_00301.png /seq_01/frame_00343.png 0.36685 -0.53221 -0.01291 0.76963 0.63803 -0.02305 -0.00722
/seq_01/frame_00301.png /seq_01/frame_00344.png 0.3824 -0.52552 -0.00505 0.75494 0.65572 -0.00891 -0.00345
/seq_01/frame_00301.png /seq_01/frame_00345.png 0.39344 -0.51652 0.00833 0.74846 0.6631 0.0099 -0.00171
/seq_01/frame_00301.png /seq_01/frame_00346.png 0.39632 -0.5124 0.0149 0.74695 0.6645 0.02242 -0.0028
/seq_01/frame_00301.png /seq_01/frame_00347.png 0.3986 -0.50836 0.02108 0.74164 0.66993 0.03355 -0.00676
/seq_01/frame_00301.png /seq_01/frame_00348.png 0.39792 -0.50726 0.0267 0.73782 0.67332 0.0463 -0.01091
/seq_01/frame_00301.png /seq_01/frame_00349.png 0.39046 -0.50852 0.0389 0.7363 0.67293 0.06989 -0.0122
/seq_01/frame_00301.png /seq_01/frame_00350.png 0.38661 -0.50949 0.0486 0.73489 0.67286 0.08348 -0.01521
/seq_01/frame_00351.png /seq_01/frame_00352.png -0.006 0.00096 0.00929 0.9999 0.00349 0.00776 -0.01164
/seq_01/frame_00351.png /seq_01/frame_00353.png -0.01633 -0.00463 0.0221 0.99943 -0.00887 0.02257 -0.02363
/seq_01/frame_00351.png /seq_01/frame_00354.png -0.01972 -0.00662 0.02581 0.99913 -0.01794 0.02859 -0.02446
/seq_01/frame_00351.png /seq_01/frame_00355.png -0.02067 -0.01159 0.02807 0.99864 -0.02976 0.03231 -0.02802
/seq_01/frame_00351.png /seq_01/frame_00356.png -0.01905 -0.01849 0.02678 0.99805 -0.04164 0.03545 -0.03024
/seq_01/frame_00351.png /seq_01/frame_00357.png -0.01837 -0.0223 0.02446 0.99735 -0.05541 0.03689 -0.02928
/seq_01/frame_00351.png /seq_01/frame_00358.png -0.02266 -0.01643 0.02707 0.99493 -0.08903 0.03992 -0.02437
/seq_01/frame_00351.png /seq_01/frame_00359.png -0.02558 -0.00673 0.02961 0.99411 -0.09784 0.04027 -0.02339
/seq_01/frame_00351.png /seq_01/frame_00360.png -0.02835 0.00975 0.03069 0.99342 -0.1042 0.04106 -0.02402
/seq_01/frame_00351.png /seq_01/frame_00361.png -0.0333 0.02613 0.03178 0.99184 -0.11625 0.04503 -0.02654
/seq_01/frame_00351.png /seq_01/frame_00362.png -0.04847 0.0749 0.03574 0.98633 -0.15403 0.05263 -0.02567
/seq_01/frame_00351.png /seq_01/frame_00363.png -0.05256 0.10488 0.03722 0.98289 -0.17451 0.05414 -0.02335
/seq_01/frame_00351.png /seq_01/frame_00364.png -0.05729 0.13464 0.038 0.98001 -0.19076 0.05229 -0.02124
/seq_01/frame_00351.png /seq_01/frame_00365.png -0.06183 0.16245 0.03861 0.97635 -0.20957 0.04952 -0.01921
/seq_01/frame_00351.png /seq_01/frame_00366.png -0.06447 0.18943 0.03728 0.97062 -0.23443 0.05051 -0.01957
/seq_01/frame_00351.png /seq_01/frame_00367.png -0.07739 0.23624 0.02912 0.95701 -0.28656 0.04123 -0.0175
/seq_01/frame_00351.png /seq_01/frame_00368.png -0.094 0.24745 0.02928 0.95185 -0.30396 0.03677 -0.01525
/seq_01/frame_00351.png /seq_01/frame_00369.png -0.094 0.24745 0.02928 0.95185 -0.30396 0.03677 -0.01525
/seq_01/frame_00351.png /seq_01/frame_00370.png -0.16987 0.24592 0.02556 0.94984 -0.31184 0.0231 -0.00523
/seq_01/frame_00351.png /seq_01/frame_00371.png -0.27471 0.22091 0.0228 0.9434 -0.33006 0.0309 -0.01042
/seq_01/frame_00351.png /seq_01/frame_00372.png -0.31855 0.2122 0.01577 0.93464 -0.35462 0.02564 -0.00654
/seq_01/frame_00351.png /seq_01/frame_00373.png -0.35845 0.21096 0.00909 0.92287 -0.38479 0.01556 -0.00189
/seq_01/frame_00351.png /seq_01/frame_00374.png -0.40504 0.22437 0.0047 0.90822 -0.41842 0.00545 0.0058
/seq_01/frame_00351.png /seq_01/frame_00375.png -0.48218 0.2734 0.00767 0.87287 -0.48792 -0.0058 0.00192
/seq_01/frame_00351.png /seq_01/frame_00376.png -0.51619 0.2972 0.00237 0.864 -0.50339 -0.01033 0.00131
/seq_01/frame_00351.png /seq_01/frame_00377.png -0.55282 0.30315 -0.00315 0.85435 -0.51929 -0.01923 0.00805
/seq_01/frame_00351.png /seq_01/frame_00378.png -0.58876 0.2924 -0.00872 0.84427 -0.53532 -0.0232 0.01043
/seq_01/frame_00351.png /seq_01/frame_00379.png -0.58876 0.2924 -0.00872 0.84427 -0.53532 -0.0232 0.01043
/seq_01/frame_00351.png /seq_01/frame_00380.png -0.71103 0.16924 -0.01922 0.81908 -0.57234 -0.03741 0.01159
/seq_01/frame_00351.png /seq_01/frame_00381.png -0.75186 0.11382 -0.02374 0.81197 -0.58182 -0.04456 0.0144
/seq_01/frame_00351.png /seq_01/frame_00382.png -0.78806 0.06468 -0.03077 0.8092 -0.58529 -0.0496 0.01336
/seq_01/frame_00351.png /seq_01/frame_00383.png -0.82185 0.02594 -0.04192 0.80848 -0.58506 -0.06184 0.01568
/seq_01/frame_00351.png /seq_01/frame_00384.png -0.89249 -0.03095 -0.05887 0.79286 -0.60257 -0.08862 0.02063
/seq_01/frame_00351.png /seq_01/frame_00385.png -0.94279 -0.05824 -0.05823 0.78458 -0.6137 -0.08618 0.0195
/seq_01/frame_00351.png /seq_01/frame_00386.png -1.00541 -0.07788 -0.05038 0.78432 -0.61484 -0.08048 0.01844
/seq_01/frame_00351.png /seq_01/frame_00387.png -1.07629 -0.09797 -0.05035 0.78789 -0.61111 -0.074 0.0176
/seq_01/frame_00351.png /seq_01/frame_00388.png -1.13346 -0.11436 -0.04935 0.79291 -0.60467 -0.07342 0.01647
/seq_01/frame_00351.png /seq_01/frame_00389.png -1.23787 -0.16151 -0.05691 0.81787 -0.56994 -0.07695 0.01844
/seq_01/frame_00351.png /seq_01/frame_00390.png -1.30311 -0.1982 -0.05929 0.83819 -0.53889 -0.07929 0.0274
/seq_01/frame_00351.png /seq_01/frame_00391.png -1.36191 -0.23784 -0.05508 0.85557 -0.5114 -0.07119 0.0374
/seq_01/frame_00351.png /seq_01/frame_00392.png -1.4126 -0.27466 -0.05538 0.87175 -0.48445 -0.06315 0.0372
/seq_01/frame_00351.png /seq_01/frame_00393.png -1.51358 -0.31168 -0.05875 0.88715 -0.45484 -0.06863 0.03716
/seq_01/frame_00351.png /seq_01/frame_00394.png -1.57311 -0.31322 -0.06112 0.88971 -0.45075 -0.06328 0.03511
/seq_01/frame_00351.png /seq_01/frame_00395.png -1.64537 -0.30401 -0.05602 0.89268 -0.44525 -0.05839 0.03831
/seq_01/frame_00351.png /seq_01/frame_00396.png -1.71857 -0.28939 -0.05122 0.8945 -0.44242 -0.05161 0.0382
/seq_01/frame_00351.png /seq_01/frame_00397.png -1.71857 -0.28939 -0.05122 0.8945 -0.44242 -0.05161 0.0382
/seq_01/frame_00351.png /seq_01/frame_00398.png -1.86747 -0.27135 -0.05414 0.90369 -0.42247 -0.06005 0.03549
/seq_01/frame_00351.png /seq_01/frame_00399.png -1.9176 -0.27569 -0.05599 0.90705 -0.41532 -0.06062 0.03326
/seq_01/frame_00351.png /seq_01/frame_00400.png -1.97609 -0.28459 -0.05487 0.91199 -0.40495 -0.0569 0.03251
/seq_01/frame_00401.png /seq_01/frame_00402.png -0.1063 -0.03518 -0.00279 0.99959 0.02806 0.00438 0.00377
/seq_01/frame_00401.png /seq_01/frame_00403.png -0.15041 -0.05346 -0.00939 0.99911 0.04183 0.00351 0.0034
/seq_01/frame_00401.png /seq_01/frame_00404.png -0.18589 -0.06779 -0.01589 0.99876 0.04943 -0.00531 0.00338
/seq_01/frame_00401.png /seq_01/frame_00405.png -0.21083 -0.07292 -0.01841 0.99847 0.05423 -0.01086 0.001
/seq_01/frame_00401.png /seq_01/frame_00406.png -0.25737 -0.07033 -0.02142 0.99741 0.07021 -0.01501 -0.00316
/seq_01/frame_00401.png /seq_01/frame_00407.png -0.29441 -0.06409 -0.02406 0.99616 0.08563 -0.01823 0.00103
/seq_01/frame_00401.png /seq_01/frame_00408.png -0.33343 -0.05604 -0.02779 0.9937 0.10916 -0.0239 0.00901
/seq_01/frame_00401.png /seq_01/frame_00409.png -0.33343 -0.05604 -0.02779 0.9937 0.10916 -0.0239 0.00901
/seq_01/frame_00401.png /seq_01/frame_00410.png -0.39406 -0.03969 -0.02763 0.98745 0.15559 -0.02388 0.01259
/seq_01/frame_00401.png /seq_01/frame_00411.png -0.40947 -0.03484 -0.03043 0.98409 0.17414 -0.03329 0.01157
/seq_01/frame_00401.png /seq_01/frame_00412.png -0.42969 -0.03973 -0.0357 0.97716 0.20813 -0.04066 0.01373
/seq_01/frame_00401.png /seq_01/frame_00413.png -0.4509 -0.04955 -0.03935 0.97136 0.23203 -0.04757 0.01889
/seq_01/frame_00401.png /seq_01/frame_00414.png -0.48136 -0.06428 -0.04248 0.96363 0.26085 -0.05219 0.0256
/seq_01/frame_00401.png /seq_01/frame_00415.png -0.53316 -0.104 -0.04393 0.94815 0.31255 -0.04997 0.02862
/seq_01/frame_00401.png /seq_01/frame_00416.png -0.55356 -0.1197 -0.04836 0.94139 0.33215 -0.05123 0.02879
/seq_01/frame_00401.png /seq_01/frame_00417.png -0.57172 -0.13772 -0.05148 0.93624 0.34688 -0.0496 0.02594
/seq_01/frame_00401.png /seq_01/frame_00418.png -0.58527 -0.15526 -0.05456 0.93066 0.36146 -0.05019 0.02651
/seq_01/frame_00401.png /seq_01/frame_00419.png -0.59588 -0.16837 -0.05601 0.92551 0.37451 -0.05005 0.02607
/seq_01/frame_00401.png /seq_01/frame_00420.png -0.59588 -0.16837 -0.05601 0.92551 0.37451 -0.05005 0.02607
/seq_01/frame_00401.png /seq_01/frame_00421.png -0.63089 -0.14676 -0.05205 0.91271 0.40557 -0.04282 0.02529
/seq_01/frame_00401.png /seq_01/frame_00422.png -0.66108 -0.12389 -0.05367 0.90681 0.41859 -0.04278 0.02559
/seq_01/frame_00401.png /seq_01/frame_00423.png -0.69546 -0.09554 -0.05019 0.90251 0.42779 -0.03935 0.03048
/seq_01/frame_00401.png /seq_01/frame_00424.png -0.75644 -0.03086 -0.0444 0.88821 0.45738 -0.03688 0.02313
/seq_01/frame_00401.png /seq_01/frame_00425.png -0.77844 -0.00278 -0.04641 0.8848 0.46385 -0.03675 0.02483
/seq_01/frame_00401.png /seq_01/frame_00426.png -0.77844 -0.00278 -0.04641 0.8848 0.46385 -0.03675 0.02483
/seq_01/frame_00401.png /seq_01/frame_00427.png -0.81088 0.04002 -0.04586 0.87427 0.48279 -0.04445 0.02443
/seq_01/frame_00401.png /seq_01/frame_00428.png -0.83227 0.05644 -0.04413 0.86295 0.50335 -0.04012 0.01839
/seq_01/frame_00401.png /seq_01/frame_00429.png -0.89692 0.08577 -0.04086 0.84192 0.5375 -0.0401 0.02575
/seq_01/frame_00401.png /seq_01/frame_00430.png -0.92713 0.09455 -0.03643 0.8359 0.54694 -0.03776 0.02648
/seq_01/frame_00401.png /seq_01/frame_00431.png -0.95152 0.0974 -0.03036 0.83068 0.55544 -0.03178 0.02131
/seq_01/frame_00401.png /seq_01/frame_00432.png -0.97487 0.0993 -0.02373 0.82504 0.5644 -0.02452 0.0125
/seq_01/frame_00401.png /seq_01/frame_00433.png -1.0143 0.10372 -0.01474 0.81793 0.5753 -0.00446 -0.00219
/seq_01/frame_00401.png /seq_01/frame_00434.png -1.03029 0.10799 -0.01137 0.81706 0.57649 0.00207 -0.00801
/seq_01/frame_00401.png /seq_01/frame_00435.png -1.03029 0.10799 -0.01137 0.81706 0.57649 0.00207 -0.00801
/seq_01/frame_00401.png /seq_01/frame_00436.png -1.04878 0.1165 0.00087 0.81825 0.57407 0.02281 -0.01963
/seq_01/frame_00401.png /seq_01/frame_00437.png -1.05664 0.13567 0.01497 0.82017 0.56931 0.05077 -0.02513
/seq_01/frame_00401.png /seq_01/frame_00438.png -1.05711 0.15488 0.02035 0.81644 0.57297 0.06545 -0.02908
/seq_01/frame_00401.png /seq_01/frame_00439.png -1.05608 0.18313 0.0235 0.81416 0.5759 0.06918 -0.02631
/seq_01/frame_00401.png /seq_01/frame_00440.png -1.05608 0.18313 0.0235 0.81416 0.5759 0.06918 -0.02631
/seq_01/frame_00401.png /seq_01/frame_00441.png -1.04485 0.26159 0.03523 0.81094 0.57801 0.08449 -0.03389
/seq_01/frame_00401.png /seq_01/frame_00442.png -1.01808 0.32256 0.03577 0.79747 0.59643 0.08401 -0.03551
/seq_01/frame_00401.png /seq_01/frame_00443.png -1.0156 0.34069 0.03555 0.78902 0.60812 0.08075 -0.03351
/seq_01/frame_00401.png /seq_01/frame_00444.png -1.02272 0.35537 0.0337 0.7813 0.6187 0.07567 -0.03246
/seq_01/frame_00401.png /seq_01/frame_00445.png -1.02272 0.35537 0.0337 0.7813 0.6187 0.07567 -0.03246
/seq_01/frame_00401.png /seq_01/frame_00446.png -1.07209 0.38942 0.03861 0.75687 0.64831 0.07127 -0.04195
/seq_01/frame_00401.png /seq_01/frame_00447.png -1.07209 0.38942 0.03861 0.75687 0.64831 0.07127 -0.04195
/seq_01/frame_00401.png /seq_01/frame_00448.png -1.08854 0.40131 0.03704 0.73793 0.67028 0.06537 -0.04367
/seq_01/frame_00401.png /seq_01/frame_00449.png -1.08854 0.40131 0.03704 0.73793 0.67028 0.06537 -0.04367
/seq_01/frame_00401.png /seq_01/frame_00450.png -1.10064 0.40659 0.03129 0.72426 0.6861 0.05656 -0.03898
/seq_01/frame_00451.png /seq_01/frame_00452.png 0.0 0.0 0.0 1.0 0.0 0.0 0.0
/seq_01/frame_00451.png /seq_01/frame_00453.png -0.00239 0.00161 -0.00333 0.99973 0.023 -0.00095 0.00368
/seq_01/frame_00451.png /seq_01/frame_00454.png -0.00239 0.00161 -0.00333 0.99973 0.023 -0.00095 0.00368
/seq_01/frame_00451.png /seq_01/frame_00455.png -0.00585 0.0021 -0.00735 0.99915 0.04035 -0.00364 0.00787
/seq_01/frame_00451.png /seq_01/frame_00456.png -0.00869 0.00841 -0.0126 0.99818 0.05821 -0.00218 0.01569
/seq_01/frame_00451.png /seq_01/frame_00457.png -0.00869 0.00841 -0.0126 0.99818 0.05821 -0.00218 0.01569
/seq_01/frame_00451.png /seq_01/frame_00458.png -0.00712 0.02229 -0.02055 0.99606 0.08561 -0.00406 0.02262
/seq_01/frame_00451.png /seq_01/frame_00459.png -0.00712 0.02229 -0.02055 0.99606 0.08561 -0.00406 0.02262
/seq_01/frame_00451.png /seq_01/frame_00460.png -0.00664 0.04177 -0.03079 0.99322 0.10972 -0.00694 0.03788
/seq_01/frame_00451.png /seq_01/frame_00461.png -0.00546 0.05624 -0.03837 0.98867 0.13968 -0.01281 0.05347
/seq_01/frame_00451.png /seq_01/frame_00462.png -0.00546 0.05624 -0.03837 0.98867 0.13968 -0.01281 0.05347
/seq_01/frame_00451.png /seq_01/frame_00463.png -0.005 0.06596 -0.04632 0.98348 0.16752 -0.01471 0.06703
/seq_01/frame_00451.png /seq_01/frame_00464.png -0.00431 0.0648 -0.0518 0.97713 0.19731 -0.01877 0.07706
/seq_01/frame_00451.png /seq_01/frame_00465.png -0.00431 0.0648 -0.0518 0.97713 0.19731 -0.01877 0.07706
/seq_01/frame_00451.png /seq_01/frame_00466.png -0.00034 0.0609 -0.06016 0.97072 0.22103 -0.01732 0.09242
/seq_01/frame_00451.png /seq_01/frame_00467.png 0.00369 0.06185 -0.06285 0.96984 0.22234 -0.01652 0.09847
/seq_01/frame_00451.png /seq_01/frame_00468.png 0.02703 0.05585 -0.07 0.96517 0.23699 -0.00571 0.11072
/seq_01/frame_00451.png /seq_01/frame_00469.png 0.04443 0.04778 -0.07285 0.96326 0.24316 0.00116 0.11403
/seq_01/frame_00451.png /seq_01/frame_00470.png 0.06001 0.03701 -0.07461 0.96061 0.25253 0.00567 0.11585
/seq_01/frame_00451.png /seq_01/frame_00471.png 0.07297 0.0266 -0.07766 0.95906 0.25612 0.00889 0.12055
/seq_01/frame_00451.png /seq_01/frame_00472.png 0.07297 0.0266 -0.07766 0.95906 0.25612 0.00889 0.12055
/seq_01/frame_00451.png /seq_01/frame_00473.png 0.10141 -0.01292 -0.08234 0.95352 0.27075 0.01857 0.13099
/seq_01/frame_00451.png /seq_01/frame_00474.png 0.10434 -0.02617 -0.08478 0.9522 0.27368 0.02271 0.13378
/seq_01/frame_00451.png /seq_01/frame_00475.png 0.10434 -0.02617 -0.08478 0.9522 0.27368 0.02271 0.13378
/seq_01/frame_00451.png /seq_01/frame_00476.png 0.1067 -0.05144 -0.09079 0.947 0.28603 0.03449 0.14208
/seq_01/frame_00451.png /seq_01/frame_00477.png 0.10604 -0.08117 -0.08981 0.94489 0.29194 0.04401 0.14151
/seq_01/frame_00451.png /seq_01/frame_00478.png 0.10768 -0.09731 -0.08797 0.94293 0.2995 0.04329 0.13893
/seq_01/frame_00451.png /seq_01/frame_00479.png 0.11099 -0.11496 -0.087 0.94162 0.30464 0.04219 0.13699
/seq_01/frame_00451.png /seq_01/frame_00480.png 0.11519 -0.13629 -0.08332 0.94029 0.31138 0.04116 0.13115
/seq_01/frame_00451.png /seq_01/frame_00481.png 0.12006 -0.15693 -0.08096 0.93943 0.31478 0.03955 0.12969
/seq_01/frame_00451.png /seq_01/frame_00482.png 0.12444 -0.17732 -0.07969 0.93915 0.31637 0.03956 0.12781
/seq_01/frame_00451.png /seq_01/frame_00483.png 0.12444 -0.17732 -0.07969 0.93915 0.31637 0.03956 0.12781
/seq_01/frame_00451.png /seq_01/frame_00484.png 0.13934 -0.211 -0.06866 0.9404 0.32294 0.03874 0.09931
/seq_01/frame_00451.png /seq_01/frame_00485.png 0.14335 -0.21186 -0.06612 0.94113 0.3232 0.03519 0.09266
/seq_01/frame_00451.png /seq_01/frame_00486.png 0.14381 -0.19094 -0.06268 0.94454 0.31647 0.02018 0.08538
/seq_01/frame_00451.png /seq_01/frame_00487.png 0.14204 -0.16906 -0.05967 0.94783 0.30768 0.01793 0.08145
/seq_01/frame_00451.png /seq_01/frame_00488.png 0.14085 -0.13872 -0.05551 0.94833 0.30802 0.01651 0.07432
/seq_01/frame_00451.png /seq_01/frame_00489.png 0.13852 -0.10285 -0.05075 0.94851 0.309 0.0117 0.06867
/seq_01/frame_00451.png /seq_01/frame_00490.png 0.13693 -0.06228 -0.04546 0.94993 0.30598 0.00893 0.06264
/seq_01/frame_00451.png /seq_01/frame_00491.png 0.12533 0.01745 -0.04125 0.95341 0.29601 0.00733 0.05771
/seq_01/frame_00451.png /seq_01/frame_00492.png 0.11585 0.05414 -0.04211 0.95703 0.28456 0.00676 0.05546
/seq_01/frame_00451.png /seq_01/frame_00493.png 0.10629 0.09156 -0.04374 0.96052 0.27321 0.0069 0.05211
/seq_01/frame_00451.png /seq_01/frame_00494.png 0.10078 0.12263 -0.04515 0.96296 0.26506 0.01003 0.04856
/seq_01/frame_00451.png /seq_01/frame_00495.png 0.11125 0.18053 -0.04686 0.96868 0.24248 0.01314 0.05196
/seq_01/frame_00451.png /seq_01/frame_00496.png 0.13141 0.21847 -0.04498 0.9725 0.2277 0.01357 0.04698
/seq_01/frame_00451.png /seq_01/frame_00497.png 0.16266 0.26128 -0.0403 0.97672 0.20931 0.0085 0.04622
/seq_01/frame_00451.png /seq_01/frame_00498.png 0.19873 0.30272 -0.03292 0.98095 0.18892 0.00497 0.04498
/seq_01/frame_00451.png /seq_01/frame_00499.png 0.26702 0.36833 -0.01775 0.98774 0.15385 0.00219 0.0263
/seq_01/frame_00451.png /seq_01/frame_00500.png 0.29004 0.39482 -0.01675 0.99053 0.13514 -4e-05 0.02412
/seq_01/frame_00501.png /seq_01/frame_00502.png 0.0 0.0 0.0 1.0 0.0 0.0 0.0
/seq_01/frame_00501.png /seq_01/frame_00503.png 0.0111 0.0363 0.00076 0.99955 -0.02981 0.00095 0.00092
/seq_01/frame_00501.png /seq_01/frame_00504.png 0.00681 0.11054 0.00748 0.99861 -0.05156 -0.00453 -0.00979
/seq_01/frame_00501.png /seq_01/frame_00505.png 0.00285 0.1562 0.01525 0.99774 -0.06314 -0.00628 -0.02203
/seq_01/frame_00501.png /seq_01/frame_00506.png 0.00105 0.19885 0.02445 0.99688 -0.06941 -0.00379 -0.03747
/seq_01/frame_00501.png /seq_01/frame_00507.png 0.00218 0.23728 0.0289 0.99623 -0.07257 -0.0 -0.04761
/seq_01/frame_00501.png /seq_01/frame_00508.png 0.00251 0.27369 0.03215 0.99595 -0.06789 -0.00136 -0.05889
/seq_01/frame_00501.png /seq_01/frame_00509.png 0.00022 0.32967 0.03548 0.99489 -0.06094 -0.00351 -0.08044
/seq_01/frame_00501.png /seq_01/frame_00510.png -0.00281 0.35135 0.03473 0.99482 -0.05872 -0.00451 -0.08284
/seq_01/frame_00501.png /seq_01/frame_00511.png -0.00646 0.36995 0.03513 0.99439 -0.0634 -0.00505 -0.08449
/seq_01/frame_00501.png /seq_01/frame_00512.png -0.00646 0.36995 0.03513 0.99439 -0.0634 -0.00505 -0.08449
/seq_01/frame_00501.png /seq_01/frame_00513.png 0.02981 0.46308 0.04232 0.99274 -0.08769 -0.00345 -0.08228
/seq_01/frame_00501.png /seq_01/frame_00514.png 0.05205 0.51236 0.04642 0.9915 -0.10188 -0.00617 -0.08074
/seq_01/frame_00501.png /seq_01/frame_00515.png 0.07349 0.56141 0.05108 0.98962 -0.11949 -0.0089 -0.07939
/seq_01/frame_00501.png /seq_01/frame_00516.png 0.09436 0.60385 0.05142 0.98816 -0.1324 -0.00982 -0.07688
/seq_01/frame_00501.png /seq_01/frame_00517.png 0.12066 0.66241 0.04414 0.98362 -0.16846 -0.00981 -0.06339
/seq_01/frame_00501.png /seq_01/frame_00518.png 0.1233 0.68682 0.03959 0.981 -0.18524 -0.00477 -0.05739
/seq_01/frame_00501.png /seq_01/frame_00519.png 0.11863 0.71708 0.03611 0.97941 -0.19464 -0.00498 -0.05339
/seq_01/frame_00501.png /seq_01/frame_00520.png 0.10805 0.75518 0.03455 0.97775 -0.20301 -0.00686 -0.05232
/seq_01/frame_00501.png /seq_01/frame_00521.png 0.10805 0.75518 0.03455 0.97775 -0.20301 -0.00686 -0.05232
/seq_01/frame_00501.png /seq_01/frame_00522.png 0.06058 0.87755 0.03584 0.97065 -0.23366 -0.0074 -0.05641
/seq_01/frame_00501.png /seq_01/frame_00523.png 0.04352 0.91484 0.03158 0.96861 -0.24215 -0.00343 -0.05605
/seq_01/frame_00501.png /seq_01/frame_00524.png 0.04352 0.91484 0.03158 0.96861 -0.24215 -0.00343 -0.05605
/seq_01/frame_00501.png /seq_01/frame_00525.png 0.02826 0.97313 0.02678 0.96334 -0.2637 0.00457 -0.04916
/seq_01/frame_00501.png /seq_01/frame_00526.png 0.03428 1.04424 0.02874 0.94966 -0.30982 0.01003 -0.04531
/seq_01/frame_00501.png /seq_01/frame_00527.png 0.04984 1.08351 0.0337 0.94113 -0.33493 0.01088 -0.04451
/seq_01/frame_00501.png /seq_01/frame_00528.png 0.06868 1.11957 0.04005 0.93376 -0.35457 0.0083 -0.04802
/seq_01/frame_00501.png /seq_01/frame_00529.png 0.08842 1.15304 0.0431 0.92374 -0.37976 0.01156 -0.04851
/seq_01/frame_00501.png /seq_01/frame_00530.png 0.10548 1.1824 0.04225 0.91302 -0.40504 0.01152 -0.04696
/seq_01/frame_00501.png /seq_01/frame_00531.png 0.1359 1.22306 0.03895 0.885 -0.46293 0.01443 -0.04765
/seq_01/frame_00501.png /seq_01/frame_00532.png 0.14336 1.23545 0.0367 0.87118 -0.48838 0.01735 -0.04716
/seq_01/frame_00501.png /seq_01/frame_00533.png 0.1433 1.24891 0.03464 0.86082 -0.50628 0.0248 -0.04527
/seq_01/frame_00501.png /seq_01/frame_00534.png 0.13291 1.26751 0.03016 0.85224 -0.52105 0.0293 -0.03647
/seq_01/frame_00501.png /seq_01/frame_00535.png 0.08735 1.31692 0.03029 0.83181 -0.5529 0.02027 -0.04449
/seq_01/frame_00501.png /seq_01/frame_00536.png 0.08735 1.31692 0.03029 0.83181 -0.5529 0.02027 -0.04449
/seq_01/frame_00501.png /seq_01/frame_00537.png 0.03141 1.37456 0.03448 0.80493 -0.59048 0.02671 -0.05208
/seq_01/frame_00501.png /seq_01/frame_00538.png 0.00589 1.40144 0.03694 0.79769 -0.59983 0.02809 -0.05571
/seq_01/frame_00501.png /seq_01/frame_00539.png -0.03177 1.43495 0.03568 0.77959 -0.62299 0.03539 -0.05364
/seq_01/frame_00501.png /seq_01/frame_00540.png -0.04377 1.44811 0.03462 0.76482 -0.64102 0.03849 -0.05165
/seq_01/frame_00501.png /seq_01/frame_00541.png -0.05402 1.46695 0.03387 0.74868 -0.65997 0.03903 -0.0489
/seq_01/frame_00501.png /seq_01/frame_00542.png -0.06427 1.49406 0.03544 0.72792 -0.6829 0.0378 -0.04843
/seq_01/frame_00501.png /seq_01/frame_00543.png -0.07507 1.52534 0.03827 -0.7044 0.70745 -0.03603 0.04516
/seq_01/frame_00501.png /seq_01/frame_00544.png -0.07507 1.52534 0.03827 -0.7044 0.70745 -0.03603 0.04516
/seq_01/frame_00501.png /seq_01/frame_00545.png -0.07507 1.52534 0.03827 -0.7044 0.70745 -0.03603 0.04516
/seq_01/frame_00501.png /seq_01/frame_00546.png -0.07507 1.52534 0.03827 -0.7044 0.70745 -0.03603 0.04516
/seq_01/frame_00501.png /seq_01/frame_00547.png -0.10212 1.6749 0.02902 -0.62362 0.78137 -0.01482 0.01848
/seq_01/frame_00501.png /seq_01/frame_00548.png -0.10243 1.70616 0.02517 -0.58969 0.80739 -0.01591 0.01147
/seq_01/frame_00501.png /seq_01/frame_00549.png -0.1155 1.71129 0.02302 -0.57423 0.81848 -0.01591 0.00976
/seq_01/frame_00501.png /seq_01/frame_00550.png -0.13142 1.7128 0.02089 -0.55232 0.83329 -0.02183 0.00964
/seq_01/frame_00551.png /seq_01/frame_00552.png -0.02791 0.00935 -0.001 0.9998 -0.01836 0.00125 -0.00837
/seq_01/frame_00551.png /seq_01/frame_00553.png -0.08735 0.02807 2e-05 0.99778 -0.06456 0.00221 -0.01605
/seq_01/frame_00551.png /seq_01/frame_00554.png -0.1124 0.03676 0.00099 0.99467 -0.10183 0.00669 -0.01467
/seq_01/frame_00551.png /seq_01/frame_00555.png -0.12723 0.0461 0.00406 0.9915 -0.1287 0.01583 -0.01053
/seq_01/frame_00551.png /seq_01/frame_00556.png -0.12889 0.04956 0.00841 0.98764 -0.15513 0.022 -0.00403
/seq_01/frame_00551.png /seq_01/frame_00557.png -0.12499 0.05467 0.01257 0.97369 -0.22624 0.02696 0.00287
/seq_01/frame_00551.png /seq_01/frame_00558.png -0.12347 0.06529 0.01578 0.96522 -0.26002 0.02708 0.00392
/seq_01/frame_00551.png /seq_01/frame_00559.png -0.1226 0.08386 0.01909 0.95779 -0.28637 0.02502 0.0033
/seq_01/frame_00551.png /seq_01/frame_00560.png -0.11934 0.10849 0.01973 0.95046 -0.3099 0.02406 0.00377
/seq_01/frame_00551.png /seq_01/frame_00561.png -0.11934 0.10849 0.01973 0.95046 -0.3099 0.02406 0.00377
/seq_01/frame_00551.png /seq_01/frame_00562.png -0.09774 0.18701 0.01046 0.92962 -0.36796 0.01934 0.00617
/seq_01/frame_00551.png /seq_01/frame_00563.png -0.08635 0.21075 0.0077 0.92066 -0.39002 0.01545 0.00644
/seq_01/frame_00551.png /seq_01/frame_00564.png -0.08635 0.21075 0.0077 0.92066 -0.39002 0.01545 0.00644
/seq_01/frame_00551.png /seq_01/frame_00565.png -0.06884 0.24433 0.00762 0.90613 -0.42265 0.01534 0.00774
/seq_01/frame_00551.png /seq_01/frame_00566.png -0.04682 0.2602 0.0087 0.89282 -0.4502 0.00675 0.01189
/seq_01/frame_00551.png /seq_01/frame_00567.png -0.04682 0.2602 0.0087 0.89282 -0.4502 0.00675 0.01189
/seq_01/frame_00551.png /seq_01/frame_00568.png -0.02072 0.28351 0.00814 0.88818 -0.45948 -0.0024 0.00402
/seq_01/frame_00551.png /seq_01/frame_00569.png -0.0081 0.3087 0.00796 0.8899 -0.45614 -0.00397 0.00049
/seq_01/frame_00551.png /seq_01/frame_00570.png 0.02417 0.36293 0.00489 0.88185 -0.47142 -0.00544 -0.00902
/seq_01/frame_00551.png /seq_01/frame_00571.png 0.03967 0.39094 -0.00056 0.8759 -0.48228 -0.00836 -0.01162
/seq_01/frame_00551.png /seq_01/frame_00572.png 0.0522 0.42031 -0.00842 0.8732 -0.48682 -0.01549 -0.01665
/seq_01/frame_00551.png /seq_01/frame_00573.png 0.06003 0.45207 -0.01144 0.87233 -0.48815 -0.01967 -0.019
/seq_01/frame_00551.png /seq_01/frame_00574.png 0.06586 0.48386 -0.01067 0.86827 -0.49536 -0.01712 -0.02067
/seq_01/frame_00551.png /seq_01/frame_00575.png 0.0557 0.54837 -0.01089 0.86219 -0.50563 -0.02452 -0.01931
/seq_01/frame_00551.png /seq_01/frame_00576.png 0.04092 0.58481 -0.01107 0.85116 -0.52409 -0.02119 -0.02031
/seq_01/frame_00551.png /seq_01/frame_00577.png 0.0195 0.63362 -0.0089 0.83647 -0.54707 -0.02178 -0.02362
/seq_01/frame_00551.png /seq_01/frame_00578.png 0.0195 0.63362 -0.0089 0.83647 -0.54707 -0.02178 -0.02362
/seq_01/frame_00551.png /seq_01/frame_00579.png -0.02544 0.76695 -0.00595 0.81247 -0.58261 -0.01661 -0.01396
/seq_01/frame_00551.png /seq_01/frame_00580.png -0.02762 0.79052 -0.00779 0.80519 -0.59234 -0.02376 -0.01533
/seq_01/frame_00551.png /seq_01/frame_00581.png -0.02418 0.81615 -0.00702 0.80091 -0.59821 -0.02363 -0.01129
/seq_01/frame_00551.png /seq_01/frame_00582.png -0.02075 0.84478 -0.0097 0.79498 -0.60595 -0.02453 -0.01503
/seq_01/frame_00551.png /seq_01/frame_00583.png -0.01606 0.87482 -0.01715 0.7855 -0.61793 -0.02682 -0.02097
/seq_01/frame_00551.png /seq_01/frame_00584.png -0.01315 0.90364 -0.01862 0.77396 -0.63205 -0.03216 -0.02142
/seq_01/frame_00551.png /seq_01/frame_00585.png -0.01315 0.90364 -0.01862 0.77396 -0.63205 -0.03216 -0.02142
/seq_01/frame_00551.png /seq_01/frame_00586.png -0.01315 0.90364 -0.01862 0.77396 -0.63205 -0.03216 -0.02142
/seq_01/frame_00551.png /seq_01/frame_00587.png -0.01315 0.90364 -0.01862 0.77396 -0.63205 -0.03216 -0.02142
/seq_01/frame_00551.png /seq_01/frame_00588.png 0.02797 1.09384 0.00336 0.72575 -0.68795 -0.00337 -0.00129
/seq_01/frame_00551.png /seq_01/frame_00589.png 0.02968 1.10642 0.00106 0.71355 -0.70061 -0.00165 0.00082
/seq_01/frame_00551.png /seq_01/frame_00590.png 0.02996 1.11539 -0.00153 -0.70153 0.71264 -0.00054 -0.00067
/seq_01/frame_00551.png /seq_01/frame_00591.png 0.02961 1.11899 -0.00238 -0.69439 0.7196 0.00032 -0.00022
/seq_01/frame_00551.png /seq_01/frame_00592.png 0.03094 1.12132 -0.00174 -0.68771 0.72598 1e-05 -0.00256
/seq_01/frame_00551.png /seq_01/frame_00593.png 0.03703 1.12228 -0.00192 -0.67259 0.74002 0.00054 -0.00073
/seq_01/frame_00551.png /seq_01/frame_00594.png 0.04063 1.11852 -0.00216 -0.66484 0.74698 0.00251 -0.00031
/seq_01/frame_00551.png /seq_01/frame_00595.png 0.04099 1.11361 -0.00213 -0.66263 0.74894 0.00329 -0.00071
/seq_01/frame_00551.png /seq_01/frame_00596.png 0.04099 1.11361 -0.00213 -0.66263 0.74894 0.00329 -0.00071
/seq_01/frame_00551.png /seq_01/frame_00597.png 0.04967 1.08876 -0.00103 -0.65422 0.75628 0.005 -0.00344
/seq_01/frame_00551.png /seq_01/frame_00598.png 0.04967 1.08876 -0.00103 -0.65422 0.75628 0.005 -0.00344
/seq_01/frame_00551.png /seq_01/frame_00599.png 0.07127 1.07703 0.00303 -0.64341 0.76544 0.00093 -0.01146
/seq_01/frame_00551.png /seq_01/frame_00600.png 0.08416 1.06888 0.007 -0.63787 0.76995 -0.00318 -0.01696
/seq_01/frame_00601.png /seq_01/frame_00602.png 0.01313 -0.02326 0.00431 0.99984 -0.01763 -0.00066 0.0031
/seq_01/frame_00601.png /seq_01/frame_00603.png 0.02563 -0.05412 0.00949 0.99929 -0.03745 -0.00206 0.00308
/seq_01/frame_00601.png /seq_01/frame_00604.png 0.0303 -0.08772 0.01883 0.99876 -0.04858 -0.00556 0.00945
/seq_01/frame_00601.png /seq_01/frame_00605.png 0.02856 -0.10861 0.02826 0.99823 -0.05674 -0.00746 0.01614
/seq_01/frame_00601.png /seq_01/frame_00606.png 0.03955 -0.14086 0.03093 0.99747 -0.06751 -0.0123 0.01875
/seq_01/frame_00601.png /seq_01/frame_00607.png 0.06079 -0.17574 0.03996 0.99477 -0.0974 -0.01507 0.02697
/seq_01/frame_00601.png /seq_01/frame_00608.png 0.06079 -0.17574 0.03996 0.99477 -0.0974 -0.01507 0.02697
/seq_01/frame_00601.png /seq_01/frame_00609.png 0.0819 -0.1877 0.04097 0.9915 -0.12543 -0.00991 0.033
/seq_01/frame_00601.png /seq_01/frame_00610.png 0.10676 -0.17744 0.03735 0.98559 -0.16665 -0.00811 0.02786
/seq_01/frame_00601.png /seq_01/frame_00611.png 0.10676 -0.17744 0.03735 0.98559 -0.16665 -0.00811 0.02786
/seq_01/frame_00601.png /seq_01/frame_00612.png 0.14126 -0.15701 0.03619 0.98292 -0.18215 -0.00714 0.02539
/seq_01/frame_00601.png /seq_01/frame_00613.png 0.16983 -0.14014 0.03629 0.98175 -0.18844 -0.00635 0.02492
/seq_01/frame_00601.png /seq_01/frame_00614.png 0.16983 -0.14014 0.03629 0.98175 -0.18844 -0.00635 0.02492
/seq_01/frame_00601.png /seq_01/frame_00615.png 0.24831 -0.09545 0.03987 0.98332 -0.1794 -0.00799 0.02894
/seq_01/frame_00601.png /seq_01/frame_00616.png 0.33502 -0.04239 0.03191 0.98175 -0.18749 -0.00956 0.0303
/seq_01/frame_00601.png /seq_01/frame_00617.png 0.33502 -0.04239 0.03191 0.98175 -0.18749 -0.00956 0.0303
/seq_01/frame_00601.png /seq_01/frame_00618.png 0.41486 0.00285 0.02297 0.97262 -0.23033 -0.01905 0.02444
/seq_01/frame_00601.png /seq_01/frame_00619.png 0.48453 0.02484 0.02095 0.9576 -0.28675 -0.01315 0.02464
/seq_01/frame_00601.png /seq_01/frame_00620.png 0.52662 0.03088 0.01818 0.94972 -0.31211 -0.00879 0.0231
/seq_01/frame_00601.png /seq_01/frame_00621.png 0.57836 0.03303 0.0169 0.94278 -0.33287 -0.00474 0.01843
/seq_01/frame_00601.png /seq_01/frame_00622.png 0.57836 0.03303 0.0169 0.94278 -0.33287 -0.00474 0.01843
/seq_01/frame_00601.png /seq_01/frame_00623.png 0.68798 0.03643 0.02114 0.93402 -0.35707 -0.00767 0.00685
/seq_01/frame_00601.png /seq_01/frame_00624.png 0.73486 0.03929 0.02103 0.93042 -0.36625 -0.01347 -0.00069
/seq_01/frame_00601.png /seq_01/frame_00625.png 0.80389 0.05751 0.02211 0.92464 -0.38068 -0.01084 0.00274
/seq_01/frame_00601.png /seq_01/frame_00626.png 0.82051 0.06373 0.0207 0.92212 -0.38675 -0.01078 0.00194
/seq_01/frame_00601.png /seq_01/frame_00627.png 0.84549 0.07267 0.01723 0.91791 -0.39674 0.00021 -0.00638
/seq_01/frame_00601.png /seq_01/frame_00628.png 0.9115 0.09621 0.01369 0.92225 -0.38568 0.01753 -0.02017
/seq_01/frame_00601.png /seq_01/frame_00629.png 0.95492 0.11822 0.01186 0.93233 -0.36049 0.01374 -0.02472
/seq_01/frame_00601.png /seq_01/frame_00630.png 1.00016 0.14542 0.00899 0.94004 -0.3397 0.01338 -0.02728
/seq_01/frame_00601.png /seq_01/frame_00631.png 1.04054 0.16719 0.004 0.94561 -0.32324 0.01943 -0.03096
/seq_01/frame_00601.png /seq_01/frame_00632.png 1.09824 0.21069 -0.00525 0.95182 -0.30423 0.02513 -0.02904
/seq_01/frame_00601.png /seq_01/frame_00633.png 1.12188 0.2255 -0.00787 0.95119 -0.30579 0.02714 -0.03146
/seq_01/frame_00601.png /seq_01/frame_00634.png 1.15085 0.23225 -0.00691 0.95048 -0.30772 0.02773 -0.0335
/seq_01/frame_00601.png /seq_01/frame_00635.png 1.18769 0.24013 -0.00472 0.9501 -0.30962 0.0246 -0.02896
/seq_01/frame_00601.png /seq_01/frame_00636.png 1.23281 0.24156 -0.00607 0.95064 -0.30774 0.02587 -0.03018
/seq_01/frame_00601.png /seq_01/frame_00637.png 1.33999 0.24534 -0.00711 0.95378 -0.29772 0.02601 -0.03135
/seq_01/frame_00601.png /seq_01/frame_00638.png 1.38219 0.24508 -0.0029 0.95445 -0.2959 0.02087 -0.03215
/seq_01/frame_00601.png /seq_01/frame_00639.png 1.41055 0.24064 -0.00244 0.95676 -0.28787 0.02081 -0.03611
/seq_01/frame_00601.png /seq_01/frame_00640.png 1.44031 0.24391 -0.0043 0.96015 -0.27612 0.02607 -0.03442
/seq_01/frame_00601.png /seq_01/frame_00641.png 1.5181 0.26296 -0.00947 0.96836 -0.24292 0.03765 -0.04297
/seq_01/frame_00601.png /seq_01/frame_00642.png 1.56873 0.28072 -0.01094 0.9729 -0.22207 0.03865 -0.05149
/seq_01/frame_00601.png /seq_01/frame_00643.png 1.61609 0.30189 -0.00886 0.97555 -0.20777 0.03848 -0.06043
/seq_01/frame_00601.png /seq_01/frame_00644.png 1.65512 0.32797 -0.00623 0.97817 -0.19433 0.03921 -0.06235
/seq_01/frame_00601.png /seq_01/frame_00645.png 1.65512 0.32797 -0.00623 0.97817 -0.19433 0.03921 -0.06235
/seq_01/frame_00601.png /seq_01/frame_00646.png 1.73654 0.39895 -0.01192 0.98404 -0.15824 0.04482 -0.068
/seq_01/frame_00601.png /seq_01/frame_00647.png 1.75556 0.41844 -0.0133 0.98642 -0.14339 0.04094 -0.0688
/seq_01/frame_00601.png /seq_01/frame_00648.png 1.75556 0.41844 -0.0133 0.98642 -0.14339 0.04094 -0.0688
/seq_01/frame_00601.png /seq_01/frame_00649.png 1.75556 0.41844 -0.0133 0.98642 -0.14339 0.04094 -0.0688
/seq_01/frame_00601.png /seq_01/frame_00650.png 1.75556 0.41844 -0.0133 0.98642 -0.14339 0.04094 -0.0688
/seq_01/frame_00651.png /seq_01/frame_00652.png 0.0 0.0 0.0 1.0 0.0 0.0 0.0
/seq_01/frame_00651.png /seq_01/frame_00653.png 0.04165 -0.03664 0.00671 0.99981 0.01899 -0.00406 0.0014
/seq_01/frame_00651.png /seq_01/frame_00654.png 0.04165 -0.03664 0.00671 0.99981 0.01899 -0.00406 0.0014
/seq_01/frame_00651.png /seq_01/frame_00655.png 0.06666 -0.06465 0.00684 0.99899 0.04475 -0.0029 0.00135
/seq_01/frame_00651.png /seq_01/frame_00656.png 0.08725 -0.08543 0.01095 0.99841 0.05623 -0.00399 0.00164
/seq_01/frame_00651.png /seq_01/frame_00657.png 0.08725 -0.08543 0.01095 0.99841 0.05623 -0.00399 0.00164
/seq_01/frame_00651.png /seq_01/frame_00658.png 0.10408 -0.10671 0.0125 0.99785 0.06529 -0.0047 0.00305
/seq_01/frame_00651.png /seq_01/frame_00659.png 0.12166 -0.113 0.00863 0.99692 0.07764 0.00977 -0.00414
/seq_01/frame_00651.png /seq_01/frame_00660.png 0.13967 -0.10748 0.01124 0.9957 0.09198 0.01122 -0.00215
/seq_01/frame_00651.png /seq_01/frame_00661.png 0.16759 -0.10164 0.01268 0.99468 0.10205 0.01208 -0.00685
/seq_01/frame_00651.png /seq_01/frame_00662.png 0.16759 -0.10164 0.01268 0.99468 0.10205 0.01208 -0.00685
/seq_01/frame_00651.png /seq_01/frame_00663.png 0.2099 -0.07948 0.01647 0.99214 0.12418 0.01432 -0.00563
/seq_01/frame_00651.png /seq_01/frame_00664.png 0.24237 -0.05936 0.01559 0.98969 0.14235 0.0149 -0.00538
/seq_01/frame_00651.png /seq_01/frame_00665.png 0.24237 -0.05936 0.01559 0.98969 0.14235 0.0149 -0.00538
/seq_01/frame_00651.png /seq_01/frame_00666.png 0.27348 -0.03959 0.0057 0.98723 0.15785 0.01913 -0.00985
/seq_01/frame_00651.png /seq_01/frame_00667.png 0.27348 -0.03959 0.0057 0.98723 0.15785 0.01913 -0.00985
/seq_01/frame_00651.png /seq_01/frame_00668.png 0.29569 -0.02495 -0.00407 0.98428 0.17361 0.02874 -0.01482
/seq_01/frame_00651.png /seq_01/frame_00669.png 0.31202 -0.02035 -0.00735 0.98072 0.19102 0.03662 -0.0187
/seq_01/frame_00651.png /seq_01/frame_00670.png 0.31202 -0.02035 -0.00735 0.98072 0.19102 0.03662 -0.0187
/seq_01/frame_00651.png /seq_01/frame_00671.png 0.30898 -0.0285 -0.01658 0.97451 0.21766 0.04431 -0.03143
/seq_01/frame_00651.png /seq_01/frame_00672.png 0.29826 -0.03229 -0.01798 0.9694 0.2384 0.04775 -0.03379
/seq_01/frame_00651.png /seq_01/frame_00673.png 0.29166 -0.03443 -0.02001 0.96725 0.24618 0.04941 -0.03717
/seq_01/frame_00651.png /seq_01/frame_00674.png 0.29166 -0.03443 -0.02001 0.96725 0.24618 0.04941 -0.03717
/seq_01/frame_00651.png /seq_01/frame_00675.png 0.27731 -0.03996 -0.02485 0.96103 0.26645 0.05638 -0.04751
/seq_01/frame_00651.png /seq_01/frame_00676.png 0.27731 -0.03996 -0.02485 0.96103 0.26645 0.05638 -0.04751
/seq_01/frame_00651.png /seq_01/frame_00677.png 0.2544 -0.04142 -0.0252 0.95772 0.27791 0.05497 -0.05008
/seq_01/frame_00651.png /seq_01/frame_00678.png 0.22065 -0.02764 -0.02122 0.95672 0.28303 0.04935 -0.04624
/seq_01/frame_00651.png /seq_01/frame_00679.png 0.19858 -0.0133 -0.02225 0.95758 0.27997 0.04526 -0.05103
/seq_01/frame_00651.png /seq_01/frame_00680.png 0.19858 -0.0133 -0.02225 0.95758 0.27997 0.04526 -0.05103
/seq_01/frame_00651.png /seq_01/frame_00681.png 0.15431 0.04008 -0.02001 0.95611 0.28436 0.04684 -0.05287
/seq_01/frame_00651.png /seq_01/frame_00682.png 0.11947 0.11101 -0.02072 0.95588 0.28417 0.04489 -0.05944
/seq_01/frame_00651.png /seq_01/frame_00683.png 0.10867 0.13985 -0.02102 0.95559 0.28494 0.04219 -0.06233
/seq_01/frame_00651.png /seq_01/frame_00684.png 0.10867 0.13985 -0.02102 0.95559 0.28494 0.04219 -0.06233
/seq_01/frame_00651.png /seq_01/frame_00685.png 0.10612 0.17845 -0.01134 0.95437 0.29125 0.03364 -0.05675
/seq_01/frame_00651.png /seq_01/frame_00686.png 0.14987 0.19796 -0.00431 0.94777 0.31387 0.02809 -0.04928
/seq_01/frame_00651.png /seq_01/frame_00687.png 0.14987 0.19796 -0.00431 0.94777 0.31387 0.02809 -0.04928
/seq_01/frame_00651.png /seq_01/frame_00688.png 0.14987 0.19796 -0.00431 0.94777 0.31387 0.02809 -0.04928
/seq_01/frame_00651.png /seq_01/frame_00689.png 0.2498 0.25946 0.00596 0.93173 0.36072 0.02152 -0.03605
/seq_01/frame_00651.png /seq_01/frame_00690.png 0.2498 0.25946 0.00596 0.93173 0.36072 0.02152 -0.03605
/seq_01/frame_00651.png /seq_01/frame_00691.png 0.2498 0.25946 0.00596 0.93173 0.36072 0.02152 -0.03605
/seq_01/frame_00651.png /seq_01/frame_00692.png 0.30125 0.3293 -0.00169 0.91113 0.41094 0.01723 -0.02586
/seq_01/frame_00651.png /seq_01/frame_00693.png 0.30125 0.3293 -0.00169 0.91113 0.41094 0.01723 -0.02586
/seq_01/frame_00651.png /seq_01/frame_00694.png 0.29548 0.36336 -0.00027 0.90902 0.41598 0.01835 -0.01745
/seq_01/frame_00651.png /seq_01/frame_00695.png 0.28827 0.42543 0.00139 0.90346 0.42825 0.00877 -0.01703
/seq_01/frame_00651.png /seq_01/frame_00696.png 0.29614 0.46368 0.00329 0.90111 0.43339 0.00617 -0.01205
/seq_01/frame_00651.png /seq_01/frame_00697.png 0.29614 0.46368 0.00329 0.90111 0.43339 0.00617 -0.01205
/seq_01/frame_00651.png /seq_01/frame_00698.png 0.32204 0.53636 0.01092 0.89468 0.44666 0.00697 0.00029
/seq_01/frame_00651.png /seq_01/frame_00699.png 0.32204 0.53636 0.01092 0.89468 0.44666 0.00697 0.00029
/seq_01/frame_00651.png /seq_01/frame_00700.png 0.3689 0.60764 0.03608 0.89132 0.45242 0.00336 0.02919
/seq_01/frame_00701.png /seq_01/frame_00702.png 0.05081 0.00978 0.00492 0.9991 0.04108 -0.00485 0.00976
/seq_01/frame_00701.png /seq_01/frame_00703.png 0.05081 0.00978 0.00492 0.9991 0.04108 -0.00485 0.00976
/seq_01/frame_00701.png /seq_01/frame_00704.png 0.22145 0.00113 0.00172 0.99281 0.11654 -0.01287 0.02409
/seq_01/frame_00701.png /seq_01/frame_00705.png 0.26843 0.00709 -0.00322 0.9901 0.13864 -0.01085 0.01895
/seq_01/frame_00701.png /seq_01/frame_00706.png 0.26843 0.00709 -0.00322 0.9901 0.13864 -0.01085 0.01895
/seq_01/frame_00701.png /seq_01/frame_00707.png 0.30137 0.03863 -0.01161 0.98811 0.15312 -0.00277 0.01356
/seq_01/frame_00701.png /seq_01/frame_00708.png 0.29793 0.07127 -0.00841 0.98717 0.1591 -0.0012 0.0136
/seq_01/frame_00701.png /seq_01/frame_00709.png 0.28754 0.18211 -0.00776 0.98795 0.15477 -0.00139 0.00306
/seq_01/frame_00701.png /seq_01/frame_00710.png 0.28754 0.18211 -0.00776 0.98795 0.15477 -0.00139 0.00306
/seq_01/frame_00701.png /seq_01/frame_00711.png 0.28342 0.30715 -0.006 0.98952 0.14405 0.00854 0.00491
/seq_01/frame_00701.png /seq_01/frame_00712.png 0.28551 0.35651 0.00046 0.98975 0.14224 0.00682 0.0108
/seq_01/frame_00701.png /seq_01/frame_00713.png 0.2966 0.39604 0.0044 0.98907 0.146 0.0097 0.01802
/seq_01/frame_00701.png /seq_01/frame_00714.png 0.341 0.45252 0.00616 0.9892 0.14523 0.01322 0.0149
/seq_01/frame_00701.png /seq_01/frame_00715.png 0.341 0.45252 0.00616 0.9892 0.14523 0.01322 0.0149
/seq_01/frame_00701.png /seq_01/frame_00716.png 0.39329 0.52665 0.00712 0.98807 0.15319 0.01205 0.01053
/seq_01/frame_00701.png /seq_01/frame_00717.png 0.4389 0.60031 -0.0016 0.98336 0.18116 0.01093 -0.00834
/seq_01/frame_00701.png /seq_01/frame_00718.png 0.45725 0.63101 -0.00077 0.98089 0.19409 0.01037 -0.00823
/seq_01/frame_00701.png /seq_01/frame_00719.png 0.46534 0.65621 0.00047 0.97808 0.2079 0.00896 -0.00723
/seq_01/frame_00701.png /seq_01/frame_00720.png 0.47246 0.68129 -0.00412 0.97666 0.2144 0.00485 -0.0121
/seq_01/frame_00701.png /seq_01/frame_00721.png 0.47571 0.71731 -0.00668 0.97483 0.22244 0.00137 -0.01497
/seq_01/frame_00701.png /seq_01/frame_00722.png 0.4906 0.83745 -0.00884 0.97307 0.23042 0.00266 -0.00609
/seq_01/frame_00701.png /seq_01/frame_00723.png 0.49819 0.91107 -0.01258 0.97105 0.23851 0.00205 -0.01312
/seq_01/frame_00701.png /seq_01/frame_00724.png 0.50778 0.97238 -0.01467 0.96553 0.25948 0.00503 -0.02008
/seq_01/frame_00701.png /seq_01/frame_00725.png 0.51695 1.02122 -0.01188 0.95943 0.28124 0.00835 -0.01834
/seq_01/frame_00701.png /seq_01/frame_00726.png 0.52994 1.07253 -0.00827 0.94067 0.33876 0.01298 -0.01428
/seq_01/frame_00701.png /seq_01/frame_00727.png 0.53624 1.06294 -0.0025 0.92792 0.37249 0.01231 -0.00818
/seq_01/frame_00701.png /seq_01/frame_00728.png 0.54561 1.05343 -0.00138 0.91679 0.39912 0.0113 -0.00873
/seq_01/frame_00701.png /seq_01/frame_00729.png 0.55538 1.04929 -0.00315 0.90631 0.42235 0.00958 -0.01122
/seq_01/frame_00701.png /seq_01/frame_00730.png 0.56231 1.05354 -0.00381 0.89451 0.44679 0.01125 -0.0099
/seq_01/frame_00701.png /seq_01/frame_00731.png 0.57723 1.07018 -0.00309 0.86734 0.49742 0.01546 -0.00705
/seq_01/frame_00701.png /seq_01/frame_00732.png 0.58419 1.07675 -0.00222 0.85287 0.52182 0.01782 -0.00167
/seq_01/frame_00701.png /seq_01/frame_00733.png 0.59325 1.08407 -0.00151 0.8353 0.54935 0.02179 0.00251
/seq_01/frame_00701.png /seq_01/frame_00734.png 0.60362 1.09122 -8e-05 0.81686 0.57629 0.02455 0.00488
/seq_01/frame_00701.png /seq_01/frame_00735.png 0.61816 1.09625 0.00137 0.7886 0.61411 0.02991 0.0092
/seq_01/frame_00701.png /seq_01/frame_00736.png 0.62631 1.10156 0.00319 0.77484 0.63104 0.03541 0.01221
/seq_01/frame_00701.png /seq_01/frame_00737.png 0.63574 1.10743 0.00568 0.76052 0.64786 0.04072 0.01515
/seq_01/frame_00701.png /seq_01/frame_00738.png 0.64334 1.1099 0.00766 0.74606 0.66392 0.04793 0.01746
/seq_01/frame_00701.png /seq_01/frame_00739.png 0.64559 1.1077 0.01074 0.73695 0.67332 0.05591 0.02073
/seq_01/frame_00701.png /seq_01/frame_00740.png 0.65102 1.10536 0.01696 0.7147 0.69533 0.07083 0.02662
/seq_01/frame_00701.png /seq_01/frame_00741.png 0.64768 1.10223 0.01509 0.70379 0.70554 0.07782 0.02902
/seq_01/frame_00701.png /seq_01/frame_00742.png 0.63605 1.10403 0.01126 0.69523 0.7139 0.07857 0.02878
/seq_01/frame_00701.png /seq_01/frame_00743.png 0.62302 1.10402 0.00792 0.68711 0.72196 0.0772 0.0264
/seq_01/frame_00701.png /seq_01/frame_00744.png 0.57297 1.11476 0.00721 0.66808 0.73893 0.08107 0.03276
/seq_01/frame_00701.png /seq_01/frame_00745.png 0.53843 1.1272 0.00854 0.66132 0.74433 0.08731 0.03166
/seq_01/frame_00701.png /seq_01/frame_00746.png 0.49951 1.14195 0.01076 0.65418 0.75059 0.08838 0.02921
/seq_01/frame_00701.png /seq_01/frame_00747.png 0.46338 1.16208 0.01152 0.64576 0.75802 0.08656 0.03002
/seq_01/frame_00701.png /seq_01/frame_00748.png 0.41284 1.18109 0.00248 0.64503 0.76022 0.07311 0.02567
/seq_01/frame_00701.png /seq_01/frame_00749.png 0.40481 1.17439 -0.00371 0.64102 0.76505 0.05942 0.01614
/seq_01/frame_00701.png /seq_01/frame_00750.png 0.40482 1.16004 -0.0062 0.62854 0.77631 0.04693 0.00938
/seq_01/frame_00751.png /seq_01/frame_00752.png 0.0 0.0 0.0 1.0 0.0 0.0 0.0
/seq_01/frame_00751.png /seq_01/frame_00753.png 0.0 0.0 0.0 1.0 0.0 0.0 0.0
/seq_01/frame_00751.png /seq_01/frame_00754.png 0.04088 -0.08839 -0.01689 0.99836 0.04447 -0.03373 0.01304
/seq_01/frame_00751.png /seq_01/frame_00755.png 0.05381 -0.11208 -0.02189 0.99797 0.048 -0.03822 0.01702
/seq_01/frame_00751.png /seq_01/frame_00756.png 0.06826 -0.136 -0.02805 0.99749 0.04973 -0.0442 0.02414
/seq_01/frame_00751.png /seq_01/frame_00757.png 0.10415 -0.15764 -0.03596 0.99601 0.05957 -0.05572 0.03609
/seq_01/frame_00751.png /seq_01/frame_00758.png 0.10415 -0.15764 -0.03596 0.99601 0.05957 -0.05572 0.03609
/seq_01/frame_00751.png /seq_01/frame_00759.png 0.13772 -0.12534 -0.03613 0.99708 0.0386 -0.05548 0.03556
/seq_01/frame_00751.png /seq_01/frame_00760.png 0.16049 -0.08537 -0.03937 0.9979 0.01045 -0.0575 0.02794
/seq_01/frame_00751.png /seq_01/frame_00761.png 0.18267 -0.04173 -0.04422 0.99747 -0.01517 -0.066 0.02184
/seq_01/frame_00751.png /seq_01/frame_00762.png 0.21827 0.02671 -0.04986 0.99471 -0.05347 -0.08356 0.0265
/seq_01/frame_00751.png /seq_01/frame_00763.png 0.22111 0.04779 -0.05213 0.99337 -0.06739 -0.08886 0.02807
/seq_01/frame_00751.png /seq_01/frame_00764.png 0.21301 0.06074 -0.05472 0.99218 -0.07811 -0.09256 0.03015
/seq_01/frame_00751.png /seq_01/frame_00765.png 0.19591 0.08001 -0.06037 0.99043 -0.08631 -0.104 0.02799
/seq_01/frame_00751.png /seq_01/frame_00766.png 0.14697 0.13541 -0.07321 0.98528 -0.10433 -0.13175 0.03132
/seq_01/frame_00751.png /seq_01/frame_00767.png 0.12176 0.16475 -0.08158 0.98043 -0.12832 -0.14549 0.03349
/seq_01/frame_00751.png /seq_01/frame_00768.png 0.10286 0.1921 -0.08929 0.97663 -0.14726 -0.15423 0.02687
/seq_01/frame_00751.png /seq_01/frame_00769.png 0.09173 0.22032 -0.09545 0.97261 -0.16806 -0.15906 0.02206
/seq_01/frame_00751.png /seq_01/frame_00770.png 0.08161 0.25068 -0.10087 0.96708 -0.19121 -0.16547 0.0286
/seq_01/frame_00751.png /seq_01/frame_00771.png 0.06929 0.3403 -0.10693 0.95708 -0.23458 -0.16739 0.03095
/seq_01/frame_00751.png /seq_01/frame_00772.png 0.06505 0.4038 -0.11313 0.94481 -0.27293 -0.18063 0.01454
/seq_01/frame_00751.png /seq_01/frame_00773.png 0.06877 0.47302 -0.11935 0.93345 -0.30302 -0.19191 0.00521
/seq_01/frame_00751.png /seq_01/frame_00774.png 0.07201 0.53149 -0.12034 0.92483 -0.32454 -0.19834 0.00481
/seq_01/frame_00751.png /seq_01/frame_00775.png 0.05286 0.61449 -0.12734 0.91001 -0.36088 -0.20402 0.00552
/seq_01/frame_00751.png /seq_01/frame_00776.png 0.02481 0.63647 -0.13368 0.90253 -0.37617 -0.2096 -0.00336
/seq_01/frame_00751.png /seq_01/frame_00777.png -0.01536 0.65203 -0.14017 0.89197 -0.39719 -0.21537 -0.01546
/seq_01/frame_00751.png /seq_01/frame_00778.png -0.01536 0.65203 -0.14017 0.89197 -0.39719 -0.21537 -0.01546
/seq_01/frame_00751.png /seq_01/frame_00779.png -0.12532 0.67004 -0.12916 0.86802 -0.44587 -0.21472 -0.04032
/seq_01/frame_00751.png /seq_01/frame_00780.png -0.12532 0.67004 -0.12916 0.86802 -0.44587 -0.21472 -0.04032
/seq_01/frame_00751.png /seq_01/frame_00781.png -0.18192 0.66231 -0.12868 0.86607 -0.44205 -0.22806 -0.04994
/seq_01/frame_00751.png /seq_01/frame_00782.png -0.20883 0.67185 -0.12702 0.86374 -0.44685 -0.22742 -0.05051
/seq_01/frame_00751.png /seq_01/frame_00783.png -0.24211 0.68618 -0.12888 0.8528 -0.46535 -0.23281 -0.04447
/seq_01/frame_00751.png /seq_01/frame_00784.png -0.28231 0.70284 -0.13256 0.84468 -0.47492 -0.24288 -0.04444
/seq_01/frame_00751.png /seq_01/frame_00785.png -0.372 0.74993 -0.13074 0.83743 -0.48562 -0.24595 -0.0489
/seq_01/frame_00751.png /seq_01/frame_00786.png -0.372 0.74993 -0.13074 0.83743 -0.48562 -0.24595 -0.0489
/seq_01/frame_00751.png /seq_01/frame_00787.png -0.45648 0.79641 -0.12855 0.83657 -0.49101 -0.23863 -0.0459
/seq_01/frame_00751.png /seq_01/frame_00788.png -0.49854 0.80832 -0.12952 0.84335 -0.47936 -0.23961 -0.03963
/seq_01/frame_00751.png /seq_01/frame_00789.png -0.58101 0.79631 -0.12667 0.86096 -0.44981 -0.23635 -0.02363
/seq_01/frame_00751.png /seq_01/frame_00790.png -0.58101 0.79631 -0.12667 0.86096 -0.44981 -0.23635 -0.02363
/seq_01/frame_00751.png /seq_01/frame_00791.png -0.68342 0.74843 -0.12157 0.88454 -0.40477 -0.23178 -0.00539
/seq_01/frame_00751.png /seq_01/frame_00792.png -0.73357 0.72096 -0.12112 0.89531 -0.38298 -0.22749 0.00277
/seq_01/frame_00751.png /seq_01/frame_00793.png -0.77664 0.70829 -0.12304 0.90075 -0.36988 -0.22752 0.00834
/seq_01/frame_00751.png /seq_01/frame_00794.png -0.77664 0.70829 -0.12304 0.90075 -0.36988 -0.22752 0.00834
/seq_01/frame_00751.png /seq_01/frame_00795.png -0.77664 0.70829 -0.12304 0.90075 -0.36988 -0.22752 0.00834
/seq_01/frame_00751.png /seq_01/frame_00796.png -0.99067 0.7803 -0.09695 0.90459 -0.38806 -0.17637 0.00387
/seq_01/frame_00751.png /seq_01/frame_00797.png -1.0762 0.82211 -0.07483 0.91352 -0.3819 -0.14008 0.00219
/seq_01/frame_00751.png /seq_01/frame_00798.png -1.10834 0.81791 -0.07296 0.91786 -0.37172 -0.13883 0.00884
/seq_01/frame_00751.png /seq_01/frame_00799.png -1.1512 0.80661 -0.07175 0.92424 -0.35899 -0.12949 0.01175
/seq_01/frame_00751.png /seq_01/frame_00800.png -1.20965 0.78419 -0.06689 0.93076 -0.34473 -0.12092 0.01482
/seq_01/frame_00801.png /seq_01/frame_00802.png -0.10863 -0.04021 -0.0025 0.99949 0.03069 0.00763 0.00444
/seq_01/frame_00801.png /seq_01/frame_00803.png -0.16118 -0.03764 -0.00257 0.99915 0.04 0.00966 0.00365
/seq_01/frame_00801.png /seq_01/frame_00804.png -0.22212 -0.02101 -0.00354 0.9991 0.03914 0.01468 0.00746
/seq_01/frame_00801.png /seq_01/frame_00805.png -0.29242 0.00592 0.0003 0.99939 0.03107 0.01369 0.00791
/seq_01/frame_00801.png /seq_01/frame_00806.png -0.3591 0.03288 0.0019 0.99971 0.0132 0.02017 0.00185
/seq_01/frame_00801.png /seq_01/frame_00807.png -0.45765 0.06017 -0.00016 0.99955 -0.02769 0.01123 -0.00203
/seq_01/frame_00801.png /seq_01/frame_00808.png -0.50794 0.06036 -0.00382 0.99921 -0.03939 0.00499 -0.00109
/seq_01/frame_00801.png /seq_01/frame_00809.png -0.56827 0.05039 -0.00949 0.99883 -0.04767 0.00106 -0.00801
/seq_01/frame_00801.png /seq_01/frame_00810.png -0.70498 0.01387 -0.02021 0.99617 -0.08345 -0.00544 -0.02557
/seq_01/frame_00801.png /seq_01/frame_00811.png -0.75573 -7e-05 -0.02811 0.99386 -0.10691 -0.01227 -0.02571
/seq_01/frame_00801.png /seq_01/frame_00812.png -0.79426 -0.00675 -0.03673 0.99169 -0.12356 -0.02691 -0.02356
/seq_01/frame_00801.png /seq_01/frame_00813.png -0.84506 -0.01 -0.04345 0.98851 -0.14592 -0.0304 -0.02515
/seq_01/frame_00801.png /seq_01/frame_00814.png -0.89712 -0.01094 -0.04658 0.98272 -0.17912 -0.03569 -0.02992
/seq_01/frame_00801.png /seq_01/frame_00815.png -0.99488 -0.00244 -0.04795 0.96483 -0.25174 -0.05558 -0.05138
/seq_01/frame_00801.png /seq_01/frame_00816.png -1.03281 0.00087 -0.05084 0.95346 -0.29078 -0.05624 -0.0565
/seq_01/frame_00801.png /seq_01/frame_00817.png -1.0598 -0.00679 -0.05342 0.94051 -0.32945 -0.0596 -0.05792
/seq_01/frame_00801.png /seq_01/frame_00818.png -1.0598 -0.00679 -0.05342 0.94051 -0.32945 -0.0596 -0.05792
/seq_01/frame_00801.png /seq_01/frame_00819.png -1.14565 -0.12435 -0.05229 0.90113 -0.42478 -0.05535 -0.06674
/seq_01/frame_00801.png /seq_01/frame_00820.png -1.17347 -0.17887 -0.04487 0.89223 -0.44416 -0.04449 -0.06835
/seq_01/frame_00801.png /seq_01/frame_00821.png -1.19107 -0.23153 -0.04383 0.88315 -0.46299 -0.03312 -0.06765
/seq_01/frame_00801.png /seq_01/frame_00822.png -1.19534 -0.2754 -0.04375 0.86773 -0.49139 -0.03053 -0.0681
/seq_01/frame_00801.png /seq_01/frame_00823.png -1.1991 -0.31291 -0.04201 0.85012 -0.52145 -0.02863 -0.06751
/seq_01/frame_00801.png /seq_01/frame_00824.png -1.22073 -0.3889 -0.03431 0.7993 -0.59687 -0.01771 -0.06745
/seq_01/frame_00801.png /seq_01/frame_00825.png -1.22073 -0.3889 -0.03431 0.7993 -0.59687 -0.01771 -0.06745
/seq_01/frame_00801.png /seq_01/frame_00826.png -1.27286 -0.46655 -0.015 0.75013 -0.65824 -0.00659 -0.06316
/seq_01/frame_00801.png /seq_01/frame_00827.png -1.29681 -0.49761 -0.00386 0.72194 -0.69007 0.00189 -0.05099
/seq_01/frame_00801.png /seq_01/frame_00828.png -1.31573 -0.53815 0.00609 -0.67374 0.73816 -0.00446 0.03422
/seq_01/frame_00801.png /seq_01/frame_00829.png -1.31929 -0.558 0.00783 -0.6549 0.75517 -0.00332 0.02852
/seq_01/frame_00801.png /seq_01/frame_00830.png -1.31471 -0.58272 0.00617 -0.63674 0.77054 -0.00024 0.02883
/seq_01/frame_00801.png /seq_01/frame_00831.png -1.30303 -0.61615 0.0069 -0.61435 0.78859 -0.00861 0.02486
/seq_01/frame_00801.png /seq_01/frame_00832.png -1.28834 -0.66176 0.00909 -0.59109 0.80608 -0.02056 0.02081
/seq_01/frame_00801.png /seq_01/frame_00833.png -1.25757 -0.77174 0.016 -0.56094 0.82698 -0.03391 0.01733
/seq_01/frame_00801.png /seq_01/frame_00834.png -1.24496 -0.82086 0.01976 -0.55193 0.833 -0.0385 0.00175
/seq_01/frame_00801.png /seq_01/frame_00835.png -1.24496 -0.82086 0.01976 -0.55193 0.833 -0.0385 0.00175
/seq_01/frame_00801.png /seq_01/frame_00836.png -1.23114 -0.89482 0.02947 -0.54801 0.83559 -0.03466 -0.01637
/seq_01/frame_00801.png /seq_01/frame_00837.png -1.24703 -0.97937 0.04028 -0.54556 0.83633 -0.0373 -0.03898
/seq_01/frame_00801.png /seq_01/frame_00838.png -1.26886 -1.03222 0.05037 -0.54998 0.83236 -0.04283 -0.05355
/seq_01/frame_00801.png /seq_01/frame_00839.png -1.296 -1.08767 0.05963 -0.55621 0.82769 -0.04195 -0.06165
/seq_01/frame_00801.png /seq_01/frame_00840.png -1.32238 -1.13303 0.06713 -0.5588 0.82544 -0.04158 -0.06835
/seq_01/frame_00801.png /seq_01/frame_00841.png -1.36891 -1.19778 0.08514 -0.55703 0.82531 -0.03623 -0.08525
/seq_01/frame_00801.png /seq_01/frame_00842.png -1.38049 -1.22154 0.09015 -0.56036 0.82248 -0.03591 -0.09071
/seq_01/frame_00801.png /seq_01/frame_00843.png -1.38049 -1.22154 0.09015 -0.56036 0.82248 -0.03591 -0.09071
/seq_01/frame_00801.png /seq_01/frame_00844.png -1.36472 -1.26228 0.09019 -0.57149 0.81469 -0.04425 -0.08787
/seq_01/frame_00801.png /seq_01/frame_00845.png -1.34973 -1.30034 0.08926 -0.5859 0.80404 -0.04827 -0.08898
/seq_01/frame_00801.png /seq_01/frame_00846.png -1.33428 -1.3461 0.08779 -0.60298 0.78951 -0.05679 -0.09932
/seq_01/frame_00801.png /seq_01/frame_00847.png -1.30554 -1.43142 0.0833 -0.61843 0.77497 -0.06519 -0.11276
/seq_01/frame_00801.png /seq_01/frame_00848.png -1.30554 -1.43142 0.0833 -0.61843 0.77497 -0.06519 -0.11276
/seq_01/frame_00801.png /seq_01/frame_00849.png -1.31521 -1.52189 0.07909 -0.6236 0.77107 -0.05815 -0.11485
/seq_01/frame_00801.png /seq_01/frame_00850.png -1.3394 -1.56602 0.08062 -0.61688 0.77667 -0.05543 -0.11479
/seq_01/frame_00851.png /seq_01/frame_00852.png -0.02786 -0.03083 0.00066 0.99995 -0.0073 0.00428 -0.00467
/seq_01/frame_00851.png /seq_01/frame_00853.png -0.04908 -0.06286 -0.00234 0.99977 -0.01561 0.00907 -0.01171
/seq_01/frame_00851.png /seq_01/frame_00854.png -0.06227 -0.08817 -0.01045 0.99919 -0.02675 0.01865 -0.02336
/seq_01/frame_00851.png /seq_01/frame_00855.png -0.07146 -0.14304 -0.02653 0.99739 -0.03789 0.02901 -0.05419
/seq_01/frame_00851.png /seq_01/frame_00856.png -0.07146 -0.14304 -0.02653 0.99739 -0.03789 0.02901 -0.05419
/seq_01/frame_00851.png /seq_01/frame_00857.png -0.04075 -0.20266 -0.04354 0.99528 -0.03306 0.04726 -0.07811
/seq_01/frame_00851.png /seq_01/frame_00858.png -0.04075 -0.20266 -0.04354 0.99528 -0.03306 0.04726 -0.07811
/seq_01/frame_00851.png /seq_01/frame_00859.png -0.04075 -0.20266 -0.04354 0.99528 -0.03306 0.04726 -0.07811
/seq_01/frame_00851.png /seq_01/frame_00860.png 0.09645 -0.33259 -0.0689 0.98972 -0.06304 0.07855 -0.10157
/seq_01/frame_00851.png /seq_01/frame_00861.png 0.09645 -0.33259 -0.0689 0.98972 -0.06304 0.07855 -0.10157
/seq_01/frame_00851.png /seq_01/frame_00862.png 0.14731 -0.3401 -0.08254 0.986 -0.08484 0.08904 -0.11255
/seq_01/frame_00851.png /seq_01/frame_00863.png 0.14731 -0.3401 -0.08254 0.986 -0.08484 0.08904 -0.11255
/seq_01/frame_00851.png /seq_01/frame_00864.png 0.19036 -0.32387 -0.08122 0.98195 -0.12805 0.09119 -0.10516
/seq_01/frame_00851.png /seq_01/frame_00865.png 0.20382 -0.34381 -0.08109 0.97898 -0.15454 0.08796 -0.09991
/seq_01/frame_00851.png /seq_01/frame_00866.png 0.21589 -0.37205 -0.0832 0.97511 -0.17721 0.08823 -0.09983
/seq_01/frame_00851.png /seq_01/frame_00867.png 0.22819 -0.41514 -0.08281 0.97073 -0.1987 0.08986 -0.10066
/seq_01/frame_00851.png /seq_01/frame_00868.png 0.2419 -0.4599 -0.08075 0.96652 -0.21851 0.09271 -0.09744
/seq_01/frame_00851.png /seq_01/frame_00869.png 0.2594 -0.53875 -0.07385 0.95796 -0.25528 0.09504 -0.09003
/seq_01/frame_00851.png /seq_01/frame_00870.png 0.26033 -0.57279 -0.07335 0.95489 -0.2687 0.09381 -0.08473
/seq_01/frame_00851.png /seq_01/frame_00871.png 0.25553 -0.5958 -0.07359 0.95479 -0.2732 0.08812 -0.07728
/seq_01/frame_00851.png /seq_01/frame_00872.png 0.25553 -0.5958 -0.07359 0.95479 -0.2732 0.08812 -0.07728
/seq_01/frame_00851.png /seq_01/frame_00873.png 0.23209 -0.63839 -0.07604 0.9509 -0.29106 0.08088 -0.06739
/seq_01/frame_00851.png /seq_01/frame_00874.png 0.2221 -0.63964 -0.08137 0.94879 -0.29678 0.08382 -0.06849
/seq_01/frame_00851.png /seq_01/frame_00875.png 0.21201 -0.63843 -0.08536 0.94484 -0.30899 0.08522 -0.06737
/seq_01/frame_00851.png /seq_01/frame_00876.png 0.19962 -0.63488 -0.08683 0.93895 -0.32562 0.08869 -0.06696
/seq_01/frame_00851.png /seq_01/frame_00877.png 0.18309 -0.63158 -0.08684 0.93293 -0.34236 0.08997 -0.06583
/seq_01/frame_00851.png /seq_01/frame_00878.png 0.14229 -0.62784 -0.08734 0.92558 -0.36121 0.09235 -0.06554
/seq_01/frame_00851.png /seq_01/frame_00879.png 0.14229 -0.62784 -0.08734 0.92558 -0.36121 0.09235 -0.06554
/seq_01/frame_00851.png /seq_01/frame_00880.png 0.0821 -0.62261 -0.08487 0.92275 -0.37077 0.08716 -0.05894
/seq_01/frame_00851.png /seq_01/frame_00881.png 0.05475 -0.62321 -0.08751 0.92299 -0.36913 0.08995 -0.06123
/seq_01/frame_00851.png /seq_01/frame_00882.png 0.02373 -0.62588 -0.08634 0.92257 -0.37018 0.08715 -0.06514
/seq_01/frame_00851.png /seq_01/frame_00883.png 0.00348 -0.6368 -0.08264 0.92004 -0.37475 0.08697 -0.07438
/seq_01/frame_00851.png /seq_01/frame_00884.png -0.03422 -0.70002 -0.06152 0.91602 -0.3914 0.06948 -0.05373
/seq_01/frame_00851.png /seq_01/frame_00885.png -0.05452 -0.74939 -0.05344 0.90949 -0.40917 0.06349 -0.03711
/seq_01/frame_00851.png /seq_01/frame_00886.png -0.07406 -0.79605 -0.05437 0.90162 -0.42686 0.06081 -0.03444
/seq_01/frame_00851.png /seq_01/frame_00887.png -0.11026 -0.8442 -0.05335 0.89327 -0.4454 0.05434 -0.02713
/seq_01/frame_00851.png /seq_01/frame_00888.png -0.12317 -0.84104 -0.05399 0.88553 -0.46122 0.04991 -0.02517
/seq_01/frame_00851.png /seq_01/frame_00889.png -0.14071 -0.83635 -0.05562 0.87642 -0.47837 0.04911 -0.02533
/seq_01/frame_00851.png /seq_01/frame_00890.png -0.16454 -0.831 -0.05771 0.86333 -0.50106 0.05497 -0.02399
/seq_01/frame_00851.png /seq_01/frame_00891.png -0.19351 -0.82869 -0.05815 0.85229 -0.51967 0.05568 -0.0209
/seq_01/frame_00851.png /seq_01/frame_00892.png -0.25372 -0.81606 -0.05782 0.81768 -0.57315 0.04933 -0.02149
/seq_01/frame_00851.png /seq_01/frame_00893.png -0.2802 -0.80974 -0.05869 0.80701 -0.58779 0.05129 -0.02483
/seq_01/frame_00851.png /seq_01/frame_00894.png -0.29449 -0.80297 -0.05574 0.7969 -0.60133 0.05348 -0.02224
/seq_01/frame_00851.png /seq_01/frame_00895.png -0.29184 -0.79615 -0.05021 0.78517 -0.61701 0.05 -0.01741
/seq_01/frame_00851.png /seq_01/frame_00896.png -0.27118 -0.79207 -0.04088 0.7542 -0.65491 0.04663 -0.00937
/seq_01/frame_00851.png /seq_01/frame_00897.png -0.27118 -0.79207 -0.04088 0.7542 -0.65491 0.04663 -0.00937
/seq_01/frame_00851.png /seq_01/frame_00898.png -0.26299 -0.79472 -0.04096 0.72576 -0.68614 0.04894 -0.00956
/seq_01/frame_00851.png /seq_01/frame_00899.png -0.26584 -0.79496 -0.04419 0.71935 -0.69232 0.05593 -0.00985
/seq_01/frame_00851.png /seq_01/frame_00900.png -0.26584 -0.79496 -0.04419 0.71935 -0.69232 0.05593 -0.00985
/seq_01/frame_00901.png /seq_01/frame_00902.png -0.01429 0.0016 -0.00635 0.99993 -0.00914 0.00723 0.00262
/seq_01/frame_00901.png /seq_01/frame_00903.png -0.03141 0.00106 -0.01057 0.99982 -0.01451 0.0119 0.00314
/seq_01/frame_00901.png /seq_01/frame_00904.png -0.05046 0.00094 -0.01161 0.99977 -0.01804 0.01119 0.00423
/seq_01/frame_00901.png /seq_01/frame_00905.png -0.09165 -0.00935 -0.01402 0.9998 -0.01719 0.01009 0.00303
/seq_01/frame_00901.png /seq_01/frame_00906.png -0.11244 -0.01404 -0.0158 0.99986 -0.0124 0.01116 0.00141
/seq_01/frame_00901.png /seq_01/frame_00907.png -0.12982 -0.01691 -0.01603 0.99984 -0.01182 0.01369 -0.00149
/seq_01/frame_00901.png /seq_01/frame_00908.png -0.14142 -0.02109 -0.01528 0.99986 -0.00997 0.01313 -0.00014
/seq_01/frame_00901.png /seq_01/frame_00909.png -0.12236 -0.04589 -0.01148 0.99871 -0.04834 0.01552 -0.00076
/seq_01/frame_00901.png /seq_01/frame_00910.png -0.10427 -0.06694 -0.0042 0.99794 -0.06374 0.00686 0.00134
/seq_01/frame_00901.png /seq_01/frame_00911.png -0.10427 -0.06694 -0.0042 0.99794 -0.06374 0.00686 0.00134
/seq_01/frame_00901.png /seq_01/frame_00912.png -0.075 -0.10246 -0.00075 0.99582 -0.09135 0.00078 -0.00253
/seq_01/frame_00901.png /seq_01/frame_00913.png -0.075 -0.10246 -0.00075 0.99582 -0.09135 0.00078 -0.00253
/seq_01/frame_00901.png /seq_01/frame_00914.png -0.06926 -0.12855 -0.0061 0.9892 -0.14627 -0.00092 -0.00926
/seq_01/frame_00901.png /seq_01/frame_00915.png -0.07316 -0.13273 -0.00738 0.98632 -0.16434 0.00036 -0.01271
/seq_01/frame_00901.png /seq_01/frame_00916.png -0.07316 -0.13273 -0.00738 0.98632 -0.16434 0.00036 -0.01271
/seq_01/frame_00901.png /seq_01/frame_00917.png -0.08479 -0.13932 -0.00875 0.98254 -0.18517 -0.00186 -0.01773
/seq_01/frame_00901.png /seq_01/frame_00918.png -0.11283 -0.13988 0.00193 0.98052 -0.19436 -0.01233 -0.02546
/seq_01/frame_00901.png /seq_01/frame_00919.png -0.11283 -0.13988 0.00193 0.98052 -0.19436 -0.01233 -0.02546
/seq_01/frame_00901.png /seq_01/frame_00920.png -0.15351 -0.13642 0.01189 0.9806 -0.19352 -0.012 -0.0287
/seq_01/frame_00901.png /seq_01/frame_00921.png -0.15351 -0.13642 0.01189 0.9806 -0.19352 -0.012 -0.0287
/seq_01/frame_00901.png /seq_01/frame_00922.png -0.15351 -0.13642 0.01189 0.9806 -0.19352 -0.012 -0.0287
/seq_01/frame_00901.png /seq_01/frame_00923.png -0.24849 -0.15181 0.01401 0.97803 -0.20497 -0.01681 -0.03402
/seq_01/frame_00901.png /seq_01/frame_00924.png -0.24849 -0.15181 0.01401 0.97803 -0.20497 -0.01681 -0.03402
/seq_01/frame_00901.png /seq_01/frame_00925.png -0.29928 -0.16437 0.01209 0.97491 -0.21928 -0.01846 -0.03349
/seq_01/frame_00901.png /seq_01/frame_00926.png -0.32232 -0.17103 0.0108 0.9726 -0.22933 -0.01732 -0.03389
/seq_01/frame_00901.png /seq_01/frame_00927.png -0.35027 -0.18085 0.01294 0.96874 -0.24504 -0.01767 -0.03453
/seq_01/frame_00901.png /seq_01/frame_00928.png -0.35027 -0.18085 0.01294 0.96874 -0.24504 -0.01767 -0.03453
/seq_01/frame_00901.png /seq_01/frame_00929.png -0.34959 -0.20166 0.0156 0.9633 -0.26471 -0.01869 -0.04053
/seq_01/frame_00901.png /seq_01/frame_00930.png -0.33643 -0.22289 0.01652 0.95967 -0.27765 -0.01685 -0.04069
/seq_01/frame_00901.png /seq_01/frame_00931.png -0.32496 -0.24855 0.01837 0.95753 -0.28543 -0.01407 -0.03846
/seq_01/frame_00901.png /seq_01/frame_00932.png -0.31636 -0.2979 0.01409 0.95203 -0.30397 -0.00993 -0.03372
/seq_01/frame_00901.png /seq_01/frame_00933.png -0.32442 -0.32007 0.0128 0.9481 -0.31586 -0.00858 -0.03571
/seq_01/frame_00901.png /seq_01/frame_00934.png -0.33483 -0.34266 0.01175 0.94521 -0.32429 -0.01014 -0.03612
/seq_01/frame_00901.png /seq_01/frame_00935.png -0.34572 -0.35984 0.0117 0.94291 -0.33056 -0.01046 -0.03934
/seq_01/frame_00901.png /seq_01/frame_00936.png -0.37657 -0.38252 0.01438 0.93889 -0.34072 -0.01843 -0.04533
/seq_01/frame_00901.png /seq_01/frame_00937.png -0.37657 -0.38252 0.01438 0.93889 -0.34072 -0.01843 -0.04533
/seq_01/frame_00901.png /seq_01/frame_00938.png -0.42917 -0.38845 0.02538 0.94033 -0.33412 -0.03124 -0.05626
/seq_01/frame_00901.png /seq_01/frame_00939.png -0.46259 -0.38372 0.03149 0.94205 -0.32849 -0.03345 -0.05924
/seq_01/frame_00901.png /seq_01/frame_00940.png -0.49925 -0.38104 0.0344 0.94409 -0.32141 -0.03735 -0.06327
/seq_01/frame_00901.png /seq_01/frame_00941.png -0.57437 -0.39187 0.03659 0.9483 -0.30506 -0.04884 -0.07263
/seq_01/frame_00901.png /seq_01/frame_00942.png -0.57437 -0.39187 0.03659 0.9483 -0.30506 -0.04884 -0.07263
/seq_01/frame_00901.png /seq_01/frame_00943.png -0.62544 -0.40059 0.02477 0.95168 -0.29673 -0.04146 -0.06731
/seq_01/frame_00901.png /seq_01/frame_00944.png -0.62544 -0.40059 0.02477 0.95168 -0.29673 -0.04146 -0.06731
/seq_01/frame_00901.png /seq_01/frame_00945.png -0.66281 -0.41266 0.01718 0.95687 -0.28182 -0.04069 -0.05762
/seq_01/frame_00901.png /seq_01/frame_00946.png -0.66873 -0.413 0.0134 0.95773 -0.2806 -0.03752 -0.05103
/seq_01/frame_00901.png /seq_01/frame_00947.png -0.67348 -0.41356 0.00891 0.95816 -0.28058 -0.03279 -0.04623
/seq_01/frame_00901.png /seq_01/frame_00948.png -0.67348 -0.41356 0.00891 0.95816 -0.28058 -0.03279 -0.04623
/seq_01/frame_00901.png /seq_01/frame_00949.png -0.67593 -0.41678 -0.00491 0.96039 -0.27624 -0.01671 -0.03248
/seq_01/frame_00901.png /seq_01/frame_00950.png -0.67724 -0.42408 -0.0188 0.96171 -0.27337 0.00068 -0.01947
